1.0000 0.6728 0.5407 0.4455 0.4796 0.6288 0.3412 0.2687 0.3143 0.5591 0.3341 0.4830 0.1887 0.1784 0.3608 0.6123 0.5565 0.7820 0.6581 0.3999 0.4224 0.2634 0.3904 0.3629 0.4934 0.3777 0.3594 0.5480 0.5289 0.2083 0.2722 0.2109 0.3452 0.1796 0.5326 0.5927 0.6326 0.4614 0.5578 0.6101 0.5884 0.6096 0.5488 0.2809 0.5085 0.4388 0.4074 0.3006 0.7926 0.6433 0.6284 0.5610 0.6122 0.4459 0.4965 0.2647 0.3850 0.1387 0.5258 0.5755 0.2601 0.3735 0.2996 0.2680 0.3122 0.0412 0.1363 0.1941 0.4681 0.3193 0.5308 0.3616 0.6357 0.4526
0.6728 1.0000 0.6011 0.7564 0.6344 0.5577 0.7621 0.4966 0.5216 0.6900 0.6896 0.6400 0.5696 0.5399 0.6608 0.7472 0.7348 0.8094 0.8269 0.5472 0.6151 0.5132 0.5662 0.5791 0.7096 0.4243 0.5212 0.6923 0.6663 0.5184 0.3993 0.2340 0.1812 0.1534 0.7321 0.7222 0.6933 0.7146 0.6788 0.7136 0.6924 0.7633 0.6840 0.6277 0.6838 0.6275 0.4680 0.3514 0.8099 0.8682 0.6970 0.6075 0.6327 0.6647 0.7053 0.6379 0.3975 0.4649 0.6776 0.7539 0.3940 0.3531 0.3931 0.5196 0.0528 0.3754 0.3285 0.2871 0.6046 0.4653 0.6179 0.7106 0.7008 0.7444
0.5407 0.6011 1.0000 0.7842 0.7631 0.8319 0.6635 0.5881 0.5543 0.6090 0.3193 0.6123 0.1902 0.5833 0.4833 0.5094 0.4651 0.6260 0.6166 0.7911 0.7469 0.6484 0.6439 0.5322 0.5510 0.5569 0.5284 0.5761 0.5278 0.6433 0.3930 0.2791 0.2496 0.1926 0.5769 0.5820 0.5954 0.6168 0.5079 0.5530 0.6702 0.6370 0.7598 0.5150 0.6617 0.5792 0.3595 0.3711 0.6151 0.5644 0.6722 0.4896 0.6053 0.3542 0.5599 0.3240 0.6987 0.3559 0.6766 0.6371 0.4196 0.3736 0.4347 0.5141 0.1793 0.3924 0.4213 0.3426 0.4278 0.3653 0.4969 0.4485 0.7078 0.5159
0.4455 0.7564 0.7842 1.0000 0.8449 0.6223 0.8512 0.5548 0.6799 0.6565 0.5149 0.6060 0.4275 0.6899 0.6654 0.6356 0.6555 0.6608 0.7720 0.8350 0.9091 0.7132 0.7337 0.6865 0.7231 0.5798 0.6746 0.7250 0.6604 0.6755 0.4327 0.2043 0.1419 0.1473 0.6101 0.6582 0.5912 0.7526 0.5170 0.5586 0.7158 0.6850 0.7679 0.7222 0.6801 0.5629 0.3336 0.2995 0.6527 0.7110 0.6230 0.4658 0.5323 0.4853 0.7023 0.6440 0.4667 0.5142 0.6460 0.7031 0.3995 0.3394 0.4375 0.6220 -0.0009 0.5260 0.3271 0.2542 0.5540 0.4598 0.6047 0.6718 0.7441 0.7493
0.4796 0.6344 0.7631 0.8449 1.0000 0.6515 0.7455 0.5170 0.7360 0.6295 0.4517 0.5949 0.3249 0.5469 0.6151 0.5983 0.5714 0.6041 0.7027 0.7549 0.8201 0.6792 0.7631 0.6177 0.7074 0.6346 0.6897 0.6912 0.6582 0.5837 0.3685 0.0953 0.1338 0.0617 0.5394 0.5641 0.6093 0.7009 0.4473 0.4935 0.7166 0.6021 0.7452 0.5838 0.6545 0.5589 0.3251 0.2284 0.6113 0.6023 0.5348 0.3304 0.5426 0.3851 0.6360 0.5195 0.4743 0.3679 0.5584 0.6078 0.4280 0.4140 0.4332 0.6371 0.0745 0.4595 0.2585 0.1780 0.4845 0.4033 0.5086 0.5237 0.7082 0.6376
0.6288 0.5577 0.8319 0.6223 0.6515 1.0000 0.5926 0.5520 0.4603 0.5927 0.3633 0.6546 0.2111 0.4733 0.4624 0.5214 0.4643 0.6181 0.5890 0.6920 0.6158 0.5042 0.5354 0.4785 0.5505 0.5894 0.5190 0.5597 0.5394 0.5574 0.4667 0.2666 0.2844 0.1488 0.5856 0.5412 0.6158 0.5124 0.5389 0.5913 0.6026 0.6201 0.7001 0.4315 0.6533 0.6188 0.5041 0.4441 0.6062 0.4818 0.6663 0.4660 0.7036 0.4279 0.5814 0.3155 0.7071 0.3084 0.7320 0.6735 0.4552 0.4466 0.4423 0.4864 0.2997 0.3222 0.4822 0.4556 0.4115 0.3632 0.4933 0.3799 0.6641 0.4328
0.3412 0.7621 0.6635 0.8512 0.7455 0.5926 1.0000 0.5794 0.6767 0.6291 0.6645 0.6164 0.5467 0.6416 0.6613 0.5576 0.5878 0.5771 0.6889 0.6579 0.7322 0.5896 0.5899 0.6181 0.6701 0.4578 0.5849 0.6161 0.6029 0.6014 0.4293 0.1944 0.1118 0.1480 0.5613 0.5449 0.4989 0.6540 0.4504 0.4930 0.5854 0.6232 0.6540 0.6765 0.6238 0.5936 0.3573 0.3367 0.5307 0.6125 0.5595 0.4753 0.5464 0.6301 0.6553 0.6432 0.4979 0.6231 0.6287 0.6902 0.4364 0.3384 0.4841 0.6219 0.0361 0.5775 0.4489 0.3655 0.4588 0.4300 0.4950 0.6213 0.6072 0.6575
0.2687 0.4966 0.5881 0.5548 0.5170 0.5520 0.5794 1.0000 0.5751 0.4694 0.3643 0.5434 0.3003 0.6288 0.5250 0.4382 0.4235 0.3942 0.4806 0.5266 0.5012 0.5952 0.5899 0.3505 0.4229 0.3385 0.3041 0.4474 0.4057 0.5583 0.3425 0.1303 0.0537 0.1239 0.4693 0.4375 0.4651 0.5301 0.3576 0.4088 0.4761 0.5253 0.5660 0.3986 0.5164 0.4752 0.3252 0.1704 0.4138 0.4480 0.4748 0.2454 0.4210 0.3360 0.4458 0.3451 0.5025 0.3112 0.5373 0.5160 0.2863 0.1510 0.2502 0.3667 0.0442 0.3631 0.3571 0.2545 0.2944 0.2796 0.2789 0.3606 0.5703 0.4253
0.3143 0.5216 0.5543 0.6799 0.7360 0.4603 0.6767 0.5751 1.0000 0.5546 0.4263 0.5539 0.4034 0.5522 0.6584 0.4505 0.4123 0.4285 0.5210 0.5175 0.6036 0.5096 0.5336 0.4865 0.4909 0.3574 0.4182 0.5237 0.4458 0.4723 0.2520 -0.0128 0.0429 0.0177 0.3986 0.4616 0.4050 0.6039 0.2727 0.3043 0.5545 0.4704 0.5816 0.4089 0.5433 0.3786 0.1714 0.1331 0.4537 0.4818 0.4606 0.2722 0.4489 0.3837 0.5037 0.4337 0.3755 0.4009 0.4105 0.4944 0.2614 0.2064 0.2178 0.4197 -0.0966 0.4079 0.2228 0.1037 0.3329 0.3116 0.3890 0.4001 0.5679 0.4758
0.5591 0.6900 0.6090 0.6565 0.6295 0.5927 0.6291 0.4694 0.5546 1.0000 0.5566 0.8169 0.4544 0.6331 0.5821 0.5889 0.4790 0.6140 0.5886 0.5067 0.5687 0.3894 0.4306 0.5935 0.5899 0.3435 0.4230 0.5477 0.4779 0.4592 0.2040 0.1874 0.1700 0.1029 0.5000 0.5428 0.4531 0.6063 0.3968 0.4579 0.5741 0.5907 0.6607 0.4577 0.6308 0.4773 0.3054 0.2970 0.5507 0.5290 0.5797 0.4697 0.7187 0.5918 0.6315 0.4631 0.5219 0.4393 0.4839 0.5275 0.2767 0.2152 0.3889 0.4977 0.0449 0.4232 0.3857 0.2648 0.4128 0.3417 0.4639 0.4517 0.6193 0.5117
0.3341 0.6896 0.3193 0.5149 0.4517 0.3633 0.6645 0.3643 0.4263 0.5566 1.0000 0.6723 0.8324 0.4730 0.7121 0.4602 0.4850 0.4156 0.5061 0.3815 0.4076 0.3144 0.4015 0.4092 0.5884 0.4248 0.5019 0.4459 0.5263 0.3835 0.3927 -0.0058 -0.1222 0.0251 0.5236 0.4255 0.4324 0.4203 0.4416 0.4382 0.3954 0.4904 0.4094 0.4592 0.4651 0.5044 0.3946 0.1670 0.4338 0.4619 0.3919 0.3016 0.4031 0.5374 0.5287 0.5384 0.2915 0.4844 0.4324 0.5084 0.4320 0.3981 0.2862 0.4282 0.0601 0.3285 0.2597 0.2125 0.4181 0.3740 0.3453 0.5018 0.4258 0.4912
0.4830 0.6400 0.6123 0.6060 0.5949 0.6546 0.6164 0.5434 0.5539 0.8169 0.6723 1.0000 0.6418 0.7108 0.7430 0.4675 0.4154 0.5039 0.5196 0.5226 0.5256 0.3850 0.4391 0.5259 0.5664 0.4672 0.4941 0.5174 0.4547 0.4942 0.3440 0.0426 -0.0273 -0.0139 0.5370 0.5439 0.4638 0.5804 0.4155 0.4652 0.5585 0.5525 0.6390 0.4177 0.6314 0.4967 0.3574 0.2292 0.5276 0.4837 0.5695 0.3676 0.6869 0.5094 0.6415 0.4589 0.5551 0.3724 0.5138 0.5429 0.3851 0.3329 0.3305 0.4579 0.0497 0.3799 0.3977 0.2534 0.3920 0.3416 0.4622 0.4475 0.6256 0.4375
0.1887 0.5696 0.1902 0.4275 0.3249 0.2111 0.5467 0.3003 0.4034 0.4544 0.8324 0.6418 1.0000 0.5264 0.7430 0.3342 0.3482 0.2721 0.3767 0.2784 0.3239 0.2363 0.2898 0.3798 0.4317 0.3417 0.4375 0.3837 0.3866 0.3536 0.3424 -0.0994 -0.2626 -0.0975 0.4222 0.3806 0.3214 0.4206 0.3293 0.3152 0.3345 0.3737 0.3302 0.4211 0.3991 0.3288 0.2885 0.0733 0.3532 0.4208 0.3102 0.2096 0.2900 0.4248 0.4671 0.5298 0.1510 0.3918 0.3241 0.4275 0.3571 0.2904 0.1915 0.3280 -0.0617 0.3296 0.2110 0.0943 0.3374 0.2882 0.3055 0.4853 0.3581 0.4334
0.1784 0.5399 0.5833 0.6899 0.5469 0.4733 0.6416 0.6288 0.5522 0.6331 0.4730 0.7108 0.5264 1.0000 0.7101 0.4599 0.4518 0.4405 0.5101 0.6476 0.6464 0.5368 0.4835 0.6599 0.5694 0.4421 0.5052 0.5131 0.4043 0.6226 0.3578 0.1705 0.0216 0.1411 0.4945 0.5280 0.3577 0.6099 0.3929 0.4320 0.4839 0.4783 0.5710 0.5019 0.5860 0.4735 0.2882 0.3127 0.4109 0.4700 0.4917 0.3054 0.4580 0.4137 0.6163 0.5742 0.4288 0.3983 0.4883 0.5079 0.3498 0.1885 0.3759 0.4834 -0.0837 0.5176 0.4731 0.3040 0.4083 0.3969 0.4942 0.5566 0.6065 0.5333
0.3608 0.6608 0.4833 0.6654 0.6151 0.4624 0.6613 0.5250 0.6584 0.5821 0.7121 0.7430 0.7430 0.7101 1.0000 0.4755 0.5187 0.4891 0.5988 0.5558 0.5887 0.4115 0.5057 0.5091 0.6230 0.5386 0.6074 0.5881 0.5299 0.5110 0.4231 -0.0887 -0.1392 -0.0606 0.5389 0.5406 0.4643 0.5963 0.4541 0.4511 0.5347 0.5528 0.5569 0.5346 0.6146 0.4802 0.3628 0.1863 0.5458 0.5795 0.5022 0.3099 0.4604 0.4470 0.6214 0.6057 0.3201 0.4271 0.4769 0.5682 0.4338 0.3947 0.2400 0.5126 -0.0687 0.4270 0.2590 0.1233 0.4153 0.3705 0.4546 0.5383 0.6185 0.5878
0.6123 0.7472 0.5094 0.6356 0.5983 0.5214 0.5576 0.4382 0.4505 0.5889 0.4602 0.4675 0.3342 0.4599 0.4755 1.0000 0.8167 0.7464 0.7655 0.5915 0.6253 0.5474 0.6320 0.7068 0.7554 0.5260 0.5613 0.7538 0.7268 0.5142 0.4153 0.3613 0.3553 0.2830 0.7248 0.7158 0.7662 0.7158 0.6934 0.7371 0.7184 0.7086 0.6716 0.5715 0.6533 0.6619 0.5899 0.4077 0.7835 0.7644 0.5998 0.4303 0.5531 0.5475 0.7070 0.6446 0.3120 0.2824 0.6895 0.7312 0.2460 0.2160 0.3403 0.4635 0.0710 0.2854 0.2588 0.2456 0.7755 0.6260 0.6775 0.6935 0.7263 0.7272
0.5565 0.7348 0.4651 0.6555 0.5714 0.4643 0.5878 0.4235 0.4123 0.4790 0.4850 0.4154 0.3482 0.4518 0.5187 0.8167 1.0000 0.7454 0.7902 0.5929 0.6614 0.5357 0.6404 0.6444 0.7818 0.5439 0.5855 0.7687 0.7769 0.4790 0.4518 0.3032 0.3244 0.2898 0.6913 0.7021 0.7300 0.6557 0.6823 0.7318 0.6565 0.6733 0.5978 0.6180 0.6190 0.6577 0.5563 0.3972 0.7404 0.8170 0.5092 0.3963 0.4700 0.4909 0.7122 0.7731 0.1986 0.2078 0.6761 0.7161 0.2635 0.2576 0.3702 0.4698 0.1070 0.2747 0.1994 0.2595 0.7214 0.6797 0.6591 0.7436 0.6532 0.7831
0.7820 0.8094 0.6260 0.6608 0.6041 0.6181 0.5771 0.3942 0.4285 0.6140 0.4156 0.5039 0.2721 0.4405 0.4891 0.7464 0.7454 1.0000 0.8664 0.5819 0.6244 0.4326 0.5074 0.5799 0.6728 0.4682 0.5069 0.7393 0.6905 0.4188 0.4026 0.3459 0.3879 0.2613 0.6712 0.6852 0.7138 0.6285 0.6732 0.7508 0.6787 0.7199 0.6326 0.5097 0.6349 0.6401 0.4989 0.4782 0.8341 0.8013 0.7122 0.6377 0.6540 0.5866 0.6983 0.5597 0.3590 0.2618 0.7012 0.7384 0.3465 0.3792 0.4258 0.4480 0.2200 0.2807 0.3220 0.3363 0.5716 0.4394 0.6485 0.6113 0.7138 0.6925
0.6581 0.8269 0.6166 0.7720 0.7027 0.5890 0.6889 0.4806 0.5210 0.5886 0.5061 0.5196 0.3767 0.5101 0.5988 0.7655 0.7902 0.8664 1.0000 0.6860 0.7415 0.5463 0.6304 0.6434 0.7734 0.5861 0.6368 0.8463 0.7978 0.5289 0.4948 0.2828 0.2819 0.2473 0.6635 0.6880 0.7115 0.7037 0.6502 0.7066 0.7123 0.7417 0.6813 0.6308 0.6753 0.6428 0.5260 0.4224 0.8104 0.8181 0.6672 0.5530 0.5645 0.5171 0.7361 0.7082 0.2791 0.2907 0.7022 0.7695 0.3933 0.3988 0.4517 0.5551 0.1530 0.3804 0.3151 0.3034 0.6127 0.4910 0.6548 0.6713 0.7565 0.7703
0.3999 0.5472 0.7911 0.8350 0.7549 0.6920 0.6579 0.5266 0.5175 0.5067 0.3815 0.5226 0.2784 0.6476 0.5558 0.5915 0.5929 0.5819 0.6860 1.0000 0.9300 0.7140 0.7457 0.6467 0.6557 0.7470 0.7378 0.7157 0.6745 0.6959 0.5547 0.2471 0.1798 0.2194 0.5593 0.5608 0.5879 0.6013 0.5167 0.5673 0.6386 0.5784 0.6811 0.6014 0.6276 0.6084 0.4522 0.3788 0.5748 0.5615 0.5608 0.3477 0.4436 0.3179 0.6625 0.5588 0.4658 0.3667 0.6610 0.6432 0.4537 0.4197 0.4578 0.5541 0.1662 0.4317 0.3360 0.3345 0.5246 0.4512 0.5632 0.5530 0.7309 0.6449
0.4224 0.6151 0.7469 0.9091 0.8201 0.6158 0.7322 0.5012 0.6036 0.5687 0.4076 0.5256 0.3239 0.6464 0.5887 0.6253 0.6614 0.6244 0.7415 0.9300 1.0000 0.7055 0.7545 0.7018 0.7089 0.6962 0.7602 0.7524 0.7071 0.6531 0.4912 0.2356 0.1916 0.2100 0.5586 0.6035 0.5870 0.6806 0.4934 0.5535 0.6841 0.6059 0.7035 0.6532 0.6525 0.5742 0.4008 0.3329 0.6122 0.6401 0.5484 0.3753 0.4616 0.3907 0.6957 0.6456 0.3911 0.3982 0.6243 0.6550 0.3982 0.3908 0.4444 0.5712 0.0790 0.4636 0.2914 0.2715 0.5533 0.4691 0.6026 0.6171 0.7386 0.7130
0.2634 0.5132 0.6484 0.7132 0.6792 0.5042 0.5896 0.5952 0.5096 0.3894 0.3144 0.3850 0.2363 0.5368 0.4115 0.5474 0.5357 0.4326 0.5463 0.7140 0.7055 1.0000 0.8426 0.5439 0.5387 0.5440 0.5279 0.5616 0.5067 0.6737 0.3669 0.2510 0.1085 0.1814 0.6255 0.5786 0.5701 0.6291 0.5783 0.5600 0.6197 0.5044 0.6584 0.5678 0.5720 0.5084 0.3822 0.2437 0.4882 0.5482 0.4591 0.2052 0.2932 0.2112 0.5190 0.4740 0.3278 0.2226 0.5760 0.5651 0.3556 0.2578 0.3414 0.5342 -0.0382 0.4028 0.2887 0.2263 0.5497 0.4385 0.5457 0.6453 0.6257 0.6307
0.3904 0.5662 0.6439 0.7337 0.7631 0.5354 0.5899 0.5899 0.5336 0.4306 0.4015 0.4391 0.2898 0.4835 0.5057 0.6320 0.6404 0.5074 0.6304 0.7457 0.7545 0.8426 1.0000 0.5097 0.6253 0.6388 0.6310 0.6665 0.6422 0.6384 0.4538 0.1874 0.1443 0.1260 0.6245 0.5802 0.6446 0.6414 0.5807 0.5841 0.6593 0.5648 0.6828 0.5958 0.5900 0.5523 0.4635 0.1866 0.5863 0.6093 0.4612 0.1791 0.3287 0.2372 0.5505 0.5069 0.3367 0.2232 0.5862 0.5994 0.4179 0.3701 0.3337 0.5357 0.0710 0.3826 0.1926 0.1892 0.5360 0.4185 0.5013 0.5958 0.6696 0.6636
0.3629 0.5791 0.5322 0.6865 0.6177 0.4785 0.6181 0.3505 0.4865 0.5935 0.4092 0.5259 0.3798 0.6599 0.5091 0.7068 0.6444 0.5799 0.6434 0.6467 0.7018 0.5439 0.5097 1.0000 0.7763 0.5703 0.6553 0.6875 0.6130 0.5384 0.3954 0.4164 0.3217 0.3586 0.6268 0.6778 0.5437 0.6858 0.5495 0.5939 0.6298 0.5403 0.6078 0.5837 0.6364 0.5752 0.4570 0.4898 0.5566 0.5794 0.5138 0.3843 0.5106 0.5052 0.7424 0.7311 0.2964 0.2992 0.5992 0.6311 0.1979 0.1633 0.4819 0.5433 0.0253 0.4235 0.4176 0.3300 0.7459 0.6960 0.7474 0.7110 0.6400 0.6358
0.4934 0.7096 0.5510 0.7231 0.7074 0.5505 0.6701 0.4229 0.4909 0.5899 0.5884 0.5664 0.4317 0.5694 0.6230 0.7554 0.7818 0.6728 0.7734 0.6557 0.7089 0.5387 0.6253 0.7763 1.0000 0.6381 0.7002 0.7652 0.7524 0.5343 0.4623 0.2895 0.2370 0.2213 0.6702 0.6823 0.6628 0.6826 0.6312 0.6447 0.6848 0.6551 0.6545 0.5977 0.6400 0.6352 0.5147 0.3798 0.6706 0.6942 0.5380 0.3805 0.5109 0.4930 0.7540 0.7390 0.3040 0.3008 0.6347 0.6843 0.3510 0.3398 0.4513 0.6226 0.0917 0.3480 0.3264 0.2688 0.7066 0.6481 0.6346 0.6983 0.6784 0.7122
0.3777 0.4243 0.5569 0.5798 0.6346 0.5894 0.4578 0.3385 0.3574 0.3435 0.4248 0.4672 0.3417 0.4421 0.5386 0.5260 0.5439 0.4682 0.5861 0.7470 0.6962 0.5440 0.6388 0.5703 0.6381 1.0000 0.9111 0.6696 0.6801 0.5279 0.5486 0.1259 0.0655 0.1054 0.5550 0.5213 0.5799 0.4680 0.5280 0.5297 0.5499 0.4518 0.4889 0.4632 0.5318 0.5454 0.5316 0.3355 0.5283 0.4661 0.3887 0.1972 0.3094 0.1911 0.5978 0.5486 0.2572 0.0780 0.5579 0.5455 0.5532 0.5967 0.4189 0.5174 0.2452 0.3494 0.2348 0.2510 0.5242 0.4496 0.5075 0.4834 0.5892 0.5081
0.3594 0.5212 0.5284 0.6746 0.6897 0.5190 0.5849 0.3041 0.4182 0.4230 0.5019 0.4941 0.4375 0.5052 0.6074 0.5613 0.5855 0.5069 0.6368 0.7378 0.7602 0.5279 0.6310 0.6553 0.7002 0.9111 1.0000 0.6798 0.6783 0.5296 0.5335 0.1219 0.0427 0.0912 0.5603 0.5498 0.5336 0.5257 0.5106 0.5196 0.5578 0.4687 0.5051 0.5478 0.5603 0.5362 0.4793 0.3323 0.5376 0.5247 0.3810 0.2524 0.3440 0.3129 0.6407 0.6457 0.2382 0.2112 0.5343 0.5668 0.5560 0.5894 0.4591 0.5778 0.1697 0.4197 0.2623 0.2524 0.5534 0.4542 0.5562 0.5651 0.5872 0.5862
0.5480 0.6923 0.5761 0.7250 0.6912 0.5597 0.6161 0.4474 0.5237 0.5477 0.4459 0.5174 0.3837 0.5131 0.5881 0.7538 0.7687 0.7393 0.8463 0.7157 0.7524 0.5616 0.6665 0.6875 0.7652 0.6696 0.6798 1.0000 0.8901 0.6086 0.5662 0.2722 0.2872 0.2107 0.6409 0.6904 0.7611 0.7376 0.6244 0.6717 0.7539 0.6997 0.7079 0.6463 0.6746 0.6270 0.5613 0.3803 0.7598 0.7523 0.6153 0.3991 0.5214 0.4351 0.7817 0.7401 0.2670 0.2231 0.7416 0.7957 0.3344 0.3542 0.4072 0.5177 0.1132 0.3802 0.2634 0.2687 0.6331 0.5431 0.6575 0.6691 0.7598 0.7665
0.5289 0.6663 0.5278 0.6604 0.6582 0.5394 0.6029 0.4057 0.4458 0.4779 0.5263 0.4547 0.3866 0.4043 0.5299 0.7268 0.7769 0.6905 0.7978 0.6745 0.7071 0.5067 0.6422 0.6130 0.7524 0.6801 0.6783 0.8901 1.0000 0.5267 0.5667 0.2555 0.3027 0.2808 0.6077 0.6112 0.7561 0.6150 0.5957 0.6460 0.6684 0.6743 0.6147 0.6262 0.6071 0.6849 0.5881 0.3806 0.6782 0.6760 0.4976 0.3338 0.4716 0.4363 0.7220 0.7099 0.2586 0.2761 0.6891 0.7273 0.3378 0.3903 0.4328 0.5058 0.2362 0.3368 0.2162 0.2691 0.6194 0.5757 0.5391 0.5981 0.6484 0.7196
0.2083 0.5184 0.6433 0.6755 0.5837 0.5574 0.6014 0.5583 0.4723 0.4592 0.3835 0.4942 0.3536 0.6226 0.5110 0.5142 0.4790 0.4188 0.5289 0.6959 0.6531 0.6737 0.6384 0.5384 0.5343 0.5279 0.5296 0.6086 0.5267 1.0000 0.6321 0.2759 0.1407 0.1490 0.6210 0.5737 0.5769 0.6132 0.5488 0.5445 0.5476 0.5239 0.6544 0.5847 0.6141 0.5656 0.4499 0.3179 0.4415 0.5036 0.5036 0.2262 0.3576 0.2614 0.5304 0.4624 0.4726 0.3635 0.7246 0.6662 0.3904 0.2593 0.3026 0.5038 -0.0557 0.4667 0.4548 0.3703 0.4492 0.4041 0.4610 0.5705 0.6039 0.5854
0.2722 0.3993 0.3930 0.4327 0.3685 0.4667 0.4293 0.3425 0.2520 0.2040 0.3927 0.3440 0.3424 0.3578 0.4231 0.4153 0.4518 0.4026 0.4948 0.5547 0.4912 0.3669 0.4538 0.3954 0.4623 0.5486 0.5335 0.5662 0.5667 0.6321 1.0000 0.2791 0.2013 0.2050 0.5070 0.4126 0.5090 0.3319 0.5166 0.5384 0.3600 0.4130 0.3909 0.4343 0.4585 0.5412 0.5746 0.4086 0.4198 0.3971 0.3990 0.2543 0.2762 0.2756 0.4778 0.4240 0.2864 0.2424 0.6602 0.6285 0.4595 0.4530 0.3338 0.3538 0.2048 0.2549 0.4104 0.4651 0.3907 0.3459 0.4060 0.4062 0.4513 0.4307
0.2109 0.2340 0.2791 0.2043 0.0953 0.2666 0.1944 0.1303 -0.0128 0.1874 -0.0058 0.0426 -0.0994 0.1705 -0.0887 0.3613 0.3032 0.3459 0.2828 0.2471 0.2356 0.2510 0.1874 0.4164 0.2895 0.1259 0.1219 0.2722 0.2555 0.2759 0.2791 1.0000 0.7274 0.6836 0.4216 0.3927 0.3063 0.2231 0.4680 0.5074 0.2467 0.2729 0.2424 0.2292 0.2973 0.3942 0.4767 0.6344 0.2713 0.2506 0.3442 0.3084 0.2673 0.2684 0.3114 0.2409 0.2113 0.0872 0.4516 0.3561 0.0170 0.0146 0.3118 0.1888 0.2580 0.1341 0.5006 0.5321 0.3969 0.3813 0.4488 0.3679 0.2409 0.2605
0.3452 0.1812 0.2496 0.1419 0.1338 0.2844 0.1118 0.0537 0.0429 0.1700 -0.1222 -0.0273 -0.2626 0.0216 -0.1392 0.3553 0.3244 0.3879 0.2819 0.1798 0.1916 0.1085 0.1443 0.3217 0.2370 0.0655 0.0427 0.2872 0.3027 0.1407 0.2013 0.7274 1.0000 0.6198 0.3089 0.3376 0.3257 0.1818 0.3564 0.4439 0.2504 0.2931 0.2333 0.1490 0.2320 0.3806 0.4135 0.5917 0.2673 0.2075 0.2877 0.3150 0.3252 0.2428 0.2392 0.1520 0.2274 0.0566 0.3926 0.3229 -0.1164 -0.0126 0.2453 0.0802 0.3440 0.0514 0.3573 0.4381 0.3054 0.3597 0.3481 0.2021 0.2074 0.1963
0.1796 0.1534 0.1926 0.1473 0.0617 0.1488 0.1480 0.1239 0.0177 0.1029 0.0251 -0.0139 -0.0975 0.1411 -0.0606 0.2830 0.2898 0.2613 0.2473 0.2194 0.2100 0.1814 0.1260 0.3586 0.2213 0.1054 0.0912 0.2107 0.2808 0.1490 0.2050 0.6836 0.6198 1.0000 0.2493 0.2609 0.1882 0.0645 0.3245 0.3569 0.1068 0.1591 0.0742 0.0952 0.1640 0.3454 0.3406 0.5044 0.1539 0.1412 0.1604 0.2081 0.1294 0.1509 0.2079 0.2277 0.0696 0.0496 0.2679 0.1914 -0.1361 -0.0746 0.2257 0.0531 0.3175 0.0172 0.2799 0.3323 0.3774 0.4633 0.3756 0.2674 0.2275 0.2003
0.5326 0.7321 0.5769 0.6101 0.5394 0.5856 0.5613 0.4693 0.3986 0.5000 0.5236 0.5370 0.4222 0.4945 0.5389 0.7248 0.6913 0.6712 0.6635 0.5593 0.5586 0.6255 0.6245 0.6268 0.6702 0.5550 0.5603 0.6409 0.6077 0.6210 0.5070 0.4216 0.3089 0.2493 1.0000 0.8607 0.8219 0.7168 0.9080 0.8924 0.7353 0.7177 0.6883 0.6208 0.7522 0.7611 0.6411 0.5032 0.7369 0.7264 0.6714 0.4346 0.5336 0.5147 0.6725 0.5694 0.3958 0.2829 0.8070 0.8004 0.3798 0.3554 0.2990 0.4314 0.0648 0.3148 0.4006 0.3864 0.7228 0.6091 0.7365 0.7834 0.6912 0.7190
0.5927 0.7222 0.5820 0.6582 0.5641 0.5412 0.5449 0.4375 0.4616 0.5428 0.4255 0.5439 0.3806 0.5280 0.5406 0.7158 0.7021 0.6852 0.6880 0.5608 0.6035 0.5786 0.5802 0.6778 0.6823 0.5213 0.5498 0.6904 0.6112 0.5737 0.4126 0.3927 0.3376 0.2609 0.8607 1.0000 0.7869 0.8051 0.8126 0.8245 0.7944 0.7397 0.7235 0.5970 0.7200 0.5914 0.5101 0.4550 0.7511 0.7663 0.6787 0.4988 0.5550 0.4680 0.6682 0.5957 0.3569 0.2197 0.7210 0.7740 0.2483 0.2565 0.3063 0.4362 0.0428 0.3211 0.3106 0.2689 0.7343 0.6377 0.7740 0.7700 0.7569 0.7298
0.6326 0.6933 0.5954 0.5912 0.6093 0.6158 0.4989 0.4651 0.4050 0.4531 0.4324 0.4638 0.3214 0.3577 0.4643 0.7662 0.7300 0.7138 0.7115 0.5879 0.5870 0.5701 0.6446 0.5437 0.6628 0.5799 0.5336 0.7611 0.7561 0.5769 0.5090 0.3063 0.3257 0.1882 0.8219 0.7869 1.0000 0.7776 0.7850 0.8051 0.8348 0.7786 0.7384 0.5937 0.6876 0.6891 0.5993 0.3778 0.7915 0.7541 0.6496 0.4079 0.5316 0.4269 0.6329 0.5193 0.3970 0.2010 0.8166 0.8198 0.2848 0.3069 0.2864 0.3869 0.1397 0.2172 0.1968 0.2343 0.6701 0.5487 0.6204 0.6496 0.7455 0.7160
0.4614 0.7146 0.6168 0.7526 0.7009 0.5124 0.6540 0.5301 0.6039 0.6063 0.4203 0.5804 0.4206 0.6099 0.5963 0.7158 0.6557 0.6285 0.7037 0.6013 0.6806 0.6291 0.6414 0.6858 0.6826 0.4680 0.5257 0.7376 0.6150 0.6132 0.3319 0.2231 0.1818 0.0645 0.7168 0.8051 0.7776 1.0000 0.6218 0.6514 0.8805 0.7833 0.8278 0.6880 0.7270 0.5434 0.3929 0.2814 0.7221 0.7609 0.6654 0.4351 0.5680 0.5009 0.6909 0.6269 0.3925 0.3356 0.6708 0.7589 0.2155 0.1529 0.2906 0.4904 -0.1517 0.3941 0.2320 0.1342 0.6339 0.5085 0.6786 0.7125 0.7971 0.7477
0.5578 0.6788 0.5079 0.5170 0.4473 0.5389 0.4504 0.3576 0.2727 0.3968 0.4416 0.4155 0.3293 0.3929 0.4541 0.6934 0.6823 0.6732 0.6502 0.5167 0.4934 0.5783 0.5807 0.5495 0.6312 0.5280 0.5106 0.6244 0.5957 0.5488 0.5166 0.4680 0.3564 0.3245 0.9080 0.8126 0.7850 0.6218 1.0000 0.9195 0.6750 0.6904 0.6209 0.5579 0.7265 0.7110 0.7133 0.5811 0.7358 0.7045 0.6560 0.4558 0.4836 0.4416 0.6102 0.5222 0.2982 0.1902 0.7718 0.7610 0.3863 0.3977 0.2984 0.4037 0.1132 0.2092 0.3610 0.3753 0.7181 0.5644 0.7529 0.7622 0.6641 0.7123
0.6101 0.7136 0.5530 0.5586 0.4935 0.5913 0.4930 0.4088 0.3043 0.4579 0.4382 0.4652 0.3152 0.4320 0.4511 0.7371 0.7318 0.7508 0.7066 0.5673 0.5535 0.5600 0.5841 0.5939 0.6447 0.5297 0.5196 0.6717 0.6460 0.5445 0.5384 0.5074 0.4439 0.3569 0.8924 0.8245 0.8051 0.6514 0.9195 1.0000 0.6938 0.7216 0.6433 0.5603 0.7340 0.7974 0.7216 0.6424 0.7631 0.7408 0.6869 0.5415 0.5814 0.5330 0.6852 0.5707 0.3659 0.2061 0.8273 0.8109 0.3686 0.4069 0.3346 0.4245 0.1708 0.2527 0.3916 0.4424 0.7039 0.5835 0.7710 0.7581 0.6891 0.7217
0.5884 0.6924 0.6702 0.7158 0.7166 0.6026 0.5854 0.4761 0.5545 0.5741 0.3954 0.5585 0.3345 0.4839 0.5347 0.7184 0.6565 0.6787 0.7123 0.6386 0.6841 0.6197 0.6593 0.6298 0.6848 0.5499 0.5578 0.7539 0.6684 0.5476 0.3600 0.2467 0.2504 0.1068 0.7353 0.7944 0.8348 0.8805 0.6750 0.6938 1.0000 0.8104 0.8736 0.6586 0.7320 0.5830 0.4599 0.3193 0.7738 0.7448 0.7207 0.4652 0.5938 0.4433 0.6980 0.5566 0.4025 0.2425 0.6829 0.7568 0.2564 0.2528 0.2992 0.4625 -0.0003 0.3087 0.1974 0.1388 0.6477 0.5150 0.6651 0.6481 0.8122 0.7120
0.6096 0.7633 0.6370 0.6850 0.6021 0.6201 0.6232 0.5253 0.4704 0.5907 0.4904 0.5525 0.3737 0.4783 0.5528 0.7086 0.6733 0.7199 0.7417 0.5784 0.6059 0.5044 0.5648 0.5403 0.6551 0.4518 0.4687 0.6997 0.6743 0.5239 0.4130 0.2729 0.2931 0.1591 0.7177 0.7397 0.7786 0.7833 0.6904 0.7216 0.8104 1.0000 0.8123 0.7283 0.7271 0.6546 0.5232 0.4062 0.7638 0.7462 0.7464 0.5997 0.6344 0.5708 0.6643 0.5279 0.4717 0.3999 0.7301 0.7881 0.3023 0.2787 0.3099 0.4363 0.0679 0.3050 0.2831 0.2464 0.5958 0.4881 0.5659 0.6118 0.7457 0.6983
0.5488 0.6840 0.7598 0.7679 0.7452 0.7001 0.6540 0.5660 0.5816 0.6607 0.4094 0.6390 0.3302 0.5710 0.5569 0.6716 0.5978 0.6326 0.6813 0.6811 0.7035 0.6584 0.6828 0.6078 0.6545 0.4889 0.5051 0.7079 0.6147 0.6544 0.3909 0.2424 0.2333 0.0742 0.6883 0.7235 0.7384 0.8278 0.6209 0.6433 0.8736 0.8123 1.0000 0.7226 0.8141 0.5966 0.4546 0.3170 0.7205 0.6744 0.7501 0.4429 0.6472 0.4394 0.6797 0.4810 0.5468 0.3316 0.7160 0.7552 0.3306 0.2611 0.3602 0.5495 0.0009 0.4072 0.3419 0.2531 0.5637 0.4503 0.5918 0.5856 0.7937 0.6633
0.2809 0.6277 0.5150 0.7222 0.5838 0.4315 0.6765 0.3986 0.4089 0.4577 0.4592 0.4177 0.4211 0.5019 0.5346 0.5715 0.6180 0.5097 0.6308 0.6014 0.6532 0.5678 0.5958 0.5837 0.5977 0.4632 0.5478 0.6463 0.6262 0.5847 0.4343 0.2292 0.1490 0.0952 0.6208 0.5970 0.5937 0.6880 0.5579 0.5603 0.6586 0.7283 0.7226 1.0000 0.6423 0.5688 0.4335 0.3434 0.5536 0.6289 0.5211 0.3563 0.3680 0.4378 0.6199 0.6457 0.2655 0.4387 0.6155 0.6809 0.3246 0.2572 0.3458 0.5713 -0.0485 0.4902 0.2937 0.2395 0.5424 0.4542 0.4917 0.6696 0.5754 0.7550
0.5085 0.6838 0.6617 0.6801 0.6545 0.6533 0.6238 0.5164 0.5433 0.6308 0.4651 0.6314 0.3991 0.5860 0.6146 0.6533 0.6190 0.6349 0.6753 0.6276 0.6525 0.5720 0.5900 0.6364 0.6400 0.5318 0.5603 0.6746 0.6071 0.6141 0.4585 0.2973 0.2320 0.1640 0.7522 0.7200 0.6876 0.7270 0.7265 0.7340 0.7320 0.7271 0.8141 0.6423 1.0000 0.7156 0.6367 0.4973 0.6879 0.6556 0.6840 0.4218 0.6277 0.5173 0.7130 0.5631 0.4586 0.3197 0.7238 0.7458 0.3906 0.3283 0.3747 0.5266 -0.0006 0.4255 0.4123 0.3328 0.5667 0.4887 0.6445 0.6244 0.7118 0.6573
0.4388 0.6275 0.5792 0.5629 0.5589 0.6188 0.5936 0.4752 0.3786 0.4773 0.5044 0.4967 0.3288 0.4735 0.4802 0.6619 0.6577 0.6401 0.6428 0.6084 0.5742 0.5084 0.5523 0.5752 0.6352 0.5454 0.5362 0.6270 0.6849 0.5656 0.5412 0.3942 0.3806 0.3454 0.7611 0.5914 0.6891 0.5434 0.7110 0.7974 0.5830 0.6546 0.5966 0.5688 0.7156 1.0000 0.7040 0.6143 0.5899 0.5537 0.5527 0.3760 0.5391 0.5327 0.6745 0.5600 0.4499 0.3452 0.7731 0.7068 0.3690 0.3801 0.4062 0.4927 0.1777 0.3384 0.4361 0.4361 0.5776 0.5867 0.5464 0.5877 0.5625 0.6057
0.4074 0.4680 0.3595 0.3336 0.3251 0.5041 0.3573 0.3252 0.1714 0.3054 0.3946 0.3574 0.2885 0.2882 0.3628 0.5899 0.5563 0.4989 0.5260 0.4522 0.4008 0.3822 0.4635 0.4570 0.5147 0.5316 0.4793 0.5613 0.5881 0.4499 0.5746 0.4767 0.4135 0.3406 0.6411 0.5101 0.5993 0.3929 0.7133 0.7216 0.4599 0.5232 0.4546 0.4335 0.6367 0.7040 1.0000 0.6634 0.5273 0.4456 0.4716 0.3123 0.3817 0.3406 0.5426 0.4558 0.2435 0.1043 0.6599 0.6056 0.3512 0.3905 0.3501 0.3677 0.2441 0.1837 0.4255 0.4385 0.5338 0.4976 0.4979 0.4551 0.4582 0.4438
0.3006 0.3514 0.3711 0.2995 0.2284 0.4441 0.3367 0.1704 0.1331 0.2970 0.1670 0.2292 0.0733 0.3127 0.1863 0.4077 0.3972 0.4782 0.4224 0.3788 0.3329 0.2437 0.1866 0.4898 0.3798 0.3355 0.3323 0.3803 0.3806 0.3179 0.4086 0.6344 0.5917 0.5044 0.5032 0.4550 0.3778 0.2814 0.5811 0.6424 0.3193 0.4062 0.3170 0.3434 0.4973 0.6143 0.6634 1.0000 0.3786 0.3324 0.4523 0.4965 0.4190 0.4180 0.4666 0.3968 0.2843 0.1982 0.5487 0.4864 0.2557 0.2918 0.4091 0.2970 0.2655 0.2339 0.5643 0.5644 0.4302 0.4674 0.5315 0.4399 0.3417 0.3879
0.7926 0.8099 0.6151 0.6527 0.6113 0.6062 0.5307 0.4138 0.4537 0.5507 0.4338 0.5276 0.3532 0.4109 0.5458 0.7835 0.7404 0.8341 0.8104 0.5748 0.6122 0.4882 0.5863 0.5566 0.6706 0.5283 0.5376 0.7598 0.6782 0.4415 0.4198 0.2713 0.2673 0.1539 0.7369 0.7511 0.7915 0.7221 0.7358 0.7631 0.7738 0.7638 0.7205 0.5536 0.6879 0.5899 0.5273 0.3786 1.0000 0.8779 0.7786 0.5982 0.6416 0.5239 0.7067 0.5466 0.3507 0.2265 0.7090 0.7744 0.3441 0.3873 0.2785 0.3739 0.1021 0.2124 0.2100 0.1997 0.6638 0.4816 0.7220 0.6636 0.7939 0.7142
0.6433 0.8682 0.5644 0.7110 0.6023 0.4818 0.6125 0.4480 0.4818 0.5290 0.4619 0.4837 0.4208 0.4700 0.5795 0.7644 0.8170 0.8013 0.8181 0.5615 0.6401 0.5482 0.6093 0.5794 0.6942 0.4661 0.5247 0.7523 0.6760 0.5036 0.3971 0.2506 0.2075 0.1412 0.7264 0.7663 0.7541 0.7609 0.7045 0.7408 0.7448 0.7462 0.6744 0.6289 0.6556 0.5537 0.4456 0.3324 0.8779 1.0000 0.6908 0.5838 0.5398 0.5376 0.6969 0.6774 0.2531 0.2569 0.6898 0.7676 0.3128 0.3074 0.2759 0.4156 0.0059 0.2819 0.1919 0.1809 0.6569 0.5025 0.6785 0.7617 0.7329 0.7963
0.6284 0.6970 0.6722 0.6230 0.5348 0.6663 0.5595 0.4748 0.4606 0.5797 0.3919 0.5695 0.3102 0.4917 0.5022 0.5998 0.5092 0.7122 0.6672 0.5608 0.5484 0.4591 0.4612 0.5138 0.5380 0.3887 0.3810 0.6153 0.4976 0.5036 0.3990 0.3442 0.2877 0.1604 0.6714 0.6787 0.6496 0.6654 0.6560 0.6869 0.7207 0.7464 0.7501 0.5211 0.6840 0.5527 0.4716 0.4523 0.7786 0.6908 1.0000 0.6903 0.7170 0.5498 0.6296 0.4044 0.5097 0.3138 0.7340 0.7649 0.3355 0.3116 0.2588 0.3503 0.0896 0.2636 0.4231 0.3505 0.5181 0.3784 0.6441 0.5640 0.7379 0.5676
0.5610 0.6075 0.4896 0.4658 0.3304 0.4660 0.4753 0.2454 0.2722 0.4697 0.3016 0.3676 0.2096 0.3054 0.3099 0.4303 0.3963 0.6377 0.5530 0.3477 0.3753 0.2052 0.1791 0.3843 0.3805 0.1972 0.2524 0.3991 0.3338 0.2262 0.2543 0.3084 0.3150 0.2081 0.4346 0.4988 0.4079 0.4351 0.4558 0.5415 0.4652 0.5997 0.4429 0.3563 0.4218 0.3760 0.3123 0.4965 0.5982 0.5838 0.6903 1.0000 0.6000 0.6185 0.4390 0.3146 0.3950 0.3674 0.5190 0.5914 0.2429 0.2757 0.2441 0.2216 0.1326 0.1511 0.3458 0.3225 0.3601 0.2736 0.5236 0.4278 0.5056 0.4187
0.6122 0.6327 0.6053 0.5323 0.5426 0.7036 0.5464 0.4210 0.4489 0.7187 0.4031 0.6869 0.2900 0.4580 0.4604 0.5531 0.4700 0.6540 0.5645 0.4436 0.4616 0.2932 0.3287 0.5106 0.5109 0.3094 0.3440 0.5214 0.4716 0.3576 0.2762 0.2673 0.3252 0.1294 0.5336 0.5550 0.5316 0.5680 0.4836 0.5814 0.5938 0.6344 0.6472 0.3680 0.6277 0.5391 0.3817 0.4190 0.6416 0.5398 0.7170 0.6000 1.0000 0.7040 0.6439 0.3709 0.6628 0.4000 0.6290 0.6525 0.2443 0.2465 0.3516 0.3817 0.1441 0.2593 0.4105 0.3583 0.4089 0.3526 0.5693 0.4260 0.6308 0.4405
0.4459 0.6647 0.3542 0.4853 0.3851 0.4279 0.6301 0.3360 0.3837 0.5918 0.5374 0.5094 0.4248 0.4137 0.4470 0.5475 0.4909 0.5866 0.5171 0.3179 0.3907 0.2112 0.2372 0.5052 0.4930 0.1911 0.3129 0.4351 0.4363 0.2614 0.2756 0.2684 0.2428 0.1509 0.5147 0.4680 0.4269 0.5009 0.4416 0.5330 0.4433 0.5708 0.4394 0.4378 0.5173 0.5327 0.3406 0.4180 0.5239 0.5376 0.5498 0.6185 0.7040 1.0000 0.5714 0.5255 0.4613 0.6381 0.5467 0.6203 0.2445 0.2021 0.3086 0.3013 0.0224 0.2644 0.3809 0.3633 0.4123 0.3640 0.5143 0.5170 0.4670 0.4754
0.4965 0.7053 0.5599 0.7023 0.6360 0.5814 0.6553 0.4458 0.5037 0.6315 0.5287 0.6415 0.4671 0.6163 0.6214 0.7070 0.7122 0.6983 0.7361 0.6625 0.6957 0.5190 0.5505 0.7424 0.7540 0.5978 0.6407 0.7817 0.7220 0.5304 0.4778 0.3114 0.2392 0.2079 0.6725 0.6682 0.6329 0.6909 0.6102 0.6852 0.6980 0.6643 0.6797 0.6199 0.7130 0.6745 0.5426 0.4666 0.7067 0.6969 0.6296 0.4390 0.6439 0.5714 1.0000 0.7651 0.3605 0.3075 0.6812 0.7321 0.3489 0.3341 0.4414 0.5485 0.0862 0.4203 0.3920 0.3408 0.6541 0.5769 0.7135 0.6910 0.7070 0.6951
0.2647 0.6379 0.3240 0.6440 0.5195 0.3155 0.6432 0.3451 0.4337 0.4631 0.5384 0.4589 0.5298 0.5742 0.6057 0.6446 0.7731 0.5597 0.7082 0.5588 0.6456 0.4740 0.5069 0.7311 0.7390 0.5486 0.6457 0.7401 0.7099 0.4624 0.4240 0.2409 0.1520 0.2277 0.5694 0.5957 0.5193 0.6269 0.5222 0.5707 0.5566 0.5279 0.4810 0.6457 0.5631 0.5600 0.4558 0.3968 0.5466 0.6774 0.4044 0.3146 0.3709 0.5255 0.7651 1.0000 0.0362 0.2752 0.5475 0.6303 0.2564 0.2406 0.3779 0.5205 -0.0269 0.4247 0.2825 0.2352 0.6577 0.6170 0.6545 0.7848 0.5515 0.7634
0.3850 0.3975 0.6987 0.4667 0.4743 0.7071 0.4979 0.5025 0.3755 0.5219 0.2915 0.5551 0.1510 0.4288 0.3201 0.3120 0.1986 0.3590 0.2791 0.4658 0.3911 0.3278 0.3367 0.2964 0.3040 0.2572 0.2382 0.2670 0.2586 0.4726 0.2864 0.2113 0.2274 0.0696 0.3958 0.3569 0.3970 0.3925 0.2982 0.3659 0.4025 0.4717 0.5468 0.2655 0.4586 0.4499 0.2435 0.2843 0.3507 0.2531 0.5097 0.3950 0.6628 0.4613 0.3605 0.0362 1.0000 0.5375 0.5528 0.4770 0.3057 0.2195 0.3304 0.3289 0.1542 0.2454 0.4420 0.4022 0.1759 0.1724 0.2617 0.1813 0.4508 0.2002
0.1387 0.4649 0.3559 0.5142 0.3679 0.3084 0.6231 0.3112 0.4009 0.4393 0.4844 0.3724 0.3918 0.3983 0.4271 0.2824 0.2078 0.2618 0.2907 0.3667 0.3982 0.2226 0.2232 0.2992 0.3008 0.0780 0.2112 0.2231 0.2761 0.3635 0.2424 0.0872 0.0566 0.0496 0.2829 0.2197 0.2010 0.3356 0.1902 0.2061 0.2425 0.3999 0.3316 0.4387 0.3197 0.3452 0.1043 0.1982 0.2265 0.2569 0.3138 0.3674 0.4000 0.6381 0.3075 0.2752 0.5375 1.0000 0.3320 0.3923 0.2344 0.1340 0.2373 0.3085 -0.0675 0.3449 0.2998 0.2598 0.1838 0.1743 0.2011 0.3210 0.2956 0.3668
0.5258 0.6776 0.6766 0.6460 0.5584 0.7320 0.6287 0.5373 0.4105 0.4839 0.4324 0.5138 0.3241 0.4883 0.4769 0.6895 0.6761 0.7012 0.7022 0.6610 0.6243 0.5760 0.5862 0.5992 0.6347 0.5579 0.5343 0.7416 0.6891 0.7246 0.6602 0.4516 0.3926 0.2679 0.8070 0.7210 0.8166 0.6708 0.7718 0.8273 0.6829 0.7301 0.7160 0.6155 0.7238 0.7731 0.6599 0.5487 0.7090 0.6898 0.7340 0.5190 0.6290 0.5467 0.6812 0.5475 0.5528 0.3320 1.0000 0.9216 0.3985 0.3648 0.3798 0.4583 0.1757 0.3359 0.4973 0.5219 0.5985 0.5223 0.6594 0.6651 0.7078 0.6754
0.5755 0.7539 0.6371 0.7031 0.6078 0.6735 0.6902 0.5160 0.4944 0.5275 0.5084 0.5429 0.4275 0.5079 0.5682 0.7312 0.7161 0.7384 0.7695 0.6432 0.6550 0.5651 0.5994 0.6311 0.6843 0.5455 0.5668 0.7957 0.7273 0.6662 0.6285 0.3561 0.3229 0.1914 0.8004 0.7740 0.8198 0.7589 0.7610 0.8109 0.7568 0.7881 0.7552 0.6809 0.7458 0.7068 0.6056 0.4864 0.7744 0.7676 0.7649 0.5914 0.6525 0.6203 0.7321 0.6303 0.4770 0.3923 0.9216 1.0000 0.3882 0.3657 0.3541 0.4684 0.1113 0.3470 0.4203 0.4308 0.6333 0.5235 0.7107 0.7162 0.7711 0.7456
0.2601 0.3940 0.4196 0.3995 0.4280 0.4552 0.4364 0.2863 0.2614 0.2767 0.4320 0.3851 0.3571 0.3498 0.4338 0.2460 0.2635 0.3465 0.3933 0.4537 0.3982 0.3556 0.4179 0.1979 0.3510 0.5532 0.5560 0.3344 0.3378 0.3904 0.4595 0.0170 -0.1164 -0.1361 0.3798 0.2483 0.2848 0.2155 0.3863 0.3686 0.2564 0.3023 0.3306 0.3246 0.3906 0.3690 0.3512 0.2557 0.3441 0.3128 0.3355 0.2429 0.2443 0.2445 0.3489 0.2564 0.3057 0.2344 0.3985 0.3882 1.0000 0.7998 0.4786 0.4973 0.2423 0.3396 0.4003 0.4262 0.1534 0.0329 0.2479 0.3194 0.3313 0.3254
0.3735 0.3531 0.3736 0.3394 0.4140 0.4466 0.3384 0.1510 0.2064 0.2152 0.3981 0.3329 0.2904 0.1885 0.3947 0.2160 0.2576 0.3792 0.3988 0.4197 0.3908 0.2578 0.3701 0.1633 0.3398 0.5967 0.5894 0.3542 0.3903 0.2593 0.4530 0.0146 -0.0126 -0.0746 0.3554 0.2565 0.3069 0.1529 0.3977 0.4069 0.2528 0.2787 0.2611 0.2572 0.3283 0.3801 0.3905 0.2918 0.3873 0.3074 0.3116 0.2757 0.2465 0.2021 0.3341 0.2406 0.2195 0.1340 0.3648 0.3657 0.7998 1.0000 0.3776 0.4445 0.3401 0.2337 0.2822 0.3644 0.1821 0.0544 0.2775 0.2763 0.3266 0.2973
0.2996 0.3931 0.4347 0.4375 0.4332 0.4423 0.4841 0.2502 0.2178 0.3889 0.2862 0.3305 0.1915 0.3759 0.2400 0.3403 0.3702 0.4258 0.4517 0.4578 0.4444 0.3414 0.3337 0.4819 0.4513 0.4189 0.4591 0.4072 0.4328 0.3026 0.3338 0.3118 0.2453 0.2257 0.2990 0.3063 0.2864 0.2906 0.2984 0.3346 0.2992 0.3099 0.3602 0.3458 0.3747 0.4062 0.3501 0.4091 0.2785 0.2759 0.2588 0.2441 0.3516 0.3086 0.4414 0.3779 0.3304 0.2373 0.3798 0.3541 0.4786 0.3776 1.0000 0.6693 0.4912 0.4330 0.4960 0.4831 0.2659 0.2443 0.3082 0.2874 0.3040 0.3089
0.2680 0.5196 0.5141 0.6220 0.6371 0.4864 0.6219 0.3667 0.4197 0.4977 0.4282 0.4579 0.3280 0.4834 0.5126 0.4635 0.4698 0.4480 0.5551 0.5541 0.5712 0.5342 0.5357 0.5433 0.6226 0.5174 0.5778 0.5177 0.5058 0.5038 0.3538 0.1888 0.0802 0.0531 0.4314 0.4362 0.3869 0.4904 0.4037 0.4245 0.4625 0.4363 0.5495 0.5713 0.5266 0.4927 0.3677 0.2970 0.3739 0.4156 0.3503 0.2216 0.3817 0.3013 0.5485 0.5205 0.3289 0.3085 0.4583 0.4684 0.4973 0.4445 0.6693 1.0000 0.1495 0.5897 0.4437 0.3489 0.3911 0.3147 0.3820 0.4697 0.4498 0.5052
0.3122 0.0528 0.1793 -0.0009 0.0745 0.2997 0.0361 0.0442 -0.0966 0.0449 0.0601 0.0497 -0.0617 -0.0837 -0.0687 0.0710 0.1070 0.2200 0.1530 0.1662 0.0790 -0.0382 0.0710 0.0253 0.0917 0.2452 0.1697 0.1132 0.2362 -0.0557 0.2048 0.2580 0.3440 0.3175 0.0648 0.0428 0.1397 -0.1517 0.1132 0.1708 -0.0003 0.0679 0.0009 -0.0485 -0.0006 0.1777 0.2441 0.2655 0.1021 0.0059 0.0896 0.1326 0.1441 0.0224 0.0862 -0.0269 0.1542 -0.0675 0.1757 0.1113 0.2423 0.3401 0.4912 0.1495 1.0000 0.0518 0.2287 0.3439 0.0357 0.0622 0.0373 -0.0994 0.0753 -0.0536
0.0412 0.3754 0.3924 0.5260 0.4595 0.3222 0.5775 0.3631 0.4079 0.4232 0.3285 0.3799 0.3296 0.5176 0.4270 0.2854 0.2747 0.2807 0.3804 0.4317 0.4636 0.4028 0.3826 0.4235 0.3480 0.3494 0.4197 0.3802 0.3368 0.4667 0.2549 0.1341 0.0514 0.0172 0.3148 0.3211 0.2172 0.3941 0.2092 0.2527 0.3087 0.3050 0.4072 0.4902 0.4255 0.3384 0.1837 0.2339 0.2124 0.2819 0.2636 0.1511 0.2593 0.2644 0.4203 0.4247 0.2454 0.3449 0.3359 0.3470 0.3396 0.2337 0.4330 0.5897 0.0518 1.0000 0.3873 0.3092 0.1915 0.2236 0.2475 0.3913 0.3290 0.4228
0.1363 0.3285 0.4213 0.3271 0.2585 0.4822 0.4489 0.3571 0.2228 0.3857 0.2597 0.3977 0.2110 0.4731 0.2590 0.2588 0.1994 0.3220 0.3151 0.3360 0.2914 0.2887 0.1926 0.4176 0.3264 0.2348 0.2623 0.2634 0.2162 0.4548 0.4104 0.5006 0.3573 0.2799 0.4006 0.3106 0.1968 0.2320 0.3610 0.3916 0.1974 0.2831 0.3419 0.2937 0.4123 0.4361 0.4255 0.5643 0.2100 0.1919 0.4231 0.3458 0.4105 0.3809 0.3920 0.2825 0.4420 0.2998 0.4973 0.4203 0.4003 0.2822 0.4960 0.4437 0.2287 0.3873 1.0000 0.7638 0.2275 0.2558 0.3537 0.3139 0.2595 0.1899
0.1941 0.2871 0.3426 0.2542 0.1780 0.4556 0.3655 0.2545 0.1037 0.2648 0.2125 0.2534 0.0943 0.3040 0.1233 0.2456 0.2595 0.3363 0.3034 0.3345 0.2715 0.2263 0.1892 0.3300 0.2688 0.2510 0.2524 0.2687 0.2691 0.3703 0.4651 0.5321 0.4381 0.3323 0.3864 0.2689 0.2343 0.1342 0.3753 0.4424 0.1388 0.2464 0.2531 0.2395 0.3328 0.4361 0.4385 0.5644 0.1997 0.1809 0.3505 0.3225 0.3583 0.3633 0.3408 0.2352 0.4022 0.2598 0.5219 0.4308 0.4262 0.3644 0.4831 0.3489 0.3439 0.3092 0.7638 1.0000 0.1898 0.2241 0.3445 0.2726 0.2184 0.1848
0.4681 0.6046 0.4278 0.5540 0.4845 0.4115 0.4588 0.2944 0.3329 0.4128 0.4181 0.3920 0.3374 0.4083 0.4153 0.7755 0.7214 0.5716 0.6127 0.5246 0.5533 0.5497 0.5360 0.7459 0.7066 0.5242 0.5534 0.6331 0.6194 0.4492 0.3907 0.3969 0.3054 0.3774 0.7228 0.7343 0.6701 0.6339 0.7181 0.7039 0.6477 0.5958 0.5637 0.5424 0.5667 0.5776 0.5338 0.4302 0.6638 0.6569 0.5181 0.3601 0.4089 0.4123 0.6541 0.6577 0.1759 0.1838 0.5985 0.6333 0.1534 0.1821 0.2659 0.3911 0.0357 0.1915 0.2275 0.1898 1.0000 0.8054 0.7753 0.7691 0.6505 0.6838
0.3193 0.4653 0.3653 0.4598 0.4033 0.3632 0.4300 0.2796 0.3116 0.3417 0.3740 0.3416 0.2882 0.3969 0.3705 0.6260 0.6797 0.4394 0.4910 0.4512 0.4691 0.4385 0.4185 0.6960 0.6481 0.4496 0.4542 0.5431 0.5757 0.4041 0.3459 0.3813 0.3597 0.4633 0.6091 0.6377 0.5487 0.5085 0.5644 0.5835 0.5150 0.4881 0.4503 0.4542 0.4887 0.5867 0.4976 0.4674 0.4816 0.5025 0.3784 0.2736 0.3526 0.3640 0.5769 0.6170 0.1724 0.1743 0.5223 0.5235 0.0329 0.0544 0.2443 0.3147 0.0622 0.2236 0.2558 0.2241 0.8054 1.0000 0.6270 0.6575 0.4998 0.5529
0.5308 0.6179 0.4969 0.6047 0.5086 0.4933 0.4950 0.2789 0.3890 0.4639 0.3453 0.4622 0.3055 0.4942 0.4546 0.6775 0.6591 0.6485 0.6548 0.5632 0.6026 0.5457 0.5013 0.7474 0.6346 0.5075 0.5562 0.6575 0.5391 0.4610 0.4060 0.4488 0.3481 0.3756 0.7365 0.7740 0.6204 0.6786 0.7529 0.7710 0.6651 0.5659 0.5918 0.4917 0.6445 0.5464 0.4979 0.5315 0.7220 0.6785 0.6441 0.5236 0.5693 0.5143 0.7135 0.6545 0.2617 0.2011 0.6594 0.7107 0.2479 0.2775 0.3082 0.3820 0.0373 0.2475 0.3537 0.3445 0.7753 0.6270 1.0000 0.8168 0.7550 0.6866
0.3616 0.7106 0.4485 0.6718 0.5237 0.3799 0.6213 0.3606 0.4001 0.4517 0.5018 0.4475 0.4853 0.5566 0.5383 0.6935 0.7436 0.6113 0.6713 0.5530 0.6171 0.6453 0.5958 0.7110 0.6983 0.4834 0.5651 0.6691 0.5981 0.5705 0.4062 0.3679 0.2021 0.2674 0.7834 0.7700 0.6496 0.7125 0.7622 0.7581 0.6481 0.6118 0.5856 0.6696 0.6244 0.5877 0.4551 0.4399 0.6636 0.7617 0.5640 0.4278 0.4260 0.5170 0.6910 0.7848 0.1813 0.3210 0.6651 0.7162 0.3194 0.2763 0.2874 0.4697 -0.0994 0.3913 0.3139 0.2726 0.7691 0.6575 0.8168 1.0000 0.6625 0.8625
0.6357 0.7008 0.7078 0.7441 0.7082 0.6641 0.6072 0.5703 0.5679 0.6193 0.4258 0.6256 0.3581 0.6065 0.6185 0.7263 0.6532 0.7138 0.7565 0.7309 0.7386 0.6257 0.6696 0.6400 0.6784 0.5892 0.5872 0.7598 0.6484 0.6039 0.4513 0.2409 0.2074 0.2275 0.6912 0.7569 0.7455 0.7971 0.6641 0.6891 0.8122 0.7457 0.7937 0.5754 0.7118 0.5625 0.4582 0.3417 0.7939 0.7329 0.7379 0.5056 0.6308 0.4670 0.7070 0.5515 0.4508 0.2956 0.7078 0.7711 0.3313 0.3266 0.3040 0.4498 0.0753 0.3290 0.2595 0.2184 0.6505 0.4998 0.7550 0.6625 1.0000 0.7323
0.4526 0.7444 0.5159 0.7493 0.6376 0.4328 0.6575 0.4253 0.4758 0.5117 0.4912 0.4375 0.4334 0.5333 0.5878 0.7272 0.7831 0.6925 0.7703 0.6449 0.7130 0.6307 0.6636 0.6358 0.7122 0.5081 0.5862 0.7665 0.7196 0.5854 0.4307 0.2605 0.1963 0.2003 0.7190 0.7298 0.7160 0.7477 0.7123 0.7217 0.7120 0.6983 0.6633 0.7550 0.6573 0.6057 0.4438 0.3879 0.7142 0.7963 0.5676 0.4187 0.4405 0.4754 0.6951 0.7634 0.2002 0.3668 0.6754 0.7456 0.3254 0.2973 0.3089 0.5052 -0.0536 0.4228 0.1899 0.1848 0.6838 0.5529 0.6866 0.8625 0.7323 1.0000
