1.0000 0.8041 0.6967 0.5841 0.3508 0.7395 0.5667 0.4492 0.3135 0.6766 0.5827 0.6730 0.4294 0.4708 0.2479 0.7370 0.7368 0.7867 0.7481 0.6502 0.5963 0.4386 0.3956 0.4769 0.2691 0.5155 0.4917 0.7044 0.6859 0.4048 0.3447 0.4639 0.4801 0.4593 0.4420 0.5292 0.6457 0.5857 0.4649 0.4725 0.6343 0.6254 0.5575 0.5429 0.3878 0.3308 0.3837 0.3752 0.9129 0.7597 0.7107 0.6729 0.6747 0.4693 0.5741 0.5348 0.5149 0.4903 0.6442 0.6045 0.2829 0.3052 0.3290 0.5051 0.3512 0.3195 0.2033 0.3067 0.3088 0.5471 0.3742 0.4809 0.4907 0.4728
0.8041 1.0000 0.7373 0.6997 0.4604 0.6322 0.7004 0.5380 0.4142 0.5256 0.6396 0.5665 0.5180 0.5405 0.3604 0.6677 0.7884 0.8061 0.8086 0.7231 0.6831 0.5326 0.4903 0.4502 0.2655 0.6166 0.5884 0.7767 0.7941 0.5278 0.4682 0.5031 0.4474 0.4851 0.5323 0.6040 0.6825 0.6346 0.5146 0.5472 0.6689 0.7024 0.6019 0.6440 0.4533 0.4348 0.4157 0.4155 0.8146 0.8924 0.6805 0.7378 0.6256 0.5335 0.5052 0.6059 0.5078 0.5923 0.7118 0.6907 0.4098 0.3806 0.3629 0.4651 0.3737 0.2857 0.2850 0.4215 0.3132 0.6032 0.3521 0.5489 0.4766 0.5258
0.6967 0.7373 1.0000 0.8205 0.5414 0.8589 0.7625 0.6012 0.4302 0.5154 0.6352 0.6527 0.5803 0.5825 0.4382 0.6293 0.6750 0.8092 0.7987 0.8831 0.8292 0.5302 0.4863 0.4921 0.3354 0.6298 0.6326 0.7719 0.7657 0.6384 0.5707 0.6074 0.5727 0.5111 0.6362 0.6398 0.6253 0.6435 0.6388 0.6444 0.6393 0.6574 0.6435 0.6236 0.6200 0.5550 0.5891 0.5677 0.6533 0.6261 0.7320 0.6790 0.6896 0.5570 0.4994 0.6005 0.6592 0.6355 0.7880 0.7442 0.5486 0.5561 0.4265 0.5533 0.4584 0.3672 0.4666 0.5513 0.3253 0.5660 0.3803 0.5639 0.5076 0.5364
0.5841 0.6997 0.8205 1.0000 0.5709 0.7477 0.8903 0.4933 0.4647 0.4286 0.6729 0.5122 0.6888 0.4731 0.4809 0.6148 0.6808 0.7795 0.8004 0.7835 0.8408 0.4408 0.4745 0.5073 0.3904 0.6192 0.6500 0.7615 0.7593 0.6144 0.6026 0.5736 0.5461 0.4929 0.6274 0.6249 0.5761 0.5982 0.6431 0.6515 0.6088 0.6348 0.6119 0.6166 0.5967 0.5619 0.5730 0.5604 0.5788 0.5904 0.6618 0.7019 0.6081 0.6673 0.4845 0.6950 0.4983 0.6830 0.7368 0.7404 0.5569 0.6005 0.4923 0.6134 0.4636 0.4182 0.5404 0.6549 0.3938 0.6117 0.3897 0.6064 0.4379 0.5576
0.3508 0.4604 0.5414 0.5709 1.0000 0.4028 0.5147 0.6269 0.7574 0.3420 0.6139 0.3500 0.7074 0.5934 0.8040 0.5197 0.5605 0.5413 0.5279 0.5853 0.5753 0.7822 0.8088 0.4586 0.4373 0.6034 0.6502 0.5855 0.5665 0.6045 0.5900 0.6512 0.6582 0.5381 0.6806 0.6722 0.5232 0.5741 0.6382 0.6640 0.6356 0.6663 0.7071 0.7265 0.7022 0.7131 0.6701 0.6774 0.4869 0.4204 0.6103 0.5440 0.5232 0.4241 0.3555 0.5397 0.4551 0.6435 0.7162 0.6903 0.5638 0.6344 0.4164 0.4702 0.4731 0.4310 0.4158 0.5173 0.3679 0.5300 0.3768 0.6133 0.4872 0.6516
0.7395 0.6322 0.8589 0.7477 0.4028 1.0000 0.7617 0.5012 0.3233 0.6185 0.6029 0.7378 0.5317 0.4791 0.3091 0.6028 0.6095 0.7742 0.7493 0.7191 0.7118 0.3565 0.3283 0.4981 0.3053 0.5225 0.5194 0.7177 0.6725 0.4860 0.4326 0.4898 0.4877 0.4496 0.5165 0.5383 0.5825 0.5786 0.5607 0.5459 0.5782 0.5778 0.5380 0.5101 0.4970 0.4120 0.5033 0.4330 0.6788 0.5794 0.7625 0.7130 0.7436 0.6438 0.6328 0.6307 0.5312 0.5455 0.6772 0.6577 0.4374 0.4594 0.4011 0.5455 0.4119 0.3634 0.3945 0.4766 0.2806 0.5013 0.3472 0.4764 0.4524 0.4497
0.5667 0.7004 0.7625 0.8903 0.5147 0.7617 1.0000 0.4957 0.4453 0.4110 0.6633 0.4710 0.6851 0.4303 0.4018 0.5737 0.6794 0.7370 0.7833 0.6784 0.7678 0.3753 0.3981 0.5208 0.3673 0.5976 0.6217 0.7588 0.7570 0.5758 0.5774 0.4933 0.4243 0.4684 0.6267 0.6436 0.6201 0.6400 0.6661 0.6736 0.6151 0.6325 0.5524 0.5729 0.5410 0.5268 0.5251 0.4641 0.5884 0.6268 0.6723 0.7649 0.6116 0.7668 0.5400 0.7448 0.4168 0.6278 0.7063 0.7461 0.5394 0.5431 0.4947 0.5609 0.4259 0.3452 0.5578 0.6741 0.3620 0.6086 0.3469 0.5349 0.3344 0.4577
0.4492 0.5380 0.6012 0.4933 0.6269 0.5012 0.4957 1.0000 0.4767 0.4730 0.4753 0.5880 0.4028 0.8359 0.4157 0.5221 0.5686 0.5949 0.5679 0.5527 0.5044 0.7422 0.6448 0.4996 0.3156 0.6206 0.5493 0.6075 0.5774 0.5037 0.4307 0.5662 0.4926 0.6055 0.5893 0.5969 0.5284 0.5498 0.5242 0.5232 0.6159 0.6080 0.6511 0.6030 0.5920 0.5231 0.5450 0.4771 0.5307 0.4694 0.6156 0.5166 0.5991 0.4181 0.4806 0.4537 0.5022 0.4790 0.6481 0.6102 0.4150 0.4280 0.3259 0.3423 0.3856 0.2465 0.2962 0.3955 0.3737 0.5107 0.4362 0.4794 0.5072 0.4443
0.3135 0.4142 0.4302 0.4647 0.7574 0.3233 0.4453 0.4767 1.0000 0.3106 0.5271 0.2658 0.5700 0.4704 0.6492 0.4455 0.4744 0.4288 0.4052 0.4499 0.4362 0.6236 0.6793 0.4322 0.3756 0.4945 0.5397 0.4765 0.4815 0.4621 0.4489 0.5174 0.5067 0.4342 0.5170 0.5440 0.4349 0.4741 0.5136 0.5271 0.5220 0.5598 0.5538 0.5961 0.5051 0.5430 0.5090 0.5120 0.4413 0.4062 0.5415 0.4965 0.4356 0.3823 0.2952 0.4971 0.3117 0.5081 0.5835 0.5526 0.4204 0.4950 0.3906 0.4252 0.3793 0.3702 0.3056 0.3835 0.3064 0.4520 0.3085 0.4946 0.3947 0.5176
0.6766 0.5256 0.5154 0.4286 0.3420 0.6185 0.4110 0.4730 0.3106 1.0000 0.6735 0.8282 0.4998 0.5059 0.2737 0.6586 0.6320 0.5963 0.4892 0.4789 0.4311 0.4690 0.4536 0.5368 0.3747 0.4945 0.4319 0.5038 0.4799 0.2330 0.1790 0.3794 0.4550 0.5187 0.3200 0.4098 0.4437 0.4111 0.3386 0.3311 0.5085 0.5015 0.5349 0.4869 0.3896 0.2892 0.3495 0.3207 0.6476 0.5808 0.6294 0.5318 0.6958 0.4482 0.6459 0.5283 0.5011 0.4900 0.4813 0.4236 0.1848 0.2745 0.3155 0.4444 0.3159 0.3639 0.0392 0.1774 0.3235 0.4747 0.3853 0.4791 0.5333 0.4611
0.5827 0.6396 0.6352 0.6729 0.6139 0.6029 0.6633 0.4753 0.5271 0.6735 1.0000 0.5912 0.8479 0.4824 0.6464 0.6071 0.7752 0.7143 0.6748 0.6824 0.6721 0.4901 0.5459 0.5147 0.4617 0.6556 0.6970 0.6762 0.7114 0.5030 0.4618 0.5194 0.6405 0.5034 0.5346 0.5816 0.5117 0.5244 0.5324 0.5649 0.5817 0.6347 0.6144 0.6782 0.5699 0.5918 0.5299 0.6152 0.6376 0.5946 0.6711 0.6093 0.6925 0.5662 0.6200 0.7954 0.4529 0.6848 0.6449 0.6122 0.5200 0.6048 0.4895 0.6643 0.5039 0.5394 0.3785 0.5192 0.2994 0.5860 0.3417 0.6791 0.4736 0.6990
0.6730 0.5665 0.6527 0.5122 0.3500 0.7378 0.4710 0.5880 0.2658 0.8282 0.5912 1.0000 0.4871 0.6589 0.2712 0.5990 0.5761 0.6632 0.5728 0.6096 0.5573 0.4902 0.4039 0.4770 0.2811 0.4777 0.4265 0.5417 0.5059 0.3251 0.2489 0.4345 0.4250 0.5035 0.3153 0.3755 0.4371 0.4076 0.3466 0.3360 0.4911 0.4829 0.5264 0.4748 0.4239 0.2817 0.4097 0.3237 0.6235 0.5658 0.6659 0.5441 0.7403 0.5193 0.6367 0.5065 0.6238 0.5501 0.5298 0.4678 0.2287 0.2589 0.2695 0.4011 0.3367 0.2965 0.1387 0.2459 0.2941 0.4531 0.3695 0.4562 0.6012 0.4494
0.4294 0.5180 0.5803 0.6888 0.7074 0.5317 0.6851 0.4028 0.5700 0.4998 0.8479 0.4871 1.0000 0.4475 0.7773 0.5460 0.6777 0.6312 0.6113 0.6190 0.6689 0.5007 0.5598 0.4630 0.4753 0.5892 0.6696 0.6235 0.6262 0.5288 0.5041 0.5264 0.5744 0.4856 0.5345 0.5711 0.4888 0.5165 0.5537 0.5864 0.5409 0.6012 0.5798 0.6639 0.5749 0.6093 0.5305 0.5922 0.4827 0.4528 0.5850 0.5437 0.5504 0.5651 0.4904 0.7304 0.4519 0.7243 0.6440 0.6385 0.5198 0.5922 0.4584 0.5876 0.4838 0.4932 0.4374 0.5567 0.3418 0.5943 0.3370 0.6981 0.4404 0.7086
0.4708 0.5405 0.5825 0.4731 0.5934 0.4791 0.4303 0.8359 0.4704 0.5059 0.4824 0.6589 0.4475 1.0000 0.5251 0.5720 0.5912 0.6158 0.5700 0.5592 0.5276 0.7417 0.6639 0.6180 0.4610 0.5344 0.4692 0.5755 0.5320 0.4831 0.4381 0.6502 0.5322 0.6774 0.5106 0.5429 0.4504 0.4577 0.5039 0.4956 0.5291 0.5360 0.5880 0.5466 0.5298 0.4424 0.5530 0.4746 0.5314 0.4722 0.5612 0.4738 0.5395 0.3600 0.4755 0.4156 0.5388 0.4914 0.6169 0.5543 0.3735 0.3501 0.3362 0.3159 0.3543 0.1981 0.2860 0.3787 0.4730 0.5604 0.6313 0.6212 0.7159 0.5508
0.2479 0.3604 0.4382 0.4809 0.8040 0.3091 0.4018 0.4157 0.6492 0.2737 0.6464 0.2712 0.7773 0.5251 1.0000 0.4293 0.5313 0.4615 0.4403 0.4842 0.4895 0.5987 0.6806 0.4380 0.5736 0.5045 0.5984 0.4974 0.4862 0.5096 0.4880 0.5760 0.6282 0.4698 0.5389 0.5427 0.3943 0.4257 0.5277 0.5551 0.4563 0.5179 0.5216 0.6019 0.5624 0.6206 0.5474 0.6453 0.3595 0.2834 0.4493 0.3885 0.3723 0.3206 0.2820 0.5075 0.3501 0.5573 0.5833 0.5583 0.4976 0.5861 0.4051 0.4676 0.4568 0.4065 0.4146 0.4871 0.3789 0.5325 0.4162 0.7072 0.4485 0.6800
0.7370 0.6677 0.6293 0.6148 0.5197 0.6028 0.5737 0.5221 0.4455 0.6586 0.6071 0.5990 0.5460 0.5720 0.4293 1.0000 0.8492 0.7321 0.7037 0.6031 0.6182 0.5863 0.6358 0.7754 0.6304 0.6671 0.6198 0.7482 0.7128 0.5681 0.5576 0.6227 0.6135 0.6354 0.6178 0.6802 0.6493 0.6383 0.6494 0.6440 0.6826 0.6647 0.6759 0.6222 0.5718 0.5079 0.5222 0.5045 0.7256 0.5993 0.6425 0.5932 0.5777 0.4607 0.5248 0.5792 0.5513 0.5808 0.7463 0.7187 0.3922 0.4680 0.4921 0.5683 0.4649 0.4546 0.3989 0.5227 0.7116 0.8333 0.6732 0.7393 0.5835 0.5960
0.7368 0.7884 0.6750 0.6808 0.5605 0.6095 0.6794 0.5686 0.4744 0.6320 0.7752 0.5761 0.6777 0.5912 0.5313 0.8492 1.0000 0.7982 0.7823 0.6635 0.6676 0.5810 0.6124 0.6738 0.5719 0.7456 0.7151 0.7989 0.7850 0.5658 0.5284 0.5794 0.6272 0.6243 0.6184 0.6988 0.6981 0.6788 0.6154 0.6488 0.6865 0.7301 0.6604 0.6954 0.5579 0.5564 0.4918 0.5650 0.7593 0.7007 0.6547 0.6331 0.6000 0.5143 0.5817 0.7231 0.5289 0.6439 0.7633 0.7379 0.4764 0.5330 0.5073 0.6356 0.5265 0.4894 0.3961 0.5489 0.5418 0.8491 0.5473 0.7931 0.5401 0.6814
0.7867 0.8061 0.8092 0.7795 0.5413 0.7742 0.7370 0.5949 0.4288 0.5963 0.7143 0.6632 0.6312 0.6158 0.4615 0.7321 0.7982 1.0000 0.9513 0.8145 0.7902 0.5579 0.5148 0.5459 0.3531 0.6776 0.6750 0.8975 0.8572 0.6555 0.5824 0.6306 0.6535 0.5442 0.6369 0.6723 0.6789 0.6778 0.6189 0.6653 0.6905 0.7095 0.6704 0.6755 0.5925 0.5489 0.5728 0.5832 0.7799 0.6739 0.7528 0.6842 0.7319 0.5565 0.6122 0.6452 0.6136 0.6532 0.8130 0.7784 0.5473 0.5666 0.4994 0.6376 0.5264 0.4997 0.4429 0.5776 0.3666 0.6550 0.4232 0.6472 0.5699 0.6368
0.7481 0.8086 0.7987 0.8004 0.5279 0.7493 0.7833 0.5679 0.4052 0.4892 0.6748 0.5728 0.6113 0.5700 0.4403 0.7037 0.7823 0.9513 1.0000 0.8084 0.8272 0.5075 0.4752 0.5051 0.3332 0.6731 0.6777 0.8967 0.8828 0.6719 0.6333 0.5952 0.5932 0.4823 0.6703 0.6848 0.6684 0.6863 0.6558 0.6998 0.6696 0.6895 0.6447 0.6542 0.6172 0.5834 0.5803 0.5759 0.7491 0.6568 0.7070 0.6919 0.6720 0.5709 0.5441 0.6424 0.5650 0.6303 0.8012 0.7997 0.5772 0.5640 0.5154 0.6266 0.5126 0.4527 0.5372 0.6562 0.3695 0.6650 0.4007 0.6273 0.4932 0.5988
0.6502 0.7231 0.8831 0.7835 0.5853 0.7191 0.6784 0.5527 0.4499 0.4789 0.6824 0.6096 0.6190 0.5592 0.4842 0.6031 0.6635 0.8145 0.8084 1.0000 0.9245 0.5564 0.5162 0.4032 0.2764 0.6684 0.6835 0.7535 0.7753 0.6764 0.5982 0.6161 0.6101 0.4659 0.6184 0.5917 0.5535 0.5809 0.5873 0.6208 0.5982 0.6436 0.6604 0.6607 0.6739 0.6229 0.6281 0.6233 0.6318 0.6151 0.6648 0.6081 0.6478 0.4673 0.4447 0.5926 0.6732 0.6822 0.7694 0.7219 0.5947 0.6009 0.4415 0.5745 0.4840 0.4305 0.4735 0.5492 0.2661 0.5256 0.3091 0.5833 0.5541 0.6241
0.5963 0.6831 0.8292 0.8408 0.5753 0.7118 0.7678 0.5044 0.4362 0.4311 0.6721 0.5573 0.6689 0.5276 0.4895 0.6182 0.6676 0.7902 0.8272 0.9245 1.0000 0.5058 0.4996 0.4457 0.3260 0.6761 0.7034 0.7670 0.7838 0.6996 0.6646 0.5703 0.5613 0.4507 0.6212 0.5899 0.5275 0.5679 0.6240 0.6486 0.5616 0.6076 0.6213 0.6231 0.6741 0.6286 0.6152 0.5880 0.5839 0.5542 0.5971 0.5927 0.5875 0.5264 0.4334 0.6256 0.6355 0.6959 0.7509 0.7468 0.5833 0.5873 0.4867 0.5879 0.4924 0.4391 0.5659 0.6555 0.3362 0.5756 0.3510 0.6117 0.5186 0.6201
0.4386 0.5326 0.5302 0.4408 0.7822 0.3565 0.3753 0.7422 0.6236 0.4690 0.4901 0.4902 0.5007 0.7417 0.5987 0.5863 0.5810 0.5579 0.5075 0.5564 0.5058 1.0000 0.9024 0.5281 0.4300 0.5892 0.5430 0.5829 0.5366 0.5688 0.5161 0.6339 0.5965 0.6014 0.5941 0.6288 0.5255 0.5416 0.5141 0.5433 0.6226 0.6458 0.6923 0.6838 0.5966 0.5546 0.5528 0.5436 0.5428 0.4959 0.5670 0.4673 0.5064 0.2845 0.3484 0.3800 0.6071 0.5778 0.7004 0.6395 0.3829 0.4281 0.3123 0.3402 0.3539 0.2972 0.1767 0.3102 0.4516 0.5467 0.4948 0.5903 0.6261 0.6106
0.3956 0.4903 0.4863 0.4745 0.8088 0.3283 0.3981 0.6448 0.6793 0.4536 0.5459 0.4039 0.5598 0.6639 0.6806 0.6358 0.6124 0.5148 0.4752 0.5162 0.4996 0.9024 1.0000 0.6263 0.5960 0.6356 0.6179 0.5818 0.5581 0.5830 0.5722 0.6469 0.6442 0.6228 0.6376 0.6733 0.5320 0.5628 0.5737 0.5966 0.6275 0.6505 0.6891 0.6824 0.6116 0.5962 0.5589 0.5923 0.5032 0.4560 0.5564 0.4680 0.4594 0.3025 0.3163 0.4419 0.5178 0.5778 0.7038 0.6548 0.4129 0.5144 0.4132 0.4312 0.4102 0.3758 0.2563 0.3916 0.5746 0.6424 0.5765 0.6771 0.5821 0.6419
0.4769 0.4502 0.4921 0.5073 0.4586 0.4981 0.5208 0.4996 0.4322 0.5368 0.5147 0.4770 0.4630 0.6180 0.4380 0.7754 0.6738 0.5459 0.5051 0.4032 0.4457 0.5281 0.6263 1.0000 0.8387 0.5081 0.4667 0.6098 0.5750 0.4401 0.4828 0.5892 0.5559 0.7022 0.5407 0.6140 0.4911 0.5094 0.6121 0.5845 0.5714 0.5474 0.5529 0.4922 0.4571 0.4052 0.4644 0.4148 0.4996 0.4221 0.5366 0.5065 0.4585 0.4108 0.4495 0.5137 0.3454 0.4340 0.6006 0.5811 0.3249 0.4014 0.5075 0.4662 0.3381 0.3219 0.3486 0.4770 0.8187 0.7778 0.8488 0.7421 0.5855 0.5076
0.2691 0.2655 0.3354 0.3904 0.4373 0.3053 0.3673 0.3156 0.3756 0.3747 0.4617 0.2811 0.4753 0.4610 0.5736 0.6304 0.5719 0.3531 0.3332 0.2764 0.3260 0.4300 0.5960 0.8387 1.0000 0.3732 0.3779 0.4296 0.4161 0.3285 0.4131 0.4546 0.5089 0.5800 0.4205 0.4851 0.3167 0.3609 0.4988 0.4876 0.3666 0.3870 0.3838 0.3765 0.3688 0.3693 0.3509 0.3987 0.2910 0.2362 0.3170 0.3219 0.2353 0.2793 0.2618 0.4222 0.2209 0.3544 0.4530 0.4516 0.2530 0.3772 0.4165 0.4101 0.2780 0.2714 0.3258 0.4202 0.8269 0.7537 0.8249 0.7806 0.4775 0.4996
0.5155 0.6166 0.6298 0.6192 0.6034 0.5225 0.5976 0.6206 0.4945 0.4945 0.6556 0.4777 0.5892 0.5344 0.5045 0.6671 0.7456 0.6776 0.6731 0.6684 0.6761 0.5892 0.6356 0.5081 0.3732 1.0000 0.9386 0.7610 0.7550 0.6321 0.5483 0.5606 0.5719 0.5512 0.6331 0.6598 0.6604 0.6599 0.5968 0.6347 0.6546 0.6871 0.6615 0.6719 0.6217 0.6180 0.4911 0.5644 0.5657 0.5265 0.5950 0.5295 0.5708 0.4674 0.4780 0.6330 0.5421 0.6351 0.7419 0.7384 0.5805 0.6360 0.5060 0.5905 0.5940 0.5311 0.4508 0.5635 0.3738 0.6308 0.3239 0.6049 0.3619 0.5648
0.4917 0.5884 0.6326 0.6500 0.6502 0.5194 0.6217 0.5493 0.5397 0.4319 0.6970 0.4265 0.6696 0.4692 0.5984 0.6198 0.7151 0.6750 0.6777 0.6835 0.7034 0.5430 0.6179 0.4667 0.3779 0.9386 1.0000 0.7535 0.7686 0.6535 0.5716 0.5463 0.5998 0.5030 0.6389 0.6606 0.6479 0.6649 0.6092 0.6435 0.6496 0.6829 0.6529 0.6747 0.6390 0.6488 0.5025 0.5977 0.5455 0.4783 0.5952 0.5235 0.5660 0.4818 0.4485 0.6686 0.4966 0.6410 0.7350 0.7383 0.6038 0.6876 0.5148 0.6428 0.6064 0.5874 0.5065 0.6011 0.3252 0.6104 0.2692 0.6073 0.3092 0.5775
0.7044 0.7767 0.7719 0.7615 0.5855 0.7177 0.7588 0.6075 0.4765 0.5038 0.6762 0.5417 0.6235 0.5755 0.4974 0.7482 0.7989 0.8975 0.8967 0.7535 0.7670 0.5829 0.5818 0.6098 0.4296 0.7610 0.7535 1.0000 0.9467 0.7642 0.7087 0.6586 0.6742 0.5691 0.7422 0.7865 0.7691 0.7829 0.7444 0.7868 0.7649 0.7765 0.7251 0.7200 0.6289 0.6112 0.5994 0.6295 0.7281 0.6346 0.7421 0.6795 0.6971 0.5724 0.5903 0.6961 0.6182 0.6882 0.8810 0.8787 0.6011 0.6302 0.5580 0.6455 0.5616 0.4957 0.5361 0.6783 0.4578 0.7223 0.4947 0.6893 0.5217 0.6597
0.6859 0.7941 0.7657 0.7593 0.5665 0.6725 0.7570 0.5774 0.4815 0.4799 0.7114 0.5059 0.6262 0.5320 0.4862 0.7128 0.7850 0.8572 0.8828 0.7753 0.7838 0.5366 0.5581 0.5750 0.4161 0.7550 0.7686 0.9467 1.0000 0.7348 0.7075 0.6101 0.6441 0.5240 0.7244 0.7692 0.7467 0.7699 0.7220 0.7624 0.7457 0.7518 0.6939 0.6924 0.6077 0.5961 0.5612 0.6094 0.7048 0.6354 0.7286 0.6728 0.6847 0.5552 0.5375 0.7277 0.5588 0.6678 0.8369 0.8467 0.5847 0.6163 0.5433 0.6513 0.5273 0.4852 0.5351 0.6768 0.4254 0.6979 0.4450 0.6488 0.4441 0.6124
0.4048 0.5278 0.6384 0.6144 0.6045 0.4860 0.5758 0.5037 0.4621 0.2330 0.5030 0.3251 0.5288 0.4831 0.5096 0.5681 0.5658 0.6555 0.6719 0.6764 0.6996 0.5688 0.5830 0.4401 0.3285 0.6321 0.6535 0.7642 0.7348 1.0000 0.8909 0.6789 0.6704 0.4519 0.7437 0.6928 0.5629 0.6233 0.7173 0.7560 0.6291 0.6390 0.6830 0.6475 0.7179 0.6986 0.7066 0.7021 0.4741 0.3876 0.5999 0.4782 0.5609 0.4455 0.3612 0.5029 0.6449 0.6282 0.8165 0.7828 0.6603 0.6637 0.4802 0.5230 0.5352 0.4483 0.6657 0.7349 0.3575 0.5496 0.3758 0.5915 0.4777 0.6217
0.3447 0.4682 0.5707 0.6026 0.5900 0.4326 0.5774 0.4307 0.4489 0.1790 0.4618 0.2489 0.5041 0.4381 0.4880 0.5576 0.5284 0.5824 0.6333 0.5982 0.6646 0.5161 0.5722 0.4828 0.4131 0.5483 0.5716 0.7087 0.7075 0.8909 1.0000 0.6509 0.6587 0.4374 0.7463 0.7013 0.5288 0.6112 0.7577 0.7877 0.5962 0.5896 0.6321 0.5841 0.6876 0.6716 0.6946 0.6862 0.4104 0.3314 0.5314 0.4668 0.4755 0.4354 0.3053 0.4938 0.5424 0.5913 0.7576 0.7668 0.6450 0.6655 0.5152 0.5248 0.4770 0.4231 0.7068 0.7720 0.4380 0.5666 0.4559 0.5969 0.4709 0.5909
0.4639 0.5031 0.6074 0.5736 0.6512 0.4898 0.4933 0.5662 0.5174 0.3794 0.5194 0.4345 0.5264 0.6502 0.5760 0.6227 0.5794 0.6306 0.5952 0.6161 0.5703 0.6339 0.6469 0.5892 0.4546 0.5606 0.5463 0.6586 0.6101 0.6789 0.6509 1.0000 0.7883 0.7110 0.6944 0.6712 0.5268 0.5538 0.7113 0.7236 0.6510 0.6434 0.7117 0.6651 0.6778 0.6357 0.7954 0.7459 0.5222 0.4562 0.6588 0.5723 0.5504 0.4076 0.4140 0.4804 0.5221 0.5947 0.7495 0.6882 0.6439 0.6349 0.5184 0.5052 0.5274 0.3784 0.5431 0.6003 0.4300 0.5534 0.5697 0.6587 0.6694 0.6549
0.4801 0.4474 0.5727 0.5461 0.6582 0.4877 0.4243 0.4926 0.5067 0.4550 0.6405 0.4250 0.5744 0.5322 0.6282 0.6135 0.6272 0.6535 0.5932 0.6101 0.5613 0.5965 0.6442 0.5559 0.5089 0.5719 0.5998 0.6742 0.6441 0.6704 0.6587 0.7883 1.0000 0.6013 0.6640 0.6645 0.5258 0.5774 0.6497 0.6899 0.6602 0.6705 0.7137 0.6945 0.6532 0.6448 0.7026 0.8319 0.5363 0.3538 0.6458 0.4587 0.5818 0.3414 0.4348 0.5412 0.5086 0.5981 0.7277 0.6623 0.6159 0.7287 0.5264 0.6880 0.5790 0.5961 0.4568 0.5655 0.3821 0.5917 0.4983 0.7061 0.6033 0.7439
0.4593 0.4851 0.5111 0.4929 0.5381 0.4496 0.4684 0.6055 0.4342 0.5187 0.5034 0.5035 0.4856 0.6774 0.4698 0.6354 0.6243 0.5442 0.4823 0.4659 0.4507 0.6014 0.6228 0.7022 0.5800 0.5512 0.5030 0.5691 0.5240 0.4519 0.4374 0.7110 0.6013 1.0000 0.5139 0.5789 0.5176 0.5010 0.5677 0.5588 0.5780 0.5806 0.5870 0.5516 0.4969 0.4416 0.4927 0.4686 0.4909 0.4747 0.5727 0.5412 0.4957 0.4299 0.4456 0.4796 0.4390 0.5404 0.6259 0.5775 0.4106 0.4469 0.4585 0.4151 0.4221 0.3046 0.3224 0.4280 0.5536 0.6067 0.6540 0.6632 0.6186 0.5558
0.4420 0.5323 0.6362 0.6274 0.6806 0.5165 0.6267 0.5893 0.5170 0.3200 0.5346 0.3153 0.5345 0.5106 0.5389 0.6178 0.6184 0.6369 0.6703 0.6184 0.6212 0.5941 0.6376 0.5407 0.4205 0.6331 0.6389 0.7422 0.7244 0.7437 0.7463 0.6944 0.6640 0.5139 1.0000 0.9423 0.7524 0.8434 0.9100 0.9027 0.8346 0.8067 0.7935 0.7573 0.7959 0.8227 0.7459 0.7689 0.5218 0.4187 0.6714 0.5884 0.5246 0.4013 0.3765 0.5375 0.4538 0.5629 0.8568 0.8599 0.6378 0.6778 0.4761 0.4904 0.4515 0.3815 0.6032 0.6927 0.4402 0.6015 0.4619 0.5959 0.4474 0.5934
0.5292 0.6040 0.6398 0.6249 0.6722 0.5383 0.6436 0.5969 0.5440 0.4098 0.5816 0.3755 0.5711 0.5429 0.5427 0.6802 0.6988 0.6723 0.6848 0.5917 0.5899 0.6288 0.6733 0.6140 0.4851 0.6598 0.6606 0.7865 0.7692 0.6928 0.7013 0.6712 0.6645 0.5789 0.9423 1.0000 0.8496 0.9249 0.8935 0.9081 0.8841 0.8790 0.7997 0.8033 0.7107 0.7551 0.6543 0.7238 0.5941 0.4955 0.7151 0.6258 0.5458 0.4294 0.4256 0.5947 0.4753 0.6237 0.8727 0.8887 0.5664 0.6170 0.4655 0.5106 0.4218 0.3871 0.5012 0.6384 0.4917 0.6678 0.5143 0.6388 0.4675 0.6313
0.6457 0.6825 0.6253 0.5761 0.5232 0.5825 0.6201 0.5284 0.4349 0.4437 0.5117 0.4371 0.4888 0.4504 0.3943 0.6493 0.6981 0.6789 0.6684 0.5535 0.5275 0.5255 0.5320 0.4911 0.3167 0.6604 0.6479 0.7691 0.7467 0.5629 0.5288 0.5268 0.5258 0.5176 0.7524 0.8496 1.0000 0.9400 0.7457 0.7516 0.8587 0.8286 0.6434 0.6709 0.4490 0.4887 0.4218 0.4982 0.6524 0.5804 0.6983 0.6322 0.5388 0.4493 0.4377 0.5765 0.4594 0.5586 0.7972 0.8322 0.4260 0.4724 0.3996 0.5083 0.4264 0.3838 0.3352 0.4880 0.3492 0.6015 0.3172 0.4882 0.3062 0.4749
0.5857 0.6346 0.6435 0.5982 0.5741 0.5786 0.6400 0.5498 0.4741 0.4111 0.5244 0.4076 0.5165 0.4577 0.4257 0.6383 0.6788 0.6778 0.6863 0.5809 0.5679 0.5416 0.5628 0.5094 0.3609 0.6599 0.6649 0.7829 0.7699 0.6233 0.6112 0.5538 0.5774 0.5010 0.8434 0.9249 0.9400 1.0000 0.8065 0.8257 0.8749 0.8815 0.7011 0.7312 0.5648 0.6180 0.5029 0.5904 0.6056 0.5062 0.6936 0.6088 0.5342 0.4376 0.4164 0.5736 0.4652 0.5809 0.8273 0.8744 0.4796 0.5364 0.4068 0.5202 0.4112 0.3985 0.4130 0.5519 0.3806 0.6163 0.3588 0.5131 0.3258 0.5115
0.4649 0.5146 0.6388 0.6431 0.6382 0.5607 0.6661 0.5242 0.5136 0.3386 0.5324 0.3466 0.5537 0.5039 0.5277 0.6494 0.6154 0.6189 0.6558 0.5873 0.6240 0.5141 0.5737 0.6121 0.4988 0.5968 0.6092 0.7444 0.7220 0.7173 0.7577 0.7113 0.6497 0.5677 0.9100 0.8935 0.7457 0.8065 1.0000 0.9516 0.7864 0.7485 0.7331 0.6797 0.7280 0.7278 0.7656 0.7204 0.5153 0.4197 0.6680 0.6234 0.5343 0.4830 0.4268 0.5569 0.4542 0.5866 0.8178 0.8444 0.6565 0.6741 0.5471 0.5274 0.4614 0.3963 0.6726 0.7554 0.4875 0.6272 0.5356 0.6144 0.4871 0.5590
0.4725 0.5472 0.6444 0.6515 0.6640 0.5459 0.6736 0.5232 0.5271 0.3311 0.5649 0.3360 0.5864 0.4956 0.5551 0.6440 0.6488 0.6653 0.6998 0.6208 0.6486 0.5433 0.5966 0.5845 0.4876 0.6347 0.6435 0.7868 0.7624 0.7560 0.7877 0.7236 0.6899 0.5588 0.9027 0.9081 0.7516 0.8257 0.9516 1.0000 0.7747 0.7719 0.7409 0.7353 0.7432 0.7738 0.7598 0.7772 0.5342 0.4457 0.6670 0.6183 0.5362 0.4929 0.4176 0.5899 0.4914 0.6506 0.8535 0.8812 0.6924 0.7086 0.5583 0.5492 0.4963 0.4129 0.6758 0.7722 0.4656 0.6368 0.5045 0.6471 0.4960 0.6335
0.6343 0.6689 0.6393 0.6088 0.6356 0.5782 0.6151 0.6159 0.5220 0.5085 0.5817 0.4911 0.5409 0.5291 0.4563 0.6826 0.6865 0.6905 0.6696 0.5982 0.5616 0.6226 0.6275 0.5714 0.3666 0.6546 0.6496 0.7649 0.7457 0.6291 0.5962 0.6510 0.6602 0.5780 0.8346 0.8841 0.8587 0.8749 0.7864 0.7747 1.0000 0.9229 0.8743 0.8345 0.6638 0.6680 0.6274 0.6560 0.7032 0.5988 0.8098 0.6958 0.6599 0.4934 0.4902 0.5969 0.4767 0.6104 0.8296 0.8217 0.4981 0.5483 0.4083 0.5269 0.4235 0.4032 0.3679 0.5100 0.3963 0.6107 0.4124 0.5500 0.4391 0.5800
0.6254 0.7024 0.6574 0.6348 0.6663 0.5778 0.6325 0.6080 0.5598 0.5015 0.6347 0.4829 0.6012 0.5360 0.5179 0.6647 0.7301 0.7095 0.6895 0.6436 0.6076 0.6458 0.6505 0.5474 0.3870 0.6871 0.6829 0.7765 0.7518 0.6390 0.5896 0.6434 0.6705 0.5806 0.8067 0.8790 0.8286 0.8815 0.7485 0.7719 0.9229 1.0000 0.8584 0.9159 0.6830 0.7354 0.6155 0.6924 0.7022 0.6417 0.7843 0.7225 0.6352 0.5107 0.4894 0.6412 0.4921 0.6992 0.8484 0.8468 0.5147 0.5711 0.3880 0.5164 0.4155 0.3983 0.3650 0.5065 0.3818 0.6332 0.4044 0.6100 0.4771 0.6753
0.5575 0.6019 0.6435 0.6119 0.7071 0.5380 0.5524 0.6511 0.5538 0.5349 0.6144 0.5264 0.5798 0.5880 0.5216 0.6759 0.6604 0.6704 0.6447 0.6604 0.6213 0.6923 0.6891 0.5529 0.3838 0.6615 0.6529 0.7251 0.6939 0.6830 0.6321 0.7117 0.7137 0.5870 0.7935 0.7997 0.6434 0.7011 0.7331 0.7409 0.8743 0.8584 1.0000 0.9073 0.8679 0.8089 0.7851 0.7676 0.6593 0.5680 0.8020 0.6594 0.7027 0.4809 0.5230 0.5680 0.5919 0.7038 0.8334 0.7745 0.5510 0.5913 0.3840 0.4807 0.4341 0.3781 0.4052 0.5211 0.3968 0.5789 0.4476 0.6208 0.5996 0.7075
0.5429 0.6440 0.6236 0.6166 0.7265 0.5101 0.5729 0.6030 0.5961 0.4869 0.6782 0.4748 0.6639 0.5466 0.6019 0.6222 0.6954 0.6755 0.6542 0.6607 0.6231 0.6838 0.6824 0.4922 0.3765 0.6719 0.6747 0.7200 0.6924 0.6475 0.5841 0.6651 0.6945 0.5516 0.7573 0.8033 0.6709 0.7312 0.6797 0.7353 0.8345 0.9159 0.9073 1.0000 0.7939 0.8511 0.7027 0.7869 0.6585 0.6056 0.7609 0.6711 0.6425 0.4963 0.4731 0.6498 0.5455 0.7895 0.8295 0.7896 0.5402 0.5875 0.3746 0.4932 0.4368 0.3902 0.3694 0.5064 0.3465 0.5808 0.3731 0.6434 0.5343 0.7900
0.3878 0.4533 0.6200 0.5967 0.7022 0.4970 0.5410 0.5920 0.5051 0.3896 0.5699 0.4239 0.5749 0.5298 0.5624 0.5718 0.5579 0.5925 0.6172 0.6739 0.6741 0.5966 0.6116 0.4571 0.3688 0.6217 0.6390 0.6289 0.6077 0.7179 0.6876 0.6778 0.6532 0.4969 0.7959 0.7107 0.4490 0.5648 0.7280 0.7432 0.6638 0.6830 0.8679 0.7939 1.0000 0.9239 0.8657 0.8065 0.4988 0.4215 0.6594 0.5630 0.6216 0.4716 0.4450 0.5173 0.5687 0.6509 0.7785 0.7228 0.6424 0.6629 0.3933 0.4318 0.4569 0.3527 0.6165 0.6574 0.3612 0.5064 0.3939 0.6001 0.5688 0.6674
0.3308 0.4348 0.5550 0.5619 0.7131 0.4120 0.5268 0.5231 0.5430 0.2892 0.5918 0.2817 0.6093 0.4424 0.6206 0.5079 0.5564 0.5489 0.5834 0.6229 0.6286 0.5546 0.5962 0.4052 0.3693 0.6180 0.6488 0.6112 0.5961 0.6986 0.6716 0.6357 0.6448 0.4416 0.8227 0.7551 0.4887 0.6180 0.7278 0.7738 0.6680 0.7354 0.8089 0.8511 0.9239 1.0000 0.7949 0.8535 0.4691 0.3900 0.6101 0.5289 0.5254 0.4239 0.3417 0.5552 0.4543 0.6610 0.7725 0.7360 0.6443 0.6756 0.3900 0.4375 0.4415 0.3638 0.6034 0.6509 0.3238 0.4938 0.3316 0.5945 0.4546 0.7089
0.3837 0.4157 0.5891 0.5730 0.6701 0.5033 0.5251 0.5450 0.5090 0.3495 0.5299 0.4097 0.5305 0.5530 0.5474 0.5222 0.4918 0.5728 0.5803 0.6281 0.6152 0.5528 0.5589 0.4644 0.3509 0.4911 0.5025 0.5994 0.5612 0.7066 0.6946 0.7954 0.7026 0.4927 0.7459 0.6543 0.4218 0.5029 0.7656 0.7598 0.6274 0.6155 0.7851 0.7027 0.8657 0.7949 1.0000 0.8354 0.5007 0.4093 0.6868 0.6019 0.6300 0.4862 0.4721 0.5001 0.5207 0.6179 0.7327 0.6748 0.6643 0.6648 0.4551 0.4491 0.4611 0.3417 0.6328 0.6509 0.3142 0.4625 0.4339 0.5733 0.6439 0.6402
0.3752 0.4155 0.5677 0.5604 0.6774 0.4330 0.4641 0.4771 0.5120 0.3207 0.6152 0.3237 0.5922 0.4746 0.6453 0.5045 0.5650 0.5832 0.5759 0.6233 0.5880 0.5436 0.5923 0.4148 0.3987 0.5644 0.5977 0.6295 0.6094 0.7021 0.6862 0.7459 0.8319 0.4686 0.7689 0.7238 0.4982 0.5904 0.7204 0.7772 0.6560 0.6924 0.7676 0.7869 0.8065 0.8535 0.8354 1.0000 0.4838 0.3396 0.6352 0.4600 0.5411 0.3637 0.3704 0.5571 0.4894 0.6675 0.7660 0.7031 0.6825 0.7519 0.4506 0.5625 0.5025 0.4658 0.5668 0.6311 0.2914 0.5065 0.3971 0.6663 0.5582 0.7855
0.9129 0.8146 0.6533 0.5788 0.4869 0.6788 0.5884 0.5307 0.4413 0.6476 0.6376 0.6235 0.4827 0.5314 0.3595 0.7256 0.7593 0.7799 0.7491 0.6318 0.5839 0.5428 0.5032 0.4996 0.2910 0.5657 0.5455 0.7281 0.7048 0.4741 0.4104 0.5222 0.5363 0.4909 0.5218 0.5941 0.6524 0.6056 0.5153 0.5342 0.7032 0.7022 0.6593 0.6585 0.4988 0.4691 0.5007 0.4838 1.0000 0.8243 0.7766 0.7375 0.7552 0.5238 0.6397 0.6139 0.4933 0.5240 0.7104 0.6547 0.3422 0.3725 0.3390 0.4880 0.3880 0.3426 0.2502 0.3575 0.3168 0.5757 0.3882 0.5327 0.5455 0.5614
0.7597 0.8924 0.6261 0.5904 0.4204 0.5794 0.6268 0.4694 0.4062 0.5808 0.5946 0.5658 0.4528 0.4722 0.2834 0.5993 0.7007 0.6739 0.6568 0.6151 0.5542 0.4959 0.4560 0.4221 0.2362 0.5265 0.4783 0.6346 0.6354 0.3876 0.3314 0.4562 0.3538 0.4747 0.4187 0.4955 0.5804 0.5062 0.4197 0.4457 0.5988 0.6417 0.5680 0.6056 0.4215 0.3900 0.4093 0.3396 0.8243 1.0000 0.6722 0.8085 0.6494 0.5942 0.5526 0.6016 0.4287 0.5344 0.6212 0.5823 0.3307 0.2944 0.2867 0.3491 0.2929 0.1750 0.1920 0.3018 0.2538 0.4960 0.3118 0.4561 0.4885 0.4645
0.7107 0.6805 0.7320 0.6618 0.6103 0.7625 0.6723 0.6156 0.5415 0.6294 0.6711 0.6659 0.5850 0.5612 0.4493 0.6425 0.6547 0.7528 0.7070 0.6648 0.5971 0.5670 0.5564 0.5366 0.3170 0.5950 0.5952 0.7421 0.7286 0.5999 0.5314 0.6588 0.6458 0.5727 0.6714 0.7151 0.6983 0.6936 0.6680 0.6670 0.8098 0.7843 0.8020 0.7609 0.6594 0.6101 0.6868 0.6352 0.7766 0.6722 1.0000 0.8272 0.8796 0.6595 0.6557 0.6879 0.5379 0.6627 0.8199 0.7506 0.5039 0.5322 0.4006 0.5170 0.4350 0.3912 0.3541 0.4745 0.2891 0.5348 0.3727 0.5451 0.5463 0.5943
0.6729 0.7378 0.6790 0.7019 0.5440 0.7130 0.7649 0.5166 0.4965 0.5318 0.6093 0.5441 0.5437 0.4738 0.3885 0.5932 0.6331 0.6842 0.6919 0.6081 0.5927 0.4673 0.4680 0.5065 0.3219 0.5295 0.5235 0.6795 0.6728 0.4782 0.4668 0.5723 0.4587 0.5412 0.5884 0.6258 0.6322 0.6088 0.6234 0.6183 0.6958 0.7225 0.6594 0.6711 0.5630 0.5289 0.6019 0.4600 0.7375 0.8085 0.8272 1.0000 0.7273 0.7925 0.6039 0.6831 0.3853 0.6250 0.7071 0.7157 0.4674 0.4665 0.3956 0.4417 0.3720 0.2531 0.3952 0.4961 0.3073 0.5277 0.3559 0.4797 0.4482 0.4549
0.6747 0.6256 0.6896 0.6081 0.5232 0.7436 0.6116 0.5991 0.4356 0.6958 0.6925 0.7403 0.5504 0.5395 0.3723 0.5777 0.6000 0.7319 0.6720 0.6478 0.5875 0.5064 0.4594 0.4585 0.2353 0.5708 0.5660 0.6971 0.6847 0.5609 0.4755 0.5504 0.5818 0.4957 0.5246 0.5458 0.5388 0.5342 0.5343 0.5362 0.6599 0.6352 0.7027 0.6425 0.6216 0.5254 0.6300 0.5411 0.7552 0.6494 0.8796 0.7273 1.0000 0.6827 0.7899 0.6714 0.6070 0.6121 0.6937 0.6189 0.4662 0.4964 0.3880 0.5098 0.4742 0.4204 0.3378 0.4502 0.2030 0.4408 0.2815 0.4662 0.5341 0.5345
0.4693 0.5335 0.5570 0.6673 0.4241 0.6438 0.7668 0.4181 0.3823 0.4482 0.5662 0.5193 0.5651 0.3600 0.3206 0.4607 0.5143 0.5565 0.5709 0.4673 0.5264 0.2845 0.3025 0.4108 0.2793 0.4674 0.4818 0.5724 0.5552 0.4455 0.4354 0.4076 0.3414 0.4299 0.4013 0.4294 0.4493 0.4376 0.4830 0.4929 0.4934 0.5107 0.4809 0.4963 0.4716 0.4239 0.4862 0.3637 0.5238 0.5942 0.6595 0.7925 0.6827 1.0000 0.6046 0.6905 0.3826 0.6273 0.5485 0.5720 0.3976 0.4068 0.3776 0.4372 0.3658 0.2754 0.4620 0.5526 0.2579 0.4431 0.2444 0.3931 0.3042 0.3452
0.5741 0.5052 0.4994 0.4845 0.3555 0.6328 0.5400 0.4806 0.2952 0.6459 0.6200 0.6367 0.4904 0.4755 0.2820 0.5248 0.5817 0.6122 0.5441 0.4447 0.4334 0.3484 0.3163 0.4495 0.2618 0.4780 0.4485 0.5903 0.5375 0.3612 0.3053 0.4140 0.4348 0.4456 0.3765 0.4256 0.4377 0.4164 0.4268 0.4176 0.4902 0.4894 0.5230 0.4731 0.4450 0.3417 0.4721 0.3704 0.6397 0.5526 0.6557 0.6039 0.7899 0.6046 1.0000 0.6193 0.4613 0.4767 0.5058 0.4754 0.3639 0.3935 0.3612 0.4471 0.4230 0.3625 0.2825 0.3802 0.2092 0.4255 0.3247 0.4403 0.4850 0.4450
0.5348 0.6059 0.6005 0.6950 0.5397 0.6307 0.7448 0.4537 0.4971 0.5283 0.7954 0.5065 0.7304 0.4156 0.5075 0.5792 0.7231 0.6452 0.6424 0.5926 0.6256 0.3800 0.4419 0.5137 0.4222 0.6330 0.6686 0.6961 0.7277 0.5029 0.4938 0.4804 0.5412 0.4796 0.5375 0.5947 0.5765 0.5736 0.5569 0.5899 0.5969 0.6412 0.5680 0.6498 0.5173 0.5552 0.5001 0.5571 0.6139 0.6016 0.6879 0.6831 0.6714 0.6905 0.6193 1.0000 0.3756 0.6799 0.6593 0.6492 0.4900 0.5566 0.4789 0.6177 0.5008 0.4811 0.4577 0.5732 0.3269 0.6132 0.3506 0.6346 0.4076 0.6477
0.5149 0.5078 0.6592 0.4983 0.4551 0.5312 0.4168 0.5022 0.3117 0.5011 0.4529 0.6238 0.4519 0.5388 0.3501 0.5513 0.5289 0.6136 0.5650 0.6732 0.6355 0.6071 0.5178 0.3454 0.2209 0.5421 0.4966 0.6182 0.5588 0.6449 0.5424 0.5221 0.5086 0.4390 0.4538 0.4753 0.4594 0.4652 0.4542 0.4914 0.4767 0.4921 0.5919 0.5455 0.5687 0.4543 0.5207 0.4894 0.4933 0.4287 0.5379 0.3853 0.6070 0.3826 0.4613 0.3756 1.0000 0.6817 0.6917 0.6226 0.3593 0.3835 0.2942 0.3652 0.3716 0.3094 0.2984 0.3944 0.2684 0.4333 0.3040 0.4875 0.6078 0.5669
0.4903 0.5923 0.6355 0.6830 0.6435 0.5455 0.6278 0.4790 0.5081 0.4900 0.6848 0.5501 0.7243 0.4914 0.5573 0.5808 0.6439 0.6532 0.6303 0.6822 0.6959 0.5778 0.5778 0.4340 0.3544 0.6351 0.6410 0.6882 0.6678 0.6282 0.5913 0.5947 0.5981 0.5404 0.5629 0.6237 0.5586 0.5809 0.5866 0.6506 0.6104 0.6992 0.7038 0.7895 0.6509 0.6610 0.6179 0.6675 0.5240 0.5344 0.6627 0.6250 0.6121 0.6273 0.4767 0.6799 0.6817 1.0000 0.7642 0.7557 0.4900 0.5408 0.3808 0.4963 0.4119 0.3847 0.4037 0.5354 0.3192 0.5403 0.3415 0.6468 0.5582 0.7656
0.6442 0.7118 0.7880 0.7368 0.7162 0.6772 0.7063 0.6481 0.5835 0.4813 0.6449 0.5298 0.6440 0.6169 0.5833 0.7463 0.7633 0.8130 0.8012 0.7694 0.7509 0.7004 0.7038 0.6006 0.4530 0.7419 0.7350 0.8810 0.8369 0.8165 0.7576 0.7495 0.7277 0.6259 0.8568 0.8727 0.7972 0.8273 0.8178 0.8535 0.8296 0.8484 0.8334 0.8295 0.7785 0.7725 0.7327 0.7660 0.7104 0.6212 0.8199 0.7071 0.6937 0.5485 0.5058 0.6593 0.6917 0.7642 1.0000 0.9564 0.6129 0.6552 0.4693 0.5548 0.5160 0.4323 0.5335 0.6585 0.4698 0.6997 0.5090 0.7264 0.6155 0.7433
0.6045 0.6907 0.7442 0.7404 0.6903 0.6577 0.7461 0.6102 0.5526 0.4236 0.6122 0.4678 0.6385 0.5543 0.5583 0.7187 0.7379 0.7784 0.7997 0.7219 0.7468 0.6395 0.6548 0.5811 0.4516 0.7384 0.7383 0.8787 0.8467 0.7828 0.7668 0.6882 0.6623 0.5775 0.8599 0.8887 0.8322 0.8744 0.8444 0.8812 0.8217 0.8468 0.7745 0.7896 0.7228 0.7360 0.6748 0.7031 0.6547 0.5823 0.7506 0.7157 0.6189 0.5720 0.4754 0.6492 0.6226 0.7557 0.9564 1.0000 0.5922 0.6421 0.4813 0.5583 0.4922 0.4243 0.5641 0.6961 0.4739 0.7009 0.4789 0.6802 0.5095 0.6714
0.2829 0.4098 0.5486 0.5569 0.5638 0.4374 0.5394 0.4150 0.4204 0.1848 0.5200 0.2287 0.5198 0.3735 0.4976 0.3922 0.4764 0.5473 0.5772 0.5947 0.5833 0.3829 0.4129 0.3249 0.2530 0.5805 0.6038 0.6011 0.5847 0.6603 0.6450 0.6439 0.6159 0.4106 0.6378 0.5664 0.4260 0.4796 0.6565 0.6924 0.4981 0.5147 0.5510 0.5402 0.6424 0.6443 0.6643 0.6825 0.3422 0.3307 0.5039 0.4674 0.4662 0.3976 0.3639 0.4900 0.3593 0.4900 0.6129 0.5922 1.0000 0.8578 0.5990 0.5637 0.5704 0.4539 0.6874 0.6946 0.1764 0.3933 0.2348 0.4899 0.3557 0.5164
0.3052 0.3806 0.5561 0.6005 0.6344 0.4594 0.5431 0.4280 0.4950 0.2745 0.6048 0.2589 0.5922 0.3501 0.5861 0.4680 0.5330 0.5666 0.5640 0.6009 0.5873 0.4281 0.5144 0.4014 0.3772 0.6360 0.6876 0.6302 0.6163 0.6637 0.6655 0.6349 0.7287 0.4469 0.6778 0.6170 0.4724 0.5364 0.6741 0.7086 0.5483 0.5711 0.5913 0.5875 0.6629 0.6756 0.6648 0.7519 0.3725 0.2944 0.5322 0.4665 0.4964 0.4068 0.3935 0.5566 0.3835 0.5408 0.6552 0.6421 0.8578 1.0000 0.6502 0.6968 0.6330 0.6099 0.6568 0.6925 0.2663 0.4902 0.2808 0.5710 0.3583 0.5741
0.3290 0.3629 0.4265 0.4923 0.4164 0.4011 0.4947 0.3259 0.3906 0.3155 0.4895 0.2695 0.4584 0.3362 0.4051 0.4921 0.5073 0.4994 0.5154 0.4415 0.4867 0.3123 0.4132 0.5075 0.4165 0.5060 0.5148 0.5580 0.5433 0.4802 0.5152 0.5184 0.5264 0.4585 0.4761 0.4655 0.3996 0.4068 0.5471 0.5583 0.4083 0.3880 0.3840 0.3746 0.3933 0.3900 0.4551 0.4506 0.3390 0.2867 0.4006 0.3956 0.3880 0.3776 0.3612 0.4789 0.2942 0.3808 0.4693 0.4813 0.5990 0.6502 1.0000 0.7024 0.6933 0.5518 0.5284 0.5907 0.3706 0.5276 0.3503 0.5014 0.3049 0.3941
0.5051 0.4651 0.5533 0.6134 0.4702 0.5455 0.5609 0.3423 0.4252 0.4444 0.6643 0.4011 0.5876 0.3159 0.4676 0.5683 0.6356 0.6376 0.6266 0.5745 0.5879 0.3402 0.4312 0.4662 0.4101 0.5905 0.6428 0.6455 0.6513 0.5230 0.5248 0.5052 0.6880 0.4151 0.4904 0.5106 0.5083 0.5202 0.5274 0.5492 0.5269 0.5164 0.4807 0.4932 0.4318 0.4375 0.4491 0.5625 0.4880 0.3491 0.5170 0.4417 0.5098 0.4372 0.4471 0.6177 0.3652 0.4963 0.5548 0.5583 0.5637 0.6968 0.7024 1.0000 0.6598 0.7629 0.4832 0.5853 0.3148 0.5768 0.2874 0.5591 0.2773 0.5087
0.3512 0.3737 0.4584 0.4636 0.4731 0.4119 0.4259 0.3856 0.3793 0.3159 0.5039 0.3367 0.4838 0.3543 0.4568 0.4649 0.5265 0.5264 0.5126 0.4840 0.4924 0.3539 0.4102 0.3381 0.2780 0.5940 0.6064 0.5616 0.5273 0.5352 0.4770 0.5274 0.5790 0.4221 0.4515 0.4218 0.4264 0.4112 0.4614 0.4963 0.4235 0.4155 0.4341 0.4368 0.4569 0.4415 0.4611 0.5025 0.3880 0.2929 0.4350 0.3720 0.4742 0.3658 0.4230 0.5008 0.3716 0.4119 0.5160 0.4922 0.5704 0.6330 0.6933 0.6598 1.0000 0.5931 0.5087 0.5601 0.2425 0.4912 0.2058 0.4879 0.2757 0.4432
0.3195 0.2857 0.3672 0.4182 0.4310 0.3634 0.3452 0.2465 0.3702 0.3639 0.5394 0.2965 0.4932 0.1981 0.4065 0.4546 0.4894 0.4997 0.4527 0.4305 0.4391 0.2972 0.3758 0.3219 0.2714 0.5311 0.5874 0.4957 0.4852 0.4483 0.4231 0.3784 0.5961 0.3046 0.3815 0.3871 0.3838 0.3985 0.3963 0.4129 0.4032 0.3983 0.3781 0.3902 0.3527 0.3638 0.3417 0.4658 0.3426 0.1750 0.3912 0.2531 0.4204 0.2754 0.3625 0.4811 0.3094 0.3847 0.4323 0.4243 0.4539 0.6099 0.5518 0.7629 0.5931 1.0000 0.3779 0.4638 0.2011 0.4564 0.1528 0.4306 0.1868 0.4052
0.2033 0.2850 0.4666 0.5404 0.4158 0.3945 0.5578 0.2962 0.3056 0.0392 0.3785 0.1387 0.4374 0.2860 0.4146 0.3989 0.3961 0.4429 0.5372 0.4735 0.5659 0.1767 0.2563 0.3486 0.3258 0.4508 0.5065 0.5361 0.5351 0.6657 0.7068 0.5431 0.4568 0.3224 0.6032 0.5012 0.3352 0.4130 0.6726 0.6758 0.3679 0.3650 0.4052 0.3694 0.6165 0.6034 0.6328 0.5668 0.2502 0.1920 0.3541 0.3952 0.3378 0.4620 0.2825 0.4577 0.2984 0.4037 0.5335 0.5641 0.6874 0.6568 0.5284 0.4832 0.5087 0.3779 1.0000 0.8838 0.3355 0.4572 0.3084 0.4385 0.2434 0.3598
0.3067 0.4215 0.5513 0.6549 0.5173 0.4766 0.6741 0.3955 0.3835 0.1774 0.5192 0.2459 0.5567 0.3787 0.4871 0.5227 0.5489 0.5776 0.6562 0.5492 0.6555 0.3102 0.3916 0.4770 0.4202 0.5635 0.6011 0.6783 0.6768 0.7349 0.7720 0.6003 0.5655 0.4280 0.6927 0.6384 0.4880 0.5519 0.7554 0.7722 0.5100 0.5065 0.5211 0.5064 0.6574 0.6509 0.6509 0.6311 0.3575 0.3018 0.4745 0.4961 0.4502 0.5526 0.3802 0.5732 0.3944 0.5354 0.6585 0.6961 0.6946 0.6925 0.5907 0.5853 0.5601 0.4638 0.8838 1.0000 0.4267 0.5919 0.3909 0.5629 0.3158 0.4777
0.3088 0.3132 0.3253 0.3938 0.3679 0.2806 0.3620 0.3737 0.3064 0.3235 0.2994 0.2941 0.3418 0.4730 0.3789 0.7116 0.5418 0.3666 0.3695 0.2661 0.3362 0.4516 0.5746 0.8187 0.8269 0.3738 0.3252 0.4578 0.4254 0.3575 0.4380 0.4300 0.3821 0.5536 0.4402 0.4917 0.3492 0.3806 0.4875 0.4656 0.3963 0.3818 0.3968 0.3465 0.3612 0.3238 0.3142 0.2914 0.3168 0.2538 0.2891 0.3073 0.2030 0.2579 0.2092 0.3269 0.2684 0.3192 0.4698 0.4739 0.1764 0.2663 0.3706 0.3148 0.2425 0.2011 0.3355 0.4267 1.0000 0.7778 0.8512 0.6874 0.4584 0.4034
0.5471 0.6032 0.5660 0.6117 0.5300 0.5013 0.6086 0.5107 0.4520 0.4747 0.5860 0.4531 0.5943 0.5604 0.5325 0.8333 0.8491 0.6550 0.6650 0.5256 0.5756 0.5467 0.6424 0.7778 0.7537 0.6308 0.6104 0.7223 0.6979 0.5496 0.5666 0.5534 0.5917 0.6067 0.6015 0.6678 0.6015 0.6163 0.6272 0.6368 0.6107 0.6332 0.5789 0.5808 0.5064 0.4938 0.4625 0.5065 0.5757 0.4960 0.5348 0.5277 0.4408 0.4431 0.4255 0.6132 0.4333 0.5403 0.6997 0.7009 0.3933 0.4902 0.5276 0.5768 0.4912 0.4564 0.4572 0.5919 0.7778 1.0000 0.7256 0.8388 0.5127 0.6064
0.3742 0.3521 0.3803 0.3897 0.3768 0.3472 0.3469 0.4362 0.3085 0.3853 0.3417 0.3695 0.3370 0.6313 0.4162 0.6732 0.5473 0.4232 0.4007 0.3091 0.3510 0.4948 0.5765 0.8488 0.8249 0.3239 0.2692 0.4947 0.4450 0.3758 0.4559 0.5697 0.4983 0.6540 0.4619 0.5143 0.3172 0.3588 0.5356 0.5045 0.4124 0.4044 0.4476 0.3731 0.3939 0.3316 0.4339 0.3971 0.3882 0.3118 0.3727 0.3559 0.2815 0.2444 0.3247 0.3506 0.3040 0.3415 0.5090 0.4789 0.2348 0.2808 0.3503 0.2874 0.2058 0.1528 0.3084 0.3909 0.8512 0.7256 1.0000 0.7691 0.7092 0.5275
0.4809 0.5489 0.5639 0.6064 0.6133 0.4764 0.5349 0.4794 0.4946 0.4791 0.6791 0.4562 0.6981 0.6212 0.7072 0.7393 0.7931 0.6472 0.6273 0.5833 0.6117 0.5903 0.6771 0.7421 0.7806 0.6049 0.6073 0.6893 0.6488 0.5915 0.5969 0.6587 0.7061 0.6632 0.5959 0.6388 0.4882 0.5131 0.6144 0.6471 0.5500 0.6100 0.6208 0.6434 0.6001 0.5945 0.5733 0.6663 0.5327 0.4561 0.5451 0.4797 0.4662 0.3931 0.4403 0.6346 0.4875 0.6468 0.7264 0.6802 0.4899 0.5710 0.5014 0.5591 0.4879 0.4306 0.4385 0.5629 0.6874 0.8388 0.7691 1.0000 0.7129 0.8446
0.4907 0.4766 0.5076 0.4379 0.4872 0.4524 0.3344 0.5072 0.3947 0.5333 0.4736 0.6012 0.4404 0.7159 0.4485 0.5835 0.5401 0.5699 0.4932 0.5541 0.5186 0.6261 0.5821 0.5855 0.4775 0.3619 0.3092 0.5217 0.4441 0.4777 0.4709 0.6694 0.6033 0.6186 0.4474 0.4675 0.3062 0.3258 0.4871 0.4960 0.4391 0.4771 0.5996 0.5343 0.5688 0.4546 0.6439 0.5582 0.5455 0.4885 0.5463 0.4482 0.5341 0.3042 0.4850 0.4076 0.6078 0.5582 0.6155 0.5095 0.3557 0.3583 0.3049 0.2773 0.2757 0.1868 0.2434 0.3158 0.4584 0.5127 0.7092 0.7129 1.0000 0.7283
0.4728 0.5258 0.5364 0.5576 0.6516 0.4497 0.4577 0.4443 0.5176 0.4611 0.6990 0.4494 0.7086 0.5508 0.6800 0.5960 0.6814 0.6368 0.5988 0.6241 0.6201 0.6106 0.6419 0.5076 0.4996 0.5648 0.5775 0.6597 0.6124 0.6217 0.5909 0.6549 0.7439 0.5558 0.5934 0.6313 0.4749 0.5115 0.5590 0.6335 0.5800 0.6753 0.7075 0.7900 0.6674 0.7089 0.6402 0.7855 0.5614 0.4645 0.5943 0.4549 0.5345 0.3452 0.4450 0.6477 0.5669 0.7656 0.7433 0.6714 0.5164 0.5741 0.3941 0.5087 0.4432 0.4052 0.3598 0.4777 0.4034 0.6064 0.5275 0.8446 0.7283 1.0000
