1.0000 0.7966 0.7578 0.7005 0.1643 0.8812 0.6654 0.1812 0.1131 0.7601 0.5375 0.7171 0.4206 0.3726 0.1912 0.7711 0.6147 0.7612 0.7715 0.5995 0.6531 0.2448 0.1639 0.6619 0.4689 0.2651 0.3558 0.7402 0.7212 0.5333 0.5161 0.3724 0.2702 0.2917 0.4126 0.4366 0.4719 0.4841 0.4388 0.2996 0.4213 0.4940 0.4783 0.3968 0.3135 0.2699 0.3542 0.3192 0.9122 0.6766 0.7671 0.6843 0.8439 0.4364 0.7792 0.4259 0.6300 0.5724 0.6678 0.6703 0.4239 0.3892 0.5284 0.5053 0.4829 0.4422 0.5645 0.5859 0.6013 0.5392 0.6654 0.5451 0.4126 0.4478
0.7966 1.0000 0.7643 0.8680 0.2170 0.7686 0.8708 0.2167 0.1387 0.6801 0.7564 0.6957 0.6044 0.3624 0.1813 0.7220 0.7940 0.8071 0.8144 0.7007 0.7514 0.3339 0.2399 0.6913 0.6169 0.4113 0.5118 0.7809 0.8005 0.5348 0.5256 0.3034 0.2396 0.2276 0.4418 0.4927 0.5333 0.5704 0.4379 0.3319 0.5110 0.6215 0.4809 0.5587 0.3002 0.2577 0.3053 0.2645 0.7199 0.8234 0.6836 0.7404 0.6737 0.6092 0.6558 0.6070 0.5830 0.7243 0.6811 0.6664 0.5196 0.5666 0.6176 0.6544 0.5355 0.5727 0.5598 0.6230 0.5794 0.7084 0.5896 0.6756 0.3499 0.5526
0.7578 0.7643 1.0000 0.9090 0.2704 0.8884 0.8185 0.2481 0.2460 0.6827 0.6638 0.7490 0.5713 0.2451 0.2350 0.6386 0.6602 0.7692 0.7133 0.8332 0.8393 0.3508 0.2657 0.6548 0.5800 0.5331 0.6105 0.6636 0.6369 0.3203 0.3326 0.1184 0.1007 0.0644 0.2790 0.3249 0.3943 0.4876 0.3061 0.1321 0.4233 0.5049 0.5155 0.4133 0.2200 0.2381 0.1702 0.0939 0.7393 0.5953 0.6964 0.6736 0.7347 0.4524 0.6997 0.4008 0.6648 0.5983 0.5498 0.5427 0.5763 0.6547 0.5474 0.6175 0.3934 0.4629 0.3600 0.4017 0.4067 0.5151 0.5138 0.4985 0.2819 0.4335
0.7005 0.8680 0.9090 1.0000 0.3574 0.7980 0.9230 0.2591 0.2934 0.6424 0.7678 0.7081 0.6644 0.2896 0.2771 0.6427 0.7300 0.7978 0.7589 0.8536 0.8953 0.4157 0.3210 0.6553 0.6485 0.5588 0.6560 0.6934 0.7036 0.3705 0.3865 0.1824 0.1832 0.1251 0.3608 0.4214 0.4764 0.5597 0.3944 0.2369 0.5140 0.5697 0.5592 0.5285 0.2471 0.2028 0.2029 0.1426 0.6756 0.7120 0.6549 0.6958 0.6696 0.5723 0.6554 0.5142 0.6371 0.6828 0.5862 0.5866 0.5594 0.6687 0.5741 0.6763 0.4342 0.5352 0.4178 0.4803 0.4556 0.5951 0.5162 0.5730 0.2922 0.5113
0.1643 0.2170 0.2704 0.3574 1.0000 0.2162 0.3171 0.3834 0.7939 0.0798 0.3397 0.1438 0.4331 0.3369 0.6473 0.1138 0.2037 0.2561 0.1316 0.3693 0.3300 0.7004 0.7170 0.1069 0.3112 0.2387 0.3001 0.1652 0.2047 0.0833 0.1060 -0.0135 0.3195 0.2171 0.2282 0.2760 0.3461 0.2718 0.2700 0.2327 0.3554 0.2650 0.3486 0.2721 -0.0457 -0.0199 -0.0828 0.1895 0.2273 0.4032 0.2684 0.2062 0.2175 0.2926 0.1371 0.1732 0.1491 0.2041 0.2872 0.2384 0.0909 0.2346 0.0792 0.2054 0.1247 0.1888 0.0695 0.1258 0.0821 0.1721 0.0184 0.2678 -0.0969 0.3006
0.8812 0.7686 0.8884 0.7980 0.2162 1.0000 0.7610 0.1489 0.1175 0.7135 0.5425 0.7755 0.4258 0.2899 0.1352 0.6844 0.5837 0.7280 0.7262 0.6711 0.7229 0.2630 0.1386 0.6589 0.4753 0.3085 0.4028 0.6449 0.6307 0.3909 0.3782 0.2414 0.1616 0.1826 0.3245 0.3215 0.4236 0.4134 0.3583 0.1658 0.3672 0.4609 0.4472 0.3450 0.2189 0.2779 0.2534 0.1719 0.7727 0.5547 0.7210 0.7053 0.7903 0.4247 0.7253 0.3652 0.6213 0.5937 0.6140 0.5713 0.4693 0.4918 0.4884 0.5378 0.3760 0.4144 0.4182 0.4708 0.4350 0.4717 0.5331 0.4609 0.2926 0.3960
0.6654 0.8708 0.8185 0.9230 0.3171 0.7610 1.0000 0.3144 0.2848 0.6351 0.8316 0.6700 0.7246 0.3608 0.2964 0.6200 0.7703 0.7393 0.7231 0.8178 0.8454 0.4251 0.3323 0.6615 0.6684 0.5171 0.6245 0.7452 0.7625 0.4674 0.4773 0.2358 0.2382 0.1843 0.4686 0.5290 0.5198 0.6183 0.4984 0.3777 0.5705 0.6344 0.6123 0.6197 0.3503 0.2354 0.2922 0.2758 0.6427 0.7604 0.6424 0.6781 0.6932 0.6212 0.6417 0.5904 0.6524 0.7275 0.6317 0.6527 0.5921 0.6699 0.6242 0.6727 0.5393 0.5610 0.5258 0.5708 0.4962 0.6297 0.5419 0.6418 0.3691 0.5801
0.1812 0.2167 0.2481 0.2591 0.3834 0.1489 0.3144 1.0000 0.4486 0.3663 0.4577 0.3236 0.5167 0.6551 0.3741 0.2727 0.2969 0.2429 0.1684 0.3611 0.2923 0.5528 0.6213 0.3217 0.2945 0.3794 0.4154 0.3929 0.4045 0.2845 0.3511 0.1883 0.1875 0.2803 0.3978 0.4367 0.3301 0.3784 0.4003 0.4739 0.4341 0.3833 0.4156 0.4130 0.2529 -0.0922 0.1802 0.3469 0.3131 0.3939 0.1924 0.0535 0.3465 0.3654 0.3301 0.4174 0.3104 0.2441 0.3092 0.3825 0.3814 0.4288 0.3588 0.2789 0.4646 0.3751 0.3849 0.3298 0.3572 0.2934 0.3620 0.4058 0.3079 0.3576
0.1131 0.1387 0.2460 0.2934 0.7939 0.1175 0.2848 0.4486 1.0000 0.0397 0.3311 0.0314 0.4390 0.2912 0.7953 0.0202 0.1610 0.2066 0.0587 0.4149 0.3222 0.6722 0.7097 -0.0011 0.2791 0.2582 0.3044 0.1503 0.1698 0.0406 0.0730 -0.0308 0.3921 0.2201 0.1602 0.2403 0.2410 0.2112 0.2390 0.2300 0.3388 0.1876 0.3127 0.2397 -0.1007 -0.1217 -0.1512 0.1800 0.2278 0.4300 0.2134 0.1226 0.2042 0.1820 0.1010 0.0761 0.0772 0.0873 0.2123 0.2064 0.1046 0.2047 0.0293 0.0713 0.1126 0.0756 0.0586 0.0892 0.0389 0.0888 -0.0039 0.2262 -0.1168 0.2890
0.7601 0.6801 0.6827 0.6424 0.0798 0.7135 0.6351 0.3663 0.0397 1.0000 0.6904 0.9100 0.5675 0.5123 0.2000 0.8800 0.7437 0.7397 0.7186 0.6096 0.6051 0.2286 0.1674 0.8724 0.6600 0.5200 0.5603 0.8618 0.8197 0.6099 0.6142 0.4217 0.2768 0.2311 0.4752 0.5493 0.4489 0.6292 0.4679 0.3882 0.4892 0.6093 0.5651 0.5716 0.5591 0.3509 0.5020 0.3817 0.7645 0.5662 0.5910 0.5096 0.7553 0.4957 0.8363 0.5491 0.7609 0.6208 0.6052 0.6760 0.6382 0.6146 0.7677 0.7220 0.6844 0.6688 0.6766 0.6533 0.7726 0.6675 0.8659 0.6555 0.6994 0.5553
0.5375 0.7564 0.6638 0.7678 0.3397 0.5425 0.8316 0.4577 0.3311 0.6904 1.0000 0.6976 0.9107 0.5331 0.4681 0.6530 0.8454 0.6882 0.6384 0.7408 0.7238 0.4206 0.4327 0.6992 0.8146 0.5357 0.6404 0.7808 0.8043 0.5618 0.5656 0.2560 0.3350 0.2167 0.4939 0.6101 0.5155 0.6801 0.5147 0.4802 0.6310 0.6910 0.6528 0.7143 0.4671 0.3217 0.3257 0.4033 0.5863 0.7419 0.5195 0.5303 0.6084 0.6570 0.6474 0.6977 0.6644 0.7159 0.5750 0.6401 0.5375 0.6489 0.6495 0.7425 0.6185 0.6867 0.5989 0.6321 0.6246 0.7651 0.6298 0.7850 0.4558 0.7052
0.7171 0.6957 0.7490 0.7081 0.1438 0.7755 0.6700 0.3236 0.0314 0.9100 0.6976 1.0000 0.6151 0.5119 0.1924 0.8337 0.7266 0.7276 0.6870 0.5887 0.6192 0.1933 0.1308 0.8709 0.6809 0.4556 0.5178 0.7667 0.7415 0.5083 0.5072 0.3426 0.2089 0.1483 0.4036 0.4690 0.4557 0.5652 0.3967 0.2999 0.4836 0.6227 0.4874 0.5636 0.4377 0.3536 0.4179 0.2696 0.7022 0.5422 0.5720 0.5809 0.6990 0.5701 0.7871 0.5828 0.7109 0.6830 0.5669 0.6113 0.5518 0.6128 0.6768 0.7279 0.5371 0.6296 0.5642 0.5826 0.6546 0.6545 0.7303 0.6221 0.5319 0.5516
0.4206 0.6044 0.5713 0.6644 0.4331 0.4258 0.7246 0.5167 0.4390 0.5675 0.9107 0.6151 1.0000 0.5730 0.5907 0.5442 0.7137 0.5964 0.4908 0.6772 0.6223 0.4634 0.5329 0.5984 0.7567 0.4661 0.5687 0.6558 0.6872 0.5183 0.5261 0.2590 0.3673 0.2308 0.4702 0.5931 0.5036 0.6327 0.4896 0.4926 0.6093 0.6519 0.5747 0.7027 0.3952 0.2871 0.2985 0.4236 0.5054 0.6796 0.4374 0.4447 0.5468 0.6781 0.5650 0.7332 0.6003 0.6674 0.5172 0.5850 0.4275 0.5794 0.5606 0.6452 0.5344 0.6191 0.5347 0.5776 0.5205 0.6432 0.4997 0.7376 0.3481 0.7215
0.3726 0.3624 0.2451 0.2896 0.3369 0.2899 0.3608 0.6551 0.2912 0.5123 0.5331 0.5119 0.5730 1.0000 0.5096 0.4179 0.4598 0.3792 0.4518 0.3044 0.3185 0.4650 0.4265 0.5165 0.5345 0.1800 0.2333 0.5127 0.5397 0.5701 0.5908 0.5768 0.5236 0.6444 0.5867 0.6557 0.4774 0.5483 0.5888 0.6321 0.5409 0.5483 0.4690 0.5768 0.5076 0.1455 0.4511 0.5131 0.3996 0.4837 0.3179 0.2881 0.4443 0.4826 0.3943 0.4970 0.4077 0.4484 0.4560 0.6103 0.2872 0.2558 0.4600 0.4160 0.5910 0.4958 0.6164 0.6239 0.5531 0.5247 0.5293 0.5759 0.5205 0.5202
0.1912 0.1813 0.2350 0.2771 0.6473 0.1352 0.2964 0.3741 0.7953 0.2000 0.4681 0.1924 0.5907 0.5096 1.0000 0.1720 0.3116 0.3169 0.1903 0.3482 0.2824 0.5026 0.5222 0.1758 0.5117 0.1401 0.1949 0.3046 0.3074 0.2860 0.2765 0.1801 0.6032 0.3240 0.3008 0.4003 0.3238 0.3290 0.3516 0.3900 0.4437 0.3307 0.3831 0.3776 0.1290 0.0763 0.0607 0.3678 0.2990 0.4812 0.2365 0.1767 0.2816 0.2970 0.2016 0.1919 0.2300 0.2035 0.2905 0.3439 0.0611 0.1249 0.1348 0.1751 0.2255 0.1752 0.2767 0.2994 0.2479 0.2741 0.1765 0.4231 0.0963 0.4957
0.7711 0.7220 0.6386 0.6427 0.1138 0.6844 0.6200 0.2727 0.0202 0.8800 0.6530 0.8337 0.5442 0.4179 0.1720 1.0000 0.7497 0.7858 0.6754 0.5494 0.5579 0.1707 0.1392 0.8953 0.6536 0.4028 0.4779 0.8365 0.8094 0.6422 0.6347 0.4601 0.3072 0.2343 0.4857 0.5499 0.5390 0.6036 0.4940 0.4146 0.5158 0.6061 0.5575 0.5531 0.4772 0.3429 0.5121 0.3986 0.7826 0.6245 0.5828 0.5067 0.7223 0.5569 0.8733 0.5916 0.7383 0.6297 0.6711 0.6719 0.4690 0.5217 0.6825 0.6814 0.5795 0.6174 0.6954 0.6751 0.8597 0.7121 0.8577 0.7247 0.5716 0.6072
0.6147 0.7940 0.6602 0.7300 0.2037 0.5837 0.7703 0.2969 0.1610 0.7437 0.8454 0.7266 0.7137 0.4598 0.3116 0.7497 1.0000 0.7179 0.7343 0.6564 0.6821 0.3005 0.2391 0.7505 0.8456 0.4905 0.5773 0.8082 0.8082 0.6124 0.6242 0.3242 0.3006 0.1768 0.5154 0.6008 0.5255 0.6893 0.4865 0.4085 0.5792 0.7175 0.5957 0.6901 0.5085 0.4104 0.3793 0.3594 0.6531 0.6960 0.5891 0.5795 0.6317 0.5500 0.6835 0.6363 0.6855 0.7293 0.6127 0.6978 0.5637 0.6535 0.6963 0.8301 0.6393 0.7432 0.6632 0.7085 0.7126 0.8934 0.6949 0.8436 0.5123 0.6897
0.7612 0.8071 0.7692 0.7978 0.2561 0.7280 0.7393 0.2429 0.2066 0.7397 0.6882 0.7276 0.5964 0.3792 0.3169 0.7858 0.7179 1.0000 0.8141 0.6440 0.6736 0.2152 0.1815 0.7179 0.6012 0.3976 0.4630 0.7998 0.7809 0.6464 0.6234 0.3644 0.3312 0.2092 0.6062 0.5599 0.6785 0.6241 0.5743 0.4777 0.5707 0.6442 0.5719 0.5537 0.3904 0.2612 0.3747 0.3583 0.7361 0.7283 0.6862 0.6305 0.7132 0.6418 0.7532 0.5292 0.7091 0.6978 0.8058 0.7315 0.4385 0.5351 0.5391 0.5832 0.4452 0.4843 0.5930 0.6075 0.6480 0.6303 0.6640 0.6978 0.4258 0.6347
0.7715 0.8144 0.7133 0.7589 0.1316 0.7262 0.7231 0.1684 0.0587 0.7186 0.6384 0.6870 0.4908 0.4518 0.1903 0.6754 0.7343 0.8141 1.0000 0.6126 0.7486 0.2404 0.1060 0.6882 0.6447 0.4380 0.4798 0.7931 0.7921 0.6091 0.6358 0.4606 0.2929 0.2992 0.5712 0.5631 0.5298 0.6568 0.5157 0.4049 0.4631 0.6110 0.5188 0.5338 0.5583 0.3434 0.4917 0.3285 0.6718 0.6295 0.7155 0.7153 0.6719 0.4733 0.6499 0.4510 0.6715 0.6900 0.7034 0.7882 0.5645 0.5099 0.6303 0.6729 0.5590 0.5811 0.6115 0.6630 0.6197 0.6927 0.6484 0.6160 0.5670 0.4886
0.5995 0.7007 0.8332 0.8536 0.3693 0.6711 0.8178 0.3611 0.4149 0.6096 0.7408 0.5887 0.6772 0.3044 0.3482 0.5494 0.6564 0.6440 0.6126 1.0000 0.9176 0.6006 0.5482 0.5954 0.6359 0.7444 0.8236 0.6628 0.6805 0.3454 0.3775 0.1471 0.2270 0.1675 0.2972 0.4295 0.3191 0.5527 0.3327 0.2214 0.4059 0.4468 0.5391 0.4853 0.3351 0.2373 0.2210 0.2327 0.6187 0.6182 0.5485 0.4815 0.6020 0.3576 0.5826 0.4183 0.5852 0.4973 0.4631 0.5103 0.6836 0.7449 0.6563 0.6731 0.5758 0.5877 0.3962 0.4397 0.4415 0.5291 0.5418 0.5319 0.3798 0.4958
0.6531 0.7514 0.8393 0.8953 0.3300 0.7229 0.8454 0.2923 0.3222 0.6051 0.7238 0.6192 0.6223 0.3185 0.2824 0.5579 0.6821 0.6736 0.7486 0.9176 1.0000 0.4836 0.4009 0.5958 0.6532 0.6725 0.7571 0.6741 0.7023 0.4026 0.4481 0.2328 0.2317 0.1860 0.3791 0.4719 0.3997 0.5757 0.4046 0.2859 0.4229 0.4892 0.5549 0.5129 0.3892 0.2467 0.2913 0.2473 0.6163 0.6245 0.6104 0.5798 0.6207 0.4092 0.5933 0.4397 0.6162 0.5847 0.5326 0.6025 0.6374 0.6914 0.6028 0.7005 0.5132 0.5861 0.4542 0.5094 0.4541 0.5596 0.5331 0.5461 0.3978 0.4901
0.2448 0.3339 0.3508 0.4157 0.7004 0.2630 0.4251 0.5528 0.6722 0.2286 0.4206 0.1933 0.4634 0.4650 0.5026 0.1707 0.3005 0.2152 0.2404 0.6006 0.4836 1.0000 0.8921 0.2335 0.3603 0.5054 0.5621 0.3126 0.3616 0.1460 0.1723 0.0847 0.2965 0.3480 0.2145 0.3426 0.2061 0.3718 0.2309 0.2020 0.2822 0.2665 0.3664 0.3329 0.1364 0.0287 0.0268 0.2064 0.3062 0.4206 0.2919 0.2014 0.2764 0.1490 0.2124 0.2006 0.2165 0.1691 0.2422 0.3026 0.4349 0.4512 0.3915 0.3500 0.4693 0.3886 0.1865 0.2370 0.2033 0.2891 0.2269 0.3130 0.1712 0.2871
0.1639 0.2399 0.2657 0.3210 0.7170 0.1386 0.3323 0.6213 0.7097 0.1674 0.4327 0.1308 0.5329 0.4265 0.5222 0.1392 0.2391 0.1815 0.1060 0.5482 0.4009 0.8921 1.0000 0.1687 0.3130 0.4966 0.5652 0.2638 0.3259 0.1250 0.1775 -0.0248 0.2504 0.2424 0.1993 0.3283 0.1864 0.3283 0.2023 0.2513 0.2485 0.2297 0.3134 0.3210 0.0767 0.0266 -0.0247 0.3107 0.2577 0.3797 0.2129 0.0788 0.2256 0.1743 0.1911 0.2532 0.1637 0.1349 0.2117 0.2441 0.3500 0.4359 0.3037 0.2958 0.4157 0.3971 0.1595 0.2021 0.1802 0.2525 0.1877 0.3383 0.0877 0.3290
0.6619 0.6913 0.6548 0.6553 0.1069 0.6589 0.6615 0.3217 -0.0011 0.8724 0.6992 0.8709 0.5984 0.5165 0.1758 0.8953 0.7505 0.7179 0.6882 0.5954 0.5958 0.2335 0.1687 1.0000 0.7644 0.5429 0.5940 0.8195 0.7968 0.5776 0.5922 0.4841 0.2808 0.2716 0.4771 0.5769 0.4853 0.6588 0.4571 0.3793 0.5167 0.6582 0.5561 0.6253 0.5848 0.4009 0.5806 0.3660 0.6558 0.5516 0.5592 0.5290 0.6563 0.5380 0.7787 0.5937 0.7211 0.6531 0.5968 0.6606 0.6056 0.6382 0.8069 0.7793 0.6621 0.6785 0.6744 0.6607 0.7909 0.7142 0.8169 0.6811 0.6452 0.5990
0.4689 0.6169 0.5800 0.6485 0.3112 0.4753 0.6684 0.2945 0.2791 0.6600 0.8146 0.6809 0.7567 0.5345 0.5117 0.6536 0.8456 0.6012 0.6447 0.6359 0.6532 0.3603 0.3130 0.7644 1.0000 0.5150 0.5871 0.6841 0.6868 0.5168 0.5535 0.4073 0.4623 0.2602 0.4618 0.6198 0.4579 0.6878 0.4541 0.4104 0.5464 0.6704 0.5676 0.7066 0.5558 0.4755 0.4483 0.4356 0.5061 0.5734 0.5034 0.5094 0.5185 0.4954 0.5654 0.5814 0.6167 0.6359 0.4978 0.6336 0.4826 0.5826 0.6470 0.8376 0.5684 0.7334 0.5950 0.6546 0.6519 0.8174 0.6185 0.7741 0.4885 0.6987
0.2651 0.4113 0.5331 0.5588 0.2387 0.3085 0.5171 0.3794 0.2582 0.5200 0.5357 0.4556 0.4661 0.1800 0.1401 0.4028 0.4905 0.3976 0.4380 0.7444 0.6725 0.5054 0.4966 0.5429 0.5150 1.0000 0.9668 0.5702 0.5786 0.1774 0.2426 0.0120 -0.0321 -0.0640 0.2004 0.3365 0.1403 0.4954 0.1460 0.1162 0.2445 0.3228 0.3916 0.4224 0.4100 0.1633 0.2231 0.1297 0.3278 0.3447 0.3030 0.2003 0.3183 0.1865 0.3970 0.3331 0.4458 0.2986 0.2300 0.3409 0.8233 0.8356 0.7203 0.6617 0.5937 0.5962 0.2530 0.2336 0.4070 0.3962 0.4885 0.3554 0.4959 0.3093
0.3558 0.5118 0.6105 0.6560 0.3001 0.4028 0.6245 0.4154 0.3044 0.5603 0.6404 0.5178 0.5687 0.2333 0.1949 0.4779 0.5773 0.4630 0.4798 0.8236 0.7571 0.5621 0.5652 0.5940 0.5871 0.9668 1.0000 0.6205 0.6490 0.2385 0.2983 0.0330 0.0396 -0.0079 0.2433 0.3947 0.2031 0.5397 0.2126 0.1720 0.2999 0.3826 0.4600 0.4831 0.3998 0.2075 0.2157 0.1997 0.4159 0.4312 0.3665 0.2711 0.4080 0.2549 0.4818 0.4071 0.5063 0.3820 0.3021 0.3996 0.8091 0.8645 0.7283 0.7126 0.6257 0.6526 0.3202 0.3255 0.4602 0.4848 0.5302 0.4625 0.4680 0.4158
0.7402 0.7809 0.6636 0.6934 0.1652 0.6449 0.7452 0.3929 0.1503 0.8618 0.7808 0.7667 0.6558 0.5127 0.3046 0.8365 0.8082 0.7998 0.7931 0.6628 0.6741 0.3126 0.2638 0.8195 0.6841 0.5702 0.6205 1.0000 0.9684 0.7509 0.7394 0.4285 0.3387 0.2709 0.6215 0.6764 0.5776 0.7327 0.5889 0.5406 0.6021 0.7061 0.6528 0.6618 0.6239 0.3469 0.5382 0.4838 0.7408 0.7422 0.6438 0.5482 0.7541 0.5876 0.7904 0.6118 0.7853 0.6982 0.7422 0.7929 0.6855 0.6674 0.7969 0.7121 0.7573 0.6750 0.7702 0.7419 0.8210 0.7472 0.8348 0.7717 0.6903 0.6650
0.7212 0.8005 0.6369 0.7036 0.2047 0.6307 0.7625 0.4045 0.1698 0.8197 0.8043 0.7415 0.6872 0.5397 0.3074 0.8094 0.8082 0.7809 0.7921 0.6805 0.7023 0.3616 0.3259 0.7968 0.6868 0.5786 0.6490 0.9684 1.0000 0.7622 0.7659 0.4385 0.3681 0.3119 0.6287 0.6936 0.5794 0.7271 0.5921 0.5592 0.5712 0.6883 0.6154 0.6763 0.6121 0.3570 0.5281 0.5153 0.7034 0.7460 0.6033 0.5264 0.7158 0.5986 0.7530 0.6430 0.7357 0.7059 0.7378 0.7905 0.6666 0.6729 0.7852 0.7276 0.7713 0.7139 0.7753 0.7671 0.8127 0.7623 0.8038 0.7940 0.6553 0.6967
0.5333 0.5348 0.3203 0.3705 0.0833 0.3909 0.4674 0.2845 0.0406 0.6099 0.5618 0.5083 0.5183 0.5701 0.2860 0.6422 0.6124 0.6464 0.6091 0.3454 0.4026 0.1460 0.1250 0.5776 0.5168 0.1774 0.2385 0.7509 0.7622 1.0000 0.9234 0.6476 0.5611 0.4797 0.7897 0.7723 0.6903 0.6675 0.7214 0.7408 0.5447 0.6438 0.5430 0.6513 0.6830 0.3982 0.6603 0.6892 0.4887 0.5608 0.4824 0.3648 0.5811 0.5461 0.5555 0.5548 0.6665 0.6370 0.7894 0.7868 0.3364 0.3534 0.5320 0.5082 0.6096 0.5441 0.8449 0.8431 0.7370 0.6374 0.6734 0.7521 0.6176 0.7227
0.5161 0.5256 0.3326 0.3865 0.1060 0.3782 0.4773 0.3511 0.0730 0.6142 0.5656 0.5072 0.5261 0.5908 0.2765 0.6347 0.6242 0.6234 0.6358 0.3775 0.4481 0.1723 0.1775 0.5922 0.5535 0.2426 0.2983 0.7394 0.7659 0.9234 1.0000 0.6840 0.5842 0.5135 0.8015 0.7938 0.6669 0.7140 0.7463 0.7617 0.5541 0.6690 0.5736 0.6711 0.7287 0.4064 0.7167 0.7238 0.4870 0.5440 0.5103 0.3649 0.5792 0.5222 0.5414 0.5446 0.6618 0.6398 0.7780 0.8266 0.3846 0.3995 0.5633 0.5681 0.6481 0.6363 0.8728 0.8702 0.7211 0.6395 0.6741 0.7343 0.6361 0.7070
0.3724 0.3034 0.1184 0.1824 -0.0135 0.2414 0.2358 0.1883 -0.0308 0.4217 0.2560 0.3426 0.2590 0.5768 0.1801 0.4601 0.3242 0.3644 0.4606 0.1471 0.2328 0.0847 -0.0248 0.4841 0.4073 0.0120 0.0330 0.4285 0.4385 0.6476 0.6840 1.0000 0.7019 0.8034 0.5828 0.6230 0.4792 0.4996 0.5989 0.5883 0.3905 0.4401 0.3621 0.4804 0.6249 0.3023 0.7854 0.5597 0.3098 0.3283 0.3543 0.3015 0.3870 0.3574 0.3374 0.3770 0.4004 0.3993 0.5201 0.6308 0.0887 0.0257 0.3592 0.3338 0.4048 0.3661 0.6950 0.6827 0.5212 0.3776 0.4785 0.4081 0.5149 0.4173
0.2702 0.2396 0.1007 0.1832 0.3195 0.1616 0.2382 0.1875 0.3921 0.2768 0.3350 0.2089 0.3673 0.5236 0.6032 0.3072 0.3006 0.3312 0.2929 0.2270 0.2317 0.2965 0.2504 0.2808 0.4623 -0.0321 0.0396 0.3387 0.3681 0.5611 0.5842 0.7019 1.0000 0.7696 0.4917 0.5715 0.4148 0.4151 0.5270 0.5599 0.3850 0.3534 0.3662 0.4511 0.4298 0.3310 0.4782 0.6629 0.2549 0.3825 0.2789 0.1744 0.3056 0.2414 0.2119 0.2131 0.2898 0.2645 0.4589 0.4907 -0.0260 -0.0040 0.1799 0.2411 0.3379 0.3153 0.5445 0.6029 0.3942 0.3466 0.3372 0.4566 0.3005 0.5656
0.2917 0.2276 0.0644 0.1251 0.2171 0.1826 0.1843 0.2803 0.2201 0.2311 0.2167 0.1483 0.2308 0.6444 0.3240 0.2343 0.1768 0.2092 0.2992 0.1675 0.1860 0.3480 0.2424 0.2716 0.2602 -0.0640 -0.0079 0.2709 0.3119 0.4797 0.5135 0.8034 0.7696 1.0000 0.4484 0.5108 0.3556 0.3816 0.5028 0.4949 0.3472 0.2956 0.3548 0.3437 0.4213 0.1334 0.4791 0.4752 0.2481 0.3351 0.2717 0.1996 0.3115 0.2104 0.1735 0.2150 0.2247 0.2111 0.3848 0.4723 0.0055 -0.0773 0.2206 0.1480 0.3822 0.2328 0.5156 0.5405 0.3459 0.2567 0.3074 0.2938 0.3404 0.3095
0.4126 0.4418 0.2790 0.3608 0.2282 0.3245 0.4686 0.3978 0.1602 0.4752 0.4939 0.4036 0.4702 0.5867 0.3008 0.4857 0.5154 0.6062 0.5712 0.2972 0.3791 0.2145 0.1993 0.4771 0.4618 0.2004 0.2433 0.6215 0.6287 0.7897 0.8015 0.5828 0.4917 0.4484 1.0000 0.8814 0.8648 0.7558 0.9024 0.8872 0.6872 0.7290 0.6672 0.7068 0.6736 0.2542 0.6286 0.6994 0.4070 0.5368 0.5403 0.3803 0.5414 0.5432 0.4358 0.4796 0.5729 0.5926 0.8318 0.8334 0.3246 0.3692 0.4323 0.4517 0.5075 0.4681 0.7271 0.7244 0.5921 0.5133 0.5450 0.6462 0.5479 0.6415
0.4366 0.4927 0.3249 0.4214 0.2760 0.3215 0.5290 0.4367 0.2403 0.5493 0.6101 0.4690 0.5931 0.6557 0.4003 0.5499 0.6008 0.5599 0.5631 0.4295 0.4719 0.3426 0.3283 0.5769 0.6198 0.3365 0.3947 0.6764 0.6936 0.7723 0.7938 0.6230 0.5715 0.5108 0.8814 1.0000 0.7640 0.8652 0.8408 0.8533 0.7031 0.7566 0.7201 0.8343 0.7231 0.3346 0.6670 0.7318 0.4748 0.5889 0.5066 0.3858 0.5545 0.5302 0.4804 0.5515 0.5987 0.5925 0.7158 0.8312 0.3962 0.4340 0.5700 0.5878 0.6380 0.6026 0.7852 0.7814 0.6746 0.6074 0.6335 0.7022 0.6115 0.7147
0.4719 0.5333 0.3943 0.4764 0.3461 0.4236 0.5198 0.3301 0.2410 0.4489 0.5155 0.4557 0.5036 0.4774 0.3238 0.5390 0.5255 0.6785 0.5298 0.3191 0.3997 0.2061 0.1864 0.4853 0.4579 0.1403 0.2031 0.5776 0.5794 0.6903 0.6669 0.4792 0.4148 0.3556 0.8648 0.7640 1.0000 0.7180 0.7909 0.7319 0.7873 0.7750 0.6416 0.7005 0.4261 0.1730 0.4660 0.5039 0.4797 0.6409 0.6100 0.5400 0.5927 0.6960 0.4926 0.5462 0.5517 0.6709 0.8688 0.7963 0.1860 0.3218 0.3152 0.4270 0.3139 0.3819 0.5944 0.6126 0.5054 0.4694 0.4561 0.6108 0.3331 0.6198
0.4841 0.5704 0.4876 0.5597 0.2718 0.4134 0.6183 0.3784 0.2112 0.6292 0.6801 0.5652 0.6327 0.5483 0.3290 0.6036 0.6893 0.6241 0.6568 0.5527 0.5757 0.3718 0.3283 0.6588 0.6878 0.4954 0.5397 0.7327 0.7271 0.6675 0.7140 0.4996 0.4151 0.3816 0.7558 0.8652 0.7180 1.0000 0.6857 0.6290 0.6871 0.8402 0.7551 0.8348 0.7231 0.4136 0.5864 0.5390 0.5337 0.5936 0.6328 0.5612 0.6058 0.5501 0.5599 0.5505 0.7349 0.7078 0.7063 0.8494 0.5374 0.5888 0.6754 0.7296 0.6567 0.6805 0.7095 0.7248 0.6394 0.6590 0.6591 0.6786 0.6564 0.6664
0.4388 0.4379 0.3061 0.3944 0.2700 0.3583 0.4984 0.4003 0.2390 0.4679 0.5147 0.3967 0.4896 0.5888 0.3516 0.4940 0.4865 0.5743 0.5157 0.3327 0.4046 0.2309 0.2023 0.4571 0.4541 0.1460 0.2126 0.5889 0.5921 0.7214 0.7463 0.5989 0.5270 0.5028 0.9024 0.8408 0.7909 0.6857 1.0000 0.9167 0.7218 0.6596 0.7373 0.6513 0.5711 0.1213 0.5964 0.6568 0.4773 0.5920 0.4981 0.3595 0.5814 0.5765 0.4858 0.4977 0.5691 0.5367 0.7621 0.7717 0.2486 0.2977 0.3750 0.4049 0.4512 0.4137 0.7289 0.7124 0.5640 0.4529 0.5146 0.5961 0.4472 0.5768
0.2996 0.3319 0.1321 0.2369 0.2327 0.1658 0.3777 0.4739 0.2300 0.3882 0.4802 0.2999 0.4926 0.6321 0.3900 0.4146 0.4085 0.4777 0.4049 0.2214 0.2859 0.2020 0.2513 0.3793 0.4104 0.1162 0.1720 0.5406 0.5592 0.7408 0.7617 0.5883 0.5599 0.4949 0.8872 0.8533 0.7319 0.6290 0.9167 1.0000 0.6270 0.5929 0.6127 0.6359 0.5839 0.0934 0.6009 0.7686 0.3514 0.5358 0.3410 0.1779 0.4426 0.5360 0.3852 0.5116 0.4609 0.4374 0.6847 0.7110 0.1792 0.2208 0.3249 0.3230 0.4561 0.3910 0.7277 0.6938 0.5743 0.4332 0.4844 0.6150 0.4597 0.6024
0.4213 0.5110 0.4233 0.5140 0.3554 0.3672 0.5705 0.4341 0.3388 0.4892 0.6310 0.4836 0.6093 0.5409 0.4437 0.5158 0.5792 0.5707 0.4631 0.4059 0.4229 0.2822 0.2485 0.5167 0.5464 0.2445 0.2999 0.6021 0.5712 0.5447 0.5541 0.3905 0.3850 0.3472 0.6872 0.7031 0.7873 0.6871 0.7218 0.6270 1.0000 0.7691 0.8057 0.7518 0.4093 0.0512 0.3684 0.3596 0.5259 0.6905 0.5663 0.5137 0.6277 0.6696 0.5031 0.5347 0.5657 0.6091 0.6664 0.6903 0.2824 0.3679 0.4065 0.4573 0.4091 0.4005 0.5735 0.5535 0.5021 0.4804 0.4869 0.5416 0.3680 0.5332
0.4940 0.6215 0.5049 0.5697 0.2650 0.4609 0.6344 0.3833 0.1876 0.6093 0.6910 0.6227 0.6519 0.5483 0.3307 0.6061 0.7175 0.6442 0.6110 0.4468 0.4892 0.2665 0.2297 0.6582 0.6704 0.3228 0.3826 0.7061 0.6883 0.6438 0.6690 0.4401 0.3534 0.2956 0.7290 0.7566 0.7750 0.8402 0.6596 0.5929 0.7691 1.0000 0.6927 0.8523 0.5780 0.4103 0.5033 0.4682 0.4959 0.6230 0.6951 0.7041 0.6255 0.7128 0.5410 0.6316 0.6729 0.8428 0.7689 0.8261 0.4351 0.5381 0.5921 0.6666 0.5390 0.6125 0.6548 0.6942 0.5544 0.6575 0.5612 0.7020 0.4878 0.7249
0.4783 0.4809 0.5155 0.5592 0.3486 0.4472 0.6123 0.4156 0.3127 0.5651 0.6528 0.4874 0.5747 0.4690 0.3831 0.5575 0.5957 0.5719 0.5188 0.5391 0.5549 0.3664 0.3134 0.5561 0.5676 0.3916 0.4600 0.6528 0.6154 0.5430 0.5736 0.3621 0.3662 0.3548 0.6672 0.7201 0.6416 0.7551 0.7373 0.6127 0.8057 0.6927 1.0000 0.7163 0.5727 0.1788 0.3795 0.4359 0.5970 0.5879 0.6149 0.4614 0.6895 0.4841 0.6118 0.4110 0.7511 0.5431 0.6298 0.6930 0.4253 0.4757 0.5146 0.5578 0.5244 0.4685 0.6052 0.5762 0.5803 0.5029 0.6167 0.5564 0.5458 0.5326
0.3968 0.5587 0.4133 0.5285 0.2721 0.3450 0.6197 0.4130 0.2397 0.5716 0.7143 0.5636 0.7027 0.5768 0.3776 0.5531 0.6901 0.5537 0.5338 0.4853 0.5129 0.3329 0.3210 0.6253 0.7066 0.4224 0.4831 0.6618 0.6763 0.6513 0.6711 0.4804 0.4511 0.3437 0.7068 0.8343 0.7005 0.8348 0.6513 0.6359 0.7518 0.8523 0.7163 1.0000 0.6274 0.3751 0.5158 0.5520 0.4401 0.5974 0.5481 0.5405 0.5610 0.6338 0.4929 0.6605 0.6146 0.7478 0.6421 0.7701 0.4414 0.5524 0.6139 0.7011 0.5933 0.6724 0.6803 0.7146 0.6005 0.6533 0.6002 0.7103 0.5560 0.7619
0.3135 0.3002 0.2200 0.2471 -0.0457 0.2189 0.3503 0.2529 -0.1007 0.5591 0.4671 0.4377 0.3952 0.5076 0.1290 0.4772 0.5085 0.3904 0.5583 0.3351 0.3892 0.1364 0.0767 0.5848 0.5558 0.4100 0.3998 0.6239 0.6121 0.6830 0.7287 0.6249 0.4298 0.4213 0.6736 0.7231 0.4261 0.7231 0.5711 0.5839 0.4093 0.5780 0.5727 0.6274 1.0000 0.5751 0.8149 0.6313 0.2892 0.2515 0.3715 0.2311 0.3880 0.2579 0.3887 0.3594 0.6144 0.4658 0.4998 0.6685 0.5037 0.4146 0.6621 0.5970 0.6835 0.6013 0.6784 0.6484 0.6321 0.5361 0.6578 0.5280 0.8417 0.5493
0.2699 0.2577 0.2381 0.2028 -0.0199 0.2779 0.2354 -0.0922 -0.1217 0.3509 0.3217 0.3536 0.2871 0.1455 0.0763 0.3429 0.4104 0.2612 0.3434 0.2373 0.2467 0.0287 0.0266 0.4009 0.4755 0.1633 0.2075 0.3469 0.3570 0.3982 0.4064 0.3023 0.3310 0.1334 0.2542 0.3346 0.1730 0.4136 0.1213 0.0934 0.0512 0.4103 0.1788 0.3751 0.5751 1.0000 0.4843 0.5148 0.1298 0.0131 0.3387 0.3215 0.2269 0.1233 0.2234 0.2132 0.4111 0.4526 0.3282 0.3681 0.2581 0.3107 0.3885 0.5256 0.3543 0.5121 0.3232 0.4201 0.2950 0.4385 0.3389 0.4341 0.3748 0.5794
0.3542 0.3053 0.1702 0.2029 -0.0828 0.2534 0.2922 0.1802 -0.1512 0.5020 0.3257 0.4179 0.2985 0.4511 0.0607 0.5121 0.3793 0.3747 0.4917 0.2210 0.2913 0.0268 -0.0247 0.5806 0.4483 0.2231 0.2157 0.5382 0.5281 0.6603 0.7167 0.7854 0.4782 0.4791 0.6286 0.6670 0.4660 0.5864 0.5964 0.6009 0.3684 0.5033 0.3795 0.5158 0.8149 0.4843 1.0000 0.6480 0.2880 0.2480 0.3518 0.2503 0.3772 0.3231 0.3810 0.3770 0.4800 0.4412 0.5370 0.6405 0.3169 0.2437 0.5242 0.4706 0.5114 0.4861 0.6773 0.6343 0.5364 0.4001 0.5333 0.4062 0.6282 0.4575
0.3192 0.2645 0.0939 0.1426 0.1895 0.1719 0.2758 0.3469 0.1800 0.3817 0.4033 0.2696 0.4236 0.5131 0.3678 0.3986 0.3594 0.3583 0.3285 0.2327 0.2473 0.2064 0.3107 0.3660 0.4356 0.1297 0.1997 0.4838 0.5153 0.6892 0.7238 0.5597 0.6629 0.4752 0.6994 0.7318 0.5039 0.5390 0.6568 0.7686 0.3596 0.4682 0.4359 0.5520 0.6313 0.5148 0.6480 1.0000 0.2829 0.3385 0.3498 0.1327 0.3900 0.3083 0.3175 0.4039 0.4164 0.3722 0.5902 0.5952 0.2017 0.2460 0.3578 0.3929 0.5058 0.5106 0.6621 0.6829 0.5192 0.4117 0.4714 0.5946 0.4592 0.6886
0.9122 0.7199 0.7393 0.6756 0.2273 0.7727 0.6427 0.3131 0.2278 0.7645 0.5863 0.7022 0.5054 0.3996 0.2990 0.7826 0.6531 0.7361 0.6718 0.6187 0.6163 0.3062 0.2577 0.6558 0.5061 0.3278 0.4159 0.7408 0.7034 0.4887 0.4870 0.3098 0.2549 0.2481 0.4070 0.4748 0.4797 0.5337 0.4773 0.3514 0.5259 0.4959 0.5970 0.4401 0.2892 0.1298 0.2880 0.2829 1.0000 0.7379 0.7066 0.5884 0.8619 0.4486 0.8446 0.4509 0.6645 0.4957 0.5988 0.6483 0.4137 0.4079 0.5199 0.5018 0.4837 0.4335 0.5658 0.5468 0.6443 0.5440 0.6983 0.5621 0.4253 0.4338
0.6766 0.8234 0.5953 0.7120 0.4032 0.5547 0.7604 0.3939 0.4300 0.5662 0.7419 0.5422 0.6796 0.4837 0.4812 0.6245 0.6960 0.7283 0.6295 0.6182 0.6245 0.4206 0.3797 0.5516 0.5734 0.3447 0.4312 0.7422 0.7460 0.5608 0.5440 0.3283 0.3825 0.3351 0.5368 0.5889 0.6409 0.5936 0.5920 0.5358 0.6905 0.6230 0.5879 0.5974 0.2515 0.0131 0.2480 0.3385 0.7379 1.0000 0.6180 0.6082 0.6625 0.6881 0.5955 0.6463 0.5249 0.6101 0.6921 0.6828 0.3721 0.4284 0.4874 0.4712 0.4825 0.4252 0.5872 0.5917 0.5809 0.6003 0.5241 0.6717 0.2954 0.5582
0.7671 0.6836 0.6964 0.6549 0.2684 0.7210 0.6424 0.1924 0.2134 0.5910 0.5195 0.5720 0.4374 0.3179 0.2365 0.5828 0.5891 0.6862 0.7155 0.5485 0.6104 0.2919 0.2129 0.5592 0.5034 0.3030 0.3665 0.6438 0.6033 0.4824 0.5103 0.3543 0.2789 0.2717 0.5403 0.5066 0.6100 0.6328 0.4981 0.3410 0.5663 0.6951 0.6149 0.5481 0.3715 0.3387 0.3518 0.3498 0.7066 0.6180 1.0000 0.8499 0.8230 0.4902 0.6207 0.4170 0.6818 0.7006 0.7805 0.7738 0.4340 0.4618 0.4888 0.5481 0.4195 0.4602 0.5141 0.5649 0.4197 0.4857 0.4766 0.4952 0.3390 0.4632
0.6843 0.7404 0.6736 0.6958 0.2062 0.7053 0.6781 0.0535 0.1226 0.5096 0.5303 0.5809 0.4447 0.2881 0.1767 0.5067 0.5795 0.6305 0.7153 0.4815 0.5798 0.2014 0.0788 0.5290 0.5094 0.2003 0.2711 0.5482 0.5264 0.3648 0.3649 0.3015 0.1744 0.1996 0.3803 0.3858 0.5400 0.5612 0.3595 0.1779 0.5137 0.7041 0.4614 0.5405 0.2311 0.3215 0.2503 0.1327 0.5884 0.6082 0.8499 1.0000 0.6782 0.5967 0.5190 0.4554 0.5560 0.7969 0.6534 0.6884 0.3289 0.3630 0.4054 0.5212 0.2702 0.3956 0.3856 0.4785 0.2913 0.4770 0.3530 0.4213 0.2194 0.4078
0.8439 0.6737 0.7347 0.6696 0.2175 0.7903 0.6932 0.3465 0.2042 0.7553 0.6084 0.6990 0.5468 0.4443 0.2816 0.7223 0.6317 0.7132 0.6719 0.6020 0.6207 0.2764 0.2256 0.6563 0.5185 0.3183 0.4080 0.7541 0.7158 0.5811 0.5792 0.3870 0.3056 0.3115 0.5414 0.5545 0.5927 0.6058 0.5814 0.4426 0.6277 0.6255 0.6895 0.5610 0.3880 0.2269 0.3772 0.3900 0.8619 0.6625 0.8230 0.6782 1.0000 0.5676 0.8352 0.5205 0.7811 0.6550 0.7132 0.7448 0.4654 0.4769 0.5552 0.5559 0.5353 0.5089 0.6418 0.6461 0.6088 0.5165 0.6781 0.5788 0.4824 0.5141
0.4364 0.6092 0.4524 0.5723 0.2926 0.4247 0.6212 0.3654 0.1820 0.4957 0.6570 0.5701 0.6781 0.4826 0.2970 0.5569 0.5500 0.6418 0.4733 0.3576 0.4092 0.1490 0.1743 0.5380 0.4954 0.1865 0.2549 0.5876 0.5986 0.5461 0.5222 0.3574 0.2414 0.2104 0.5432 0.5302 0.6960 0.5501 0.5765 0.5360 0.6696 0.7128 0.4841 0.6338 0.2579 0.1233 0.3231 0.3083 0.4486 0.6881 0.4902 0.5967 0.5676 1.0000 0.5356 0.8226 0.5627 0.8077 0.6580 0.6274 0.2135 0.3632 0.3785 0.4494 0.3091 0.4222 0.5205 0.5331 0.4612 0.4685 0.4088 0.6098 0.2337 0.6009
0.7792 0.6558 0.6997 0.6554 0.1371 0.7253 0.6417 0.3301 0.1010 0.8363 0.6474 0.7871 0.5650 0.3943 0.2016 0.8733 0.6835 0.7532 0.6499 0.5826 0.5933 0.2124 0.1911 0.7787 0.5654 0.3970 0.4818 0.7904 0.7530 0.5555 0.5414 0.3374 0.2119 0.1735 0.4358 0.4804 0.4926 0.5599 0.4858 0.3852 0.5031 0.5410 0.6118 0.4929 0.3887 0.2234 0.3810 0.3175 0.8446 0.5955 0.6207 0.5190 0.8352 0.5356 1.0000 0.5600 0.7862 0.5829 0.6118 0.6360 0.4518 0.4975 0.5801 0.5987 0.5079 0.5301 0.6218 0.5959 0.7474 0.5967 0.8064 0.6465 0.5314 0.5126
0.4259 0.6070 0.4008 0.5142 0.1732 0.3652 0.5904 0.4174 0.0761 0.5491 0.6977 0.5828 0.7332 0.4970 0.1919 0.5916 0.6363 0.5292 0.4510 0.4183 0.4397 0.2006 0.2532 0.5937 0.5814 0.3331 0.4071 0.6118 0.6430 0.5548 0.5446 0.3770 0.2131 0.2150 0.4796 0.5515 0.5462 0.5505 0.4977 0.5116 0.5347 0.6316 0.4110 0.6605 0.3594 0.2132 0.3770 0.4039 0.4509 0.6463 0.4170 0.4554 0.5205 0.8226 0.5600 1.0000 0.5266 0.7085 0.5456 0.5830 0.3335 0.4786 0.5308 0.5993 0.4704 0.6048 0.5815 0.6021 0.5577 0.5872 0.4942 0.7114 0.3254 0.6328
0.6300 0.5830 0.6648 0.6371 0.1491 0.6213 0.6524 0.3104 0.0772 0.7609 0.6644 0.7109 0.6003 0.4077 0.2300 0.7383 0.6855 0.7091 0.6715 0.5852 0.6162 0.2165 0.1637 0.7211 0.6167 0.4458 0.5063 0.7853 0.7357 0.6665 0.6618 0.4004 0.2898 0.2247 0.5729 0.5987 0.5517 0.7349 0.5691 0.4609 0.5657 0.6729 0.7511 0.6146 0.6144 0.4111 0.4800 0.4164 0.6645 0.5249 0.6818 0.5560 0.7811 0.5627 0.7862 0.5266 1.0000 0.7180 0.6835 0.7259 0.5575 0.5932 0.6552 0.6757 0.5853 0.5855 0.6653 0.6491 0.6709 0.6083 0.7235 0.6575 0.6601 0.5977
0.5724 0.7243 0.5983 0.6828 0.2041 0.5937 0.7275 0.2441 0.0873 0.6208 0.7159 0.6830 0.6674 0.4484 0.2035 0.6297 0.7293 0.6978 0.6900 0.4973 0.5847 0.1691 0.1349 0.6531 0.6359 0.2986 0.3820 0.6982 0.7059 0.6370 0.6398 0.3993 0.2645 0.2111 0.5926 0.5925 0.6709 0.7078 0.5367 0.4374 0.6091 0.8428 0.5431 0.7478 0.4658 0.4526 0.4412 0.3722 0.4957 0.6101 0.7006 0.7969 0.6550 0.8077 0.5829 0.7085 0.7180 1.0000 0.7564 0.7823 0.4284 0.5438 0.5528 0.6759 0.4623 0.6150 0.6089 0.6754 0.5081 0.6607 0.5176 0.6920 0.4039 0.7063
0.6678 0.6811 0.5498 0.5862 0.2872 0.6140 0.6317 0.3092 0.2123 0.6052 0.5750 0.5669 0.5172 0.4560 0.2905 0.6711 0.6127 0.8058 0.7034 0.4631 0.5326 0.2422 0.2117 0.5968 0.4978 0.2300 0.3021 0.7422 0.7378 0.7894 0.7780 0.5201 0.4589 0.3848 0.8318 0.7158 0.8688 0.7063 0.7621 0.6847 0.6664 0.7689 0.6298 0.6421 0.4998 0.3282 0.5370 0.5902 0.5988 0.6921 0.7805 0.6534 0.7132 0.6580 0.6118 0.5456 0.6835 0.7564 1.0000 0.8859 0.3603 0.4435 0.4648 0.5061 0.4551 0.4747 0.6933 0.7194 0.5883 0.5595 0.5650 0.6839 0.4084 0.6725
0.6703 0.6664 0.5427 0.5866 0.2384 0.5713 0.6527 0.3825 0.2064 0.6760 0.6401 0.6113 0.5850 0.6103 0.3439 0.6719 0.6978 0.7315 0.7882 0.5103 0.6025 0.3026 0.2441 0.6606 0.6336 0.3409 0.3996 0.7929 0.7905 0.7868 0.8266 0.6308 0.4907 0.4723 0.8334 0.8312 0.7963 0.8494 0.7717 0.7110 0.6903 0.8261 0.6930 0.7701 0.6685 0.3681 0.6405 0.5952 0.6483 0.6828 0.7738 0.6884 0.7448 0.6274 0.6360 0.5830 0.7259 0.7823 0.8859 1.0000 0.4622 0.4717 0.5916 0.6268 0.5920 0.6019 0.7779 0.7976 0.6740 0.6600 0.6695 0.7133 0.5988 0.6800
0.4239 0.5196 0.5763 0.5594 0.0909 0.4693 0.5921 0.3814 0.1046 0.6382 0.5375 0.5518 0.4275 0.2872 0.0611 0.4690 0.5637 0.4385 0.5645 0.6836 0.6374 0.4349 0.3500 0.6056 0.4826 0.8233 0.8091 0.6855 0.6666 0.3364 0.3846 0.0887 -0.0260 0.0055 0.3246 0.3962 0.1860 0.5374 0.2486 0.1792 0.2824 0.4351 0.4253 0.4414 0.5037 0.2581 0.3169 0.2017 0.4137 0.3721 0.4340 0.3289 0.4654 0.2135 0.4518 0.3335 0.5575 0.4284 0.3603 0.4622 1.0000 0.8918 0.8546 0.6827 0.7673 0.6360 0.4328 0.4207 0.4763 0.4839 0.5900 0.4355 0.6299 0.3668
0.3892 0.5666 0.6547 0.6687 0.2346 0.4918 0.6699 0.4288 0.2047 0.6146 0.6489 0.6128 0.5794 0.2558 0.1249 0.5217 0.6535 0.5351 0.5099 0.7449 0.6914 0.4512 0.4359 0.6382 0.5826 0.8356 0.8645 0.6674 0.6729 0.3534 0.3995 0.0257 -0.0040 -0.0773 0.3692 0.4340 0.3218 0.5888 0.2977 0.2208 0.3679 0.5381 0.4757 0.5524 0.4146 0.3107 0.2437 0.2460 0.4079 0.4284 0.4618 0.3630 0.4769 0.3632 0.4975 0.4786 0.5932 0.5438 0.4435 0.4717 0.8918 1.0000 0.7849 0.7850 0.6602 0.7100 0.4257 0.4495 0.4633 0.5518 0.5375 0.5695 0.4654 0.5372
0.5284 0.6176 0.5474 0.5741 0.0792 0.4884 0.6242 0.3588 0.0293 0.7677 0.6495 0.6768 0.5606 0.4600 0.1348 0.6825 0.6963 0.5391 0.6303 0.6563 0.6028 0.3915 0.3037 0.8069 0.6470 0.7203 0.7283 0.7969 0.7852 0.5320 0.5633 0.3592 0.1799 0.2206 0.4323 0.5700 0.3152 0.6754 0.3750 0.3249 0.4065 0.5921 0.5146 0.6139 0.6621 0.3885 0.5242 0.3578 0.5199 0.4874 0.4888 0.4054 0.5552 0.3785 0.5801 0.5308 0.6552 0.5528 0.4648 0.5916 0.8546 0.7849 1.0000 0.8059 0.8926 0.7756 0.6481 0.6301 0.7005 0.6472 0.7546 0.6037 0.7467 0.5360
0.5053 0.6544 0.6175 0.6763 0.2054 0.5378 0.6727 0.2789 0.0713 0.7220 0.7425 0.7279 0.6452 0.4160 0.1751 0.6814 0.8301 0.5832 0.6729 0.6731 0.7005 0.3500 0.2958 0.7793 0.8376 0.6617 0.7126 0.7121 0.7276 0.5082 0.5681 0.3338 0.2411 0.1480 0.4517 0.5878 0.4270 0.7296 0.4049 0.3230 0.4573 0.6666 0.5578 0.7011 0.5970 0.5256 0.4706 0.3929 0.5018 0.4712 0.5481 0.5212 0.5559 0.4494 0.5987 0.5993 0.6757 0.6759 0.5061 0.6268 0.6827 0.7850 0.8059 1.0000 0.6823 0.9022 0.6075 0.6752 0.6289 0.7669 0.6647 0.7019 0.5805 0.6345
0.4829 0.5355 0.3934 0.4342 0.1247 0.3760 0.5393 0.4646 0.1126 0.6844 0.6185 0.5371 0.5344 0.5910 0.2255 0.5795 0.6393 0.4452 0.5590 0.5758 0.5132 0.4693 0.4157 0.6621 0.5684 0.5937 0.6257 0.7573 0.7713 0.6096 0.6481 0.4048 0.3379 0.3822 0.5075 0.6380 0.3139 0.6567 0.4512 0.4561 0.4091 0.5390 0.5244 0.5933 0.6835 0.3543 0.5114 0.5058 0.4837 0.4825 0.4195 0.2702 0.5353 0.3091 0.5079 0.4704 0.5853 0.4623 0.4551 0.5920 0.7673 0.6602 0.8926 0.6823 1.0000 0.7683 0.7284 0.7095 0.7155 0.6369 0.7580 0.6370 0.7752 0.5575
0.4422 0.5727 0.4629 0.5352 0.1888 0.4144 0.5610 0.3751 0.0756 0.6688 0.6867 0.6296 0.6191 0.4958 0.1752 0.6174 0.7432 0.4843 0.5811 0.5877 0.5861 0.3886 0.3971 0.6785 0.7334 0.5962 0.6526 0.6750 0.7139 0.5441 0.6363 0.3661 0.3153 0.2328 0.4681 0.6026 0.3819 0.6805 0.4137 0.3910 0.4005 0.6125 0.4685 0.6724 0.6013 0.5121 0.4861 0.5106 0.4335 0.4252 0.4602 0.3956 0.5089 0.4222 0.5301 0.6048 0.5855 0.6150 0.4747 0.6019 0.6360 0.7100 0.7756 0.9022 0.7683 1.0000 0.6495 0.7230 0.6330 0.7292 0.6641 0.7073 0.5934 0.6461
0.5645 0.5598 0.3600 0.4178 0.0695 0.4182 0.5258 0.3849 0.0586 0.6766 0.5989 0.5642 0.5347 0.6164 0.2767 0.6954 0.6632 0.5930 0.6115 0.3962 0.4542 0.1865 0.1595 0.6744 0.5950 0.2530 0.3202 0.7702 0.7753 0.8449 0.8728 0.6950 0.5445 0.5156 0.7271 0.7852 0.5944 0.7095 0.7289 0.7277 0.5735 0.6548 0.6052 0.6803 0.6784 0.3232 0.6773 0.6621 0.5658 0.5872 0.5141 0.3856 0.6418 0.5205 0.6218 0.5815 0.6653 0.6089 0.6933 0.7779 0.4328 0.4257 0.6481 0.6075 0.7284 0.6495 1.0000 0.9303 0.7888 0.6716 0.7451 0.7477 0.6669 0.6645
0.5859 0.6230 0.4017 0.4803 0.1258 0.4708 0.5708 0.3298 0.0892 0.6533 0.6321 0.5826 0.5776 0.6239 0.2994 0.6751 0.7085 0.6075 0.6630 0.4397 0.5094 0.2370 0.2021 0.6607 0.6546 0.2336 0.3255 0.7419 0.7671 0.8431 0.8702 0.6827 0.6029 0.5405 0.7244 0.7814 0.6126 0.7248 0.7124 0.6938 0.5535 0.6942 0.5762 0.7146 0.6484 0.4201 0.6343 0.6829 0.5468 0.5917 0.5649 0.4785 0.6461 0.5331 0.5959 0.6021 0.6491 0.6754 0.7194 0.7976 0.4207 0.4495 0.6301 0.6752 0.7095 0.7230 0.9303 1.0000 0.7397 0.7225 0.7060 0.7915 0.6089 0.7290
0.6013 0.5794 0.4067 0.4556 0.0821 0.4350 0.4962 0.3572 0.0389 0.7726 0.6246 0.6546 0.5205 0.5531 0.2479 0.8597 0.7126 0.6480 0.6197 0.4415 0.4541 0.2033 0.1802 0.7909 0.6519 0.4070 0.4602 0.8210 0.8127 0.7370 0.7211 0.5212 0.3942 0.3459 0.5921 0.6746 0.5054 0.6394 0.5640 0.5743 0.5021 0.5544 0.5803 0.6005 0.6321 0.2950 0.5364 0.5192 0.6443 0.5809 0.4197 0.2913 0.6088 0.4612 0.7474 0.5577 0.6709 0.5081 0.5883 0.6740 0.4763 0.4633 0.7005 0.6289 0.7155 0.6330 0.7888 0.7397 1.0000 0.7739 0.9096 0.8014 0.7297 0.6422
0.5392 0.7084 0.5151 0.5951 0.1721 0.4717 0.6297 0.2934 0.0888 0.6675 0.7651 0.6545 0.6432 0.5247 0.2741 0.7121 0.8934 0.6303 0.6927 0.5291 0.5596 0.2891 0.2525 0.7142 0.8174 0.3962 0.4848 0.7472 0.7623 0.6374 0.6395 0.3776 0.3466 0.2567 0.5133 0.6074 0.4694 0.6590 0.4529 0.4332 0.4804 0.6575 0.5029 0.6533 0.5361 0.4385 0.4001 0.4117 0.5440 0.6003 0.4857 0.4770 0.5165 0.4685 0.5967 0.5872 0.6083 0.6607 0.5595 0.6600 0.4839 0.5518 0.6472 0.7669 0.6369 0.7292 0.6716 0.7225 0.7739 1.0000 0.6929 0.8761 0.5220 0.6725
0.6654 0.5896 0.5138 0.5162 0.0184 0.5331 0.5419 0.3620 -0.0039 0.8659 0.6298 0.7303 0.4997 0.5293 0.1765 0.8577 0.6949 0.6640 0.6484 0.5418 0.5331 0.2269 0.1877 0.8169 0.6185 0.4885 0.5302 0.8348 0.8038 0.6734 0.6741 0.4785 0.3372 0.3074 0.5450 0.6335 0.4561 0.6591 0.5146 0.4844 0.4869 0.5612 0.6167 0.6002 0.6578 0.3389 0.5333 0.4714 0.6983 0.5241 0.4766 0.3530 0.6781 0.4088 0.8064 0.4942 0.7235 0.5176 0.5650 0.6695 0.5900 0.5375 0.7546 0.6647 0.7580 0.6641 0.7451 0.7060 0.9096 0.6929 1.0000 0.7185 0.8386 0.5989
0.5451 0.6756 0.4985 0.5730 0.2678 0.4609 0.6418 0.4058 0.2262 0.6555 0.7850 0.6221 0.7376 0.5759 0.4231 0.7247 0.8436 0.6978 0.6160 0.5319 0.5461 0.3130 0.3383 0.6811 0.7741 0.3554 0.4625 0.7717 0.7940 0.7521 0.7343 0.4081 0.4566 0.2938 0.6462 0.7022 0.6108 0.6786 0.5961 0.6150 0.5416 0.7020 0.5564 0.7103 0.5280 0.4341 0.4062 0.5946 0.5621 0.6717 0.4952 0.4213 0.5788 0.6098 0.6465 0.7114 0.6575 0.6920 0.6839 0.7133 0.4355 0.5695 0.6037 0.7019 0.6370 0.7073 0.7477 0.7915 0.8014 0.8761 0.7185 1.0000 0.5071 0.8720
0.4126 0.3499 0.2819 0.2922 -0.0969 0.2926 0.3691 0.3079 -0.1168 0.6994 0.4558 0.5319 0.3481 0.5205 0.0963 0.5716 0.5123 0.4258 0.5670 0.3798 0.3978 0.1712 0.0877 0.6452 0.4885 0.4959 0.4680 0.6903 0.6553 0.6176 0.6361 0.5149 0.3005 0.3404 0.5479 0.6115 0.3331 0.6564 0.4472 0.4597 0.3680 0.4878 0.5458 0.5560 0.8417 0.3748 0.6282 0.4592 0.4253 0.2954 0.3390 0.2194 0.4824 0.2337 0.5314 0.3254 0.6601 0.4039 0.4084 0.5988 0.6299 0.4654 0.7467 0.5805 0.7752 0.5934 0.6669 0.6089 0.7297 0.5220 0.8386 0.5071 1.0000 0.4518
0.4478 0.5526 0.4335 0.5113 0.3006 0.3960 0.5801 0.3576 0.2890 0.5553 0.7052 0.5516 0.7215 0.5202 0.4957 0.6072 0.6897 0.6347 0.4886 0.4958 0.4901 0.2871 0.3290 0.5990 0.6987 0.3093 0.4158 0.6650 0.6967 0.7227 0.7070 0.4173 0.5656 0.3095 0.6415 0.7147 0.6198 0.6664 0.5768 0.6024 0.5332 0.7249 0.5326 0.7619 0.5493 0.5794 0.4575 0.6886 0.4338 0.5582 0.4632 0.4078 0.5141 0.6009 0.5126 0.6328 0.5977 0.7063 0.6725 0.6800 0.3668 0.5372 0.5360 0.6345 0.5575 0.6461 0.6645 0.7290 0.6422 0.6725 0.5989 0.8720 0.4518 1.0000
