1.0000 0.5249 0.9194 0.7444 0.5770 0.9161 0.5873 0.7121 0.3895 0.7197 0.4411 0.7512 0.3671 0.7944 0.2742 0.5643 0.5104 0.8088 0.7910 0.7947 0.7955 0.6513 0.6116 0.5767 0.5048 0.5327 0.5452 0.6673 0.6423 0.5120 0.4768 0.7112 0.4222 0.6800 0.4682 0.4927 0.5392 0.4683 0.5211 0.4669 0.5301 0.4292 0.5919 0.2994 0.5546 0.1868 0.5402 0.4566 0.9322 0.4920 0.8315 0.6075 0.8921 0.4938 0.8609 0.3934 0.7789 0.4665 0.6414 0.6570 0.4460 0.3754 0.4046 0.5049 0.1931 0.3474 0.5888 0.5614 0.4011 0.4448 0.5806 0.4359 0.7462 0.4542
0.5249 1.0000 0.5176 0.7364 0.4470 0.4342 0.8565 0.3925 0.4560 0.4923 0.8398 0.4273 0.8338 0.4341 0.5657 0.5188 0.7946 0.7383 0.7180 0.6564 0.6880 0.4532 0.5327 0.5336 0.6065 0.4781 0.6188 0.6872 0.7605 0.6099 0.5539 0.5958 0.5324 0.4695 0.5761 0.6489 0.6419 0.6679 0.6005 0.6174 0.5346 0.7140 0.5108 0.7342 0.3282 0.5913 0.4307 0.6504 0.5881 0.9532 0.6670 0.8695 0.5787 0.9135 0.4342 0.9032 0.5496 0.8472 0.7384 0.7270 0.4157 0.4837 0.5136 0.4723 0.3990 0.3180 0.5903 0.6380 0.4883 0.6840 0.5265 0.8476 0.3316 0.8223
0.9194 0.5176 1.0000 0.8486 0.6439 0.9413 0.6669 0.7078 0.4836 0.6357 0.4451 0.6994 0.3891 0.7657 0.3420 0.4880 0.4671 0.8183 0.7799 0.8406 0.8570 0.6606 0.6506 0.5386 0.4989 0.5024 0.5663 0.6029 0.6114 0.5016 0.4748 0.7182 0.5267 0.6768 0.4848 0.4796 0.5462 0.4732 0.5377 0.5016 0.5140 0.4576 0.6098 0.3731 0.5949 0.3058 0.5554 0.5300 0.8356 0.4644 0.7649 0.5856 0.8305 0.4774 0.7871 0.3931 0.7607 0.4921 0.6512 0.6459 0.4423 0.4053 0.4075 0.5088 0.1790 0.3128 0.5910 0.5843 0.3518 0.4540 0.5163 0.4505 0.7085 0.4694
0.7444 0.7364 0.8486 1.0000 0.6446 0.7460 0.8906 0.5538 0.5525 0.5073 0.5838 0.5200 0.5950 0.5984 0.4399 0.4644 0.5894 0.8196 0.7732 0.7895 0.8797 0.6023 0.6770 0.5129 0.4899 0.4322 0.5878 0.5996 0.6496 0.5200 0.4801 0.6782 0.5439 0.5928 0.5509 0.5608 0.6007 0.6040 0.5933 0.5674 0.5798 0.6186 0.6704 0.6149 0.6006 0.5173 0.5141 0.6260 0.6952 0.6647 0.7150 0.6997 0.7185 0.6756 0.6107 0.6155 0.6873 0.6688 0.6974 0.6723 0.3786 0.3898 0.4221 0.4430 0.2126 0.2358 0.5679 0.5908 0.3642 0.5149 0.4769 0.5967 0.5613 0.6140
0.5770 0.4470 0.6439 0.6446 1.0000 0.5917 0.4790 0.8268 0.8679 0.2790 0.3519 0.3856 0.4034 0.7041 0.6688 0.2585 0.3346 0.6004 0.4999 0.5471 0.5741 0.8740 0.8898 0.3371 0.3619 0.3458 0.4022 0.3504 0.3753 0.2911 0.2702 0.4780 0.5386 0.6388 0.3193 0.3292 0.4319 0.3330 0.3717 0.3863 0.2876 0.3640 0.3918 0.3594 0.4116 0.4132 0.2433 0.4764 0.5693 0.4420 0.5305 0.4733 0.5247 0.4014 0.4613 0.4102 0.4544 0.4005 0.5472 0.5080 0.3660 0.3992 0.2289 0.2661 -0.0659 -0.0453 0.4747 0.4931 0.1720 0.3124 0.2924 0.4420 0.3041 0.4440
0.9161 0.4342 0.9413 0.7460 0.5917 1.0000 0.6099 0.7029 0.3711 0.7152 0.4450 0.8165 0.3525 0.8027 0.2619 0.5311 0.4782 0.7404 0.7373 0.8495 0.8361 0.6453 0.5923 0.5823 0.5325 0.5689 0.5733 0.6433 0.6207 0.5332 0.5431 0.6680 0.4250 0.6276 0.4687 0.4512 0.5305 0.4350 0.5252 0.4732 0.5129 0.4314 0.5883 0.3028 0.5398 0.2237 0.5786 0.4897 0.8382 0.3856 0.7876 0.5295 0.8511 0.4307 0.8252 0.3246 0.7917 0.4639 0.6364 0.6502 0.5012 0.4333 0.4201 0.5471 0.1999 0.3823 0.6147 0.5872 0.4123 0.4459 0.5954 0.4160 0.7515 0.4432
0.5873 0.8565 0.6669 0.8906 0.4790 0.6099 1.0000 0.3855 0.4371 0.5330 0.7578 0.5193 0.7748 0.4704 0.4703 0.5369 0.7066 0.7515 0.7416 0.7705 0.8449 0.4767 0.5729 0.5726 0.5894 0.4865 0.6597 0.6775 0.7448 0.6431 0.6156 0.6836 0.5272 0.4694 0.6156 0.6233 0.6529 0.6520 0.6646 0.6328 0.5947 0.6906 0.6535 0.6847 0.5009 0.5556 0.5673 0.6636 0.5995 0.7669 0.6995 0.7706 0.6614 0.7917 0.5258 0.7369 0.6765 0.7914 0.7445 0.7182 0.4511 0.5029 0.5332 0.5206 0.3710 0.3670 0.6341 0.6606 0.4948 0.6118 0.5640 0.7255 0.4968 0.7208
0.7121 0.3925 0.7078 0.5538 0.8268 0.7029 0.3855 1.0000 0.6953 0.4492 0.3799 0.5656 0.3546 0.8769 0.5511 0.3433 0.3821 0.6054 0.5515 0.5926 0.5696 0.8607 0.7723 0.4128 0.4185 0.4137 0.3726 0.4361 0.4175 0.3349 0.3175 0.5693 0.4583 0.7622 0.2833 0.3098 0.4071 0.2957 0.3530 0.3467 0.3180 0.3137 0.3811 0.2433 0.4214 0.2480 0.3213 0.4113 0.7052 0.3984 0.6468 0.5011 0.6579 0.3814 0.6137 0.3440 0.5567 0.3740 0.5245 0.5355 0.4311 0.3287 0.2558 0.3143 -0.0339 0.0411 0.5081 0.4882 0.2321 0.3319 0.3713 0.3813 0.5049 0.4178
0.3895 0.4560 0.4836 0.5525 0.8679 0.3711 0.4371 0.6953 1.0000 0.0924 0.3470 0.1785 0.4499 0.4881 0.8529 0.1130 0.2164 0.4878 0.3632 0.3578 0.3991 0.7251 0.7875 0.2048 0.3061 0.2051 0.3133 0.1958 0.2692 0.1441 0.1108 0.3864 0.6071 0.5020 0.1912 0.2283 0.2654 0.2343 0.2247 0.2734 0.1624 0.2856 0.2482 0.3219 0.2679 0.3852 0.1135 0.3967 0.3721 0.4133 0.3399 0.3843 0.3432 0.3342 0.2619 0.3979 0.2611 0.3171 0.3719 0.3301 0.2435 0.3556 0.1803 0.1825 -0.0723 -0.1367 0.3193 0.3777 0.0603 0.2767 0.1307 0.3839 0.1117 0.3838
0.7197 0.4923 0.6357 0.5073 0.2790 0.7152 0.5330 0.4492 0.0924 1.0000 0.6290 0.9283 0.5166 0.6478 0.2030 0.8734 0.7027 0.6552 0.7327 0.7989 0.7360 0.4207 0.3713 0.8468 0.7183 0.7765 0.7295 0.8319 0.8050 0.8037 0.7504 0.6596 0.3801 0.4001 0.6218 0.6282 0.6360 0.6037 0.6459 0.5915 0.6532 0.5613 0.6439 0.4051 0.4599 0.2370 0.6946 0.5329 0.6942 0.4328 0.6567 0.5335 0.7180 0.5326 0.8222 0.4473 0.8080 0.6097 0.6564 0.7099 0.6835 0.5838 0.7363 0.7438 0.6322 0.6813 0.7116 0.6718 0.7750 0.6290 0.8725 0.5793 0.7871 0.5743
0.4411 0.8398 0.4451 0.5838 0.3519 0.4450 0.7578 0.3799 0.3470 0.6290 1.0000 0.5792 0.9363 0.4523 0.5635 0.6006 0.8392 0.6214 0.6279 0.6877 0.6838 0.4192 0.4626 0.6252 0.7328 0.5889 0.6954 0.7422 0.7998 0.7202 0.6882 0.5564 0.5134 0.4354 0.5364 0.6106 0.5920 0.5990 0.5761 0.5924 0.5010 0.6661 0.4708 0.6342 0.2671 0.4614 0.4693 0.6105 0.5134 0.7449 0.5983 0.6999 0.5638 0.7740 0.4866 0.7732 0.6141 0.8135 0.6867 0.6918 0.5376 0.5407 0.6209 0.5873 0.5357 0.4455 0.6556 0.7028 0.6147 0.7473 0.6355 0.8206 0.4266 0.7925
0.7512 0.4273 0.6994 0.5200 0.3856 0.8165 0.5193 0.5656 0.1785 0.9283 0.5792 1.0000 0.4573 0.7359 0.2054 0.7663 0.6324 0.5995 0.6684 0.7824 0.7283 0.4936 0.4227 0.7930 0.6896 0.7474 0.6798 0.7612 0.7284 0.7166 0.6951 0.6247 0.3322 0.4407 0.5263 0.5285 0.5700 0.5175 0.5656 0.4932 0.5848 0.4946 0.5878 0.3343 0.4107 0.1810 0.6159 0.4685 0.7236 0.3807 0.6868 0.5025 0.7403 0.4742 0.8156 0.4031 0.7843 0.5549 0.6123 0.6631 0.6812 0.5865 0.6443 0.7118 0.4863 0.6124 0.6934 0.6531 0.6786 0.5683 0.8044 0.4966 0.7540 0.5122
0.3671 0.8338 0.3891 0.5950 0.4034 0.3525 0.7748 0.3546 0.4499 0.5166 0.9363 0.4573 1.0000 0.3965 0.6419 0.5557 0.7697 0.5991 0.5643 0.6179 0.6417 0.4451 0.5309 0.5861 0.6639 0.5075 0.6747 0.6602 0.7342 0.6594 0.6136 0.5420 0.5236 0.4290 0.5199 0.5942 0.5801 0.5876 0.5708 0.5852 0.4844 0.6527 0.4748 0.6452 0.2975 0.5037 0.4347 0.6133 0.4590 0.7293 0.5224 0.6511 0.5063 0.7395 0.4365 0.7613 0.5537 0.7672 0.6583 0.6385 0.4876 0.5262 0.5821 0.4883 0.4772 0.3371 0.6161 0.6667 0.5713 0.7080 0.5800 0.8113 0.3754 0.7763
0.7944 0.4341 0.7657 0.5984 0.7041 0.8027 0.4704 0.8769 0.4881 0.6478 0.4523 0.7359 0.3965 1.0000 0.4075 0.4939 0.4977 0.6422 0.6148 0.7060 0.6882 0.7461 0.6668 0.6061 0.5660 0.5108 0.5085 0.5659 0.5452 0.4925 0.4958 0.6232 0.3709 0.7629 0.3908 0.4207 0.5170 0.4050 0.4670 0.4208 0.4484 0.3902 0.4743 0.2699 0.4429 0.2172 0.4728 0.4635 0.8026 0.4256 0.7536 0.5592 0.7640 0.4459 0.7542 0.3712 0.6740 0.4585 0.6078 0.6323 0.5180 0.4097 0.4129 0.4605 0.1459 0.2964 0.6207 0.5600 0.3827 0.4290 0.5628 0.4567 0.6489 0.4629
0.2742 0.5657 0.3420 0.4399 0.6688 0.2619 0.4703 0.5511 0.8529 0.2030 0.5635 0.2054 0.6419 0.4075 1.0000 0.2597 0.3798 0.4952 0.4097 0.4035 0.3897 0.6070 0.6592 0.3070 0.4660 0.3258 0.4128 0.3442 0.4219 0.3250 0.2903 0.3996 0.6731 0.4229 0.2987 0.3453 0.3468 0.2993 0.3294 0.4210 0.1920 0.3677 0.2301 0.3943 0.1852 0.4492 0.2249 0.5096 0.3001 0.4936 0.3088 0.4166 0.2951 0.4171 0.2252 0.4800 0.2721 0.4037 0.4423 0.4197 0.3512 0.4730 0.3638 0.3072 0.2018 0.0443 0.4043 0.4758 0.2429 0.4364 0.2749 0.5677 0.1248 0.5229
0.5643 0.5188 0.4880 0.4644 0.2585 0.5311 0.5369 0.3433 0.1130 0.8734 0.6006 0.7663 0.5557 0.4939 0.2597 1.0000 0.7608 0.6383 0.7126 0.7235 0.6669 0.3936 0.3814 0.8791 0.7022 0.7479 0.7185 0.8356 0.8225 0.8097 0.7465 0.6476 0.4237 0.3084 0.6948 0.6887 0.6820 0.6671 0.7129 0.6720 0.6818 0.6077 0.6628 0.5052 0.4727 0.3730 0.6921 0.5820 0.6110 0.5033 0.5387 0.5186 0.5952 0.5572 0.7585 0.5123 0.7347 0.6254 0.6813 0.7211 0.6468 0.5976 0.7740 0.7276 0.6813 0.6353 0.7623 0.7394 0.9061 0.6962 0.9297 0.6866 0.6939 0.6229
0.5104 0.7946 0.4671 0.5894 0.3346 0.4782 0.7066 0.3821 0.2164 0.7027 0.8392 0.6324 0.7697 0.4977 0.3798 0.7608 1.0000 0.6523 0.7139 0.7101 0.7004 0.4399 0.4476 0.7482 0.7880 0.6924 0.7176 0.8053 0.8258 0.7187 0.6798 0.5817 0.3909 0.4056 0.6071 0.6803 0.6565 0.7016 0.6344 0.6268 0.6146 0.6950 0.5583 0.6721 0.3481 0.4895 0.5026 0.5988 0.6113 0.7896 0.6090 0.7048 0.5728 0.7903 0.5832 0.7950 0.6261 0.7962 0.6991 0.7389 0.5768 0.5434 0.6766 0.6701 0.5749 0.5423 0.6904 0.7161 0.7370 0.8284 0.7606 0.8574 0.5140 0.8076
0.8088 0.7383 0.8183 0.8196 0.6004 0.7404 0.7515 0.6054 0.4878 0.6552 0.6214 0.5995 0.5991 0.6422 0.4952 0.6383 0.6523 1.0000 0.9367 0.8846 0.8525 0.6228 0.6490 0.5897 0.5534 0.5676 0.6400 0.7932 0.7933 0.6659 0.6223 0.7779 0.6674 0.6467 0.6679 0.6495 0.7307 0.6163 0.7103 0.7204 0.6171 0.6491 0.6997 0.6044 0.5889 0.5268 0.6505 0.7514 0.7727 0.6783 0.7666 0.7395 0.7747 0.6728 0.7009 0.5746 0.7685 0.6642 0.8496 0.8251 0.4536 0.4389 0.5293 0.5378 0.3672 0.3560 0.7147 0.7292 0.5260 0.6251 0.6387 0.7240 0.6300 0.6976
0.7910 0.7180 0.7799 0.7732 0.4999 0.7373 0.7416 0.5515 0.3632 0.7327 0.6279 0.6684 0.5643 0.6148 0.4097 0.7126 0.7139 0.9367 1.0000 0.8887 0.8538 0.5688 0.5581 0.6341 0.6198 0.6548 0.6646 0.8334 0.8320 0.6980 0.6706 0.7837 0.6207 0.5492 0.6988 0.6697 0.7274 0.6353 0.7233 0.7329 0.6402 0.6441 0.7048 0.5966 0.5699 0.5127 0.7099 0.7566 0.7515 0.6663 0.7620 0.7461 0.7442 0.6677 0.6986 0.5570 0.7724 0.6700 0.8291 0.8564 0.5314 0.4912 0.5837 0.6231 0.4359 0.4597 0.7029 0.7185 0.5917 0.6406 0.6996 0.7198 0.6694 0.7069
0.7947 0.6564 0.8406 0.7895 0.5471 0.8495 0.7705 0.5926 0.3578 0.7989 0.6877 0.7824 0.6179 0.7060 0.4035 0.7235 0.7101 0.8846 0.8887 1.0000 0.9585 0.6397 0.6288 0.6929 0.6478 0.7220 0.7546 0.8626 0.8515 0.7993 0.7830 0.7697 0.5962 0.6054 0.7304 0.7060 0.7721 0.6625 0.7820 0.7582 0.6769 0.6858 0.7467 0.5815 0.6108 0.4838 0.7634 0.7507 0.7840 0.5855 0.8059 0.6841 0.8278 0.6417 0.7950 0.5249 0.8814 0.6947 0.8644 0.8645 0.6153 0.5563 0.6245 0.6563 0.4653 0.5172 0.7855 0.7774 0.6325 0.6536 0.7662 0.7139 0.7689 0.7086
0.7955 0.6880 0.8570 0.8797 0.5741 0.8361 0.8449 0.5696 0.3991 0.7360 0.6838 0.7283 0.6417 0.6882 0.3897 0.6669 0.7004 0.8525 0.8538 0.9585 1.0000 0.6498 0.6772 0.6706 0.6245 0.6552 0.7514 0.8054 0.8187 0.7511 0.7240 0.7679 0.5661 0.6193 0.7019 0.7024 0.7461 0.6862 0.7562 0.7077 0.6892 0.6808 0.7577 0.5849 0.6362 0.4636 0.7100 0.6962 0.7912 0.6149 0.8049 0.6911 0.8280 0.6564 0.7737 0.5561 0.8577 0.6972 0.8199 0.8119 0.5759 0.5302 0.5881 0.6140 0.4045 0.4628 0.7335 0.7288 0.5659 0.6168 0.7006 0.6746 0.7523 0.6832
0.6513 0.4532 0.6606 0.6023 0.8740 0.6453 0.4767 0.8607 0.7251 0.4207 0.4192 0.4936 0.4451 0.7461 0.6070 0.3936 0.4399 0.6228 0.5688 0.6397 0.6498 1.0000 0.9548 0.4102 0.4166 0.5227 0.4882 0.4859 0.4734 0.4420 0.4266 0.5495 0.5008 0.6735 0.4317 0.4679 0.4994 0.4089 0.5017 0.4986 0.3743 0.4226 0.4653 0.3541 0.5294 0.3830 0.3958 0.4805 0.6803 0.4461 0.5948 0.4693 0.5942 0.3860 0.5911 0.3923 0.5616 0.3957 0.5845 0.5669 0.5507 0.4852 0.3243 0.3568 0.0443 0.0775 0.5840 0.5717 0.3035 0.3808 0.4324 0.4945 0.5154 0.5293
0.6116 0.5327 0.6506 0.6770 0.8898 0.5923 0.5729 0.7723 0.7875 0.3713 0.4626 0.4227 0.5309 0.6668 0.6592 0.3814 0.4476 0.6490 0.5581 0.6288 0.6772 0.9548 1.0000 0.4278 0.4312 0.4893 0.5479 0.4799 0.5014 0.4558 0.4256 0.5709 0.5550 0.6607 0.4635 0.5054 0.5310 0.4671 0.5321 0.5214 0.4150 0.4809 0.5137 0.4335 0.5499 0.4397 0.3852 0.5041 0.6475 0.5060 0.5753 0.5006 0.5855 0.4435 0.5596 0.4657 0.5602 0.4593 0.6109 0.5661 0.5194 0.5152 0.3605 0.3646 0.0872 0.0841 0.5897 0.5957 0.3185 0.4245 0.4276 0.5392 0.4759 0.5571
0.5767 0.5336 0.5386 0.5129 0.3371 0.5823 0.5726 0.4128 0.2048 0.8468 0.6252 0.7930 0.5861 0.6061 0.3070 0.8791 0.7482 0.5897 0.6341 0.6929 0.6706 0.4102 0.4278 1.0000 0.8302 0.7723 0.8102 0.7763 0.7988 0.7479 0.6886 0.6559 0.4050 0.3882 0.5701 0.5930 0.6105 0.6403 0.6063 0.5422 0.6683 0.5778 0.6172 0.4640 0.3749 0.2796 0.5847 0.5094 0.6015 0.5001 0.5634 0.5340 0.6288 0.5753 0.7320 0.5423 0.6895 0.6386 0.6205 0.6514 0.7226 0.6820 0.8675 0.7903 0.7257 0.6806 0.7577 0.7324 0.8626 0.7191 0.8945 0.6290 0.6547 0.5710
0.5048 0.6065 0.4989 0.4899 0.3619 0.5325 0.5894 0.4185 0.3061 0.7183 0.7328 0.6896 0.6639 0.5660 0.4660 0.7022 0.7880 0.5534 0.6198 0.6478 0.6245 0.4166 0.4312 0.8302 1.0000 0.7407 0.7841 0.7099 0.7627 0.6433 0.6342 0.5737 0.4681 0.3812 0.4880 0.5528 0.5158 0.5566 0.5090 0.5091 0.5077 0.5291 0.4402 0.4615 0.2275 0.2976 0.4859 0.4936 0.5356 0.5569 0.5223 0.5509 0.5246 0.5783 0.5741 0.5930 0.5490 0.6334 0.5580 0.6072 0.6801 0.7006 0.7565 0.8178 0.6334 0.6812 0.6978 0.7275 0.7413 0.8246 0.7787 0.7090 0.5205 0.6276
0.5327 0.4781 0.5024 0.4322 0.3458 0.5689 0.4865 0.4137 0.2051 0.7765 0.5889 0.7474 0.5075 0.5108 0.3258 0.7479 0.6924 0.5676 0.6548 0.7220 0.6552 0.5227 0.4893 0.7723 0.7407 1.0000 0.8953 0.8128 0.8069 0.7339 0.7022 0.5009 0.3455 0.2620 0.5486 0.5850 0.5533 0.5710 0.5616 0.5331 0.5488 0.5316 0.5195 0.4204 0.3296 0.2749 0.5315 0.4482 0.5374 0.4424 0.4916 0.4323 0.5331 0.4763 0.6305 0.4704 0.6202 0.5535 0.5703 0.6158 0.8272 0.7920 0.7806 0.8002 0.6880 0.7172 0.6889 0.6779 0.7315 0.6581 0.7832 0.5899 0.5966 0.5608
0.5452 0.6188 0.5663 0.5878 0.4022 0.5733 0.6597 0.3726 0.3133 0.7295 0.6954 0.6798 0.6747 0.5085 0.4128 0.7185 0.7176 0.6400 0.6646 0.7546 0.7514 0.4882 0.5479 0.8102 0.7841 0.8953 1.0000 0.8075 0.8633 0.7349 0.6972 0.5626 0.4370 0.3489 0.5579 0.6100 0.5866 0.6208 0.5841 0.5510 0.5841 0.5812 0.5668 0.4969 0.3637 0.3289 0.5287 0.5048 0.5650 0.5457 0.5327 0.5193 0.5970 0.5793 0.6446 0.5802 0.6523 0.6538 0.6272 0.6372 0.7560 0.7781 0.7981 0.7771 0.6869 0.6784 0.7036 0.7075 0.7280 0.7263 0.7651 0.6604 0.5801 0.5953
0.6673 0.6872 0.6029 0.5996 0.3504 0.6433 0.6775 0.4361 0.1958 0.8319 0.7422 0.7612 0.6602 0.5659 0.3442 0.8356 0.8053 0.7932 0.8334 0.8626 0.8054 0.4859 0.4799 0.7763 0.7099 0.8128 0.8075 1.0000 0.9718 0.8704 0.8263 0.6772 0.5049 0.4689 0.7358 0.7514 0.7720 0.7345 0.7599 0.7279 0.7314 0.7266 0.7091 0.6058 0.4766 0.4133 0.6982 0.6522 0.7063 0.6417 0.7254 0.6733 0.7331 0.6898 0.7499 0.6109 0.8109 0.7340 0.8280 0.8376 0.6737 0.5967 0.7374 0.7204 0.6488 0.6249 0.8096 0.7993 0.7865 0.7593 0.8540 0.7609 0.7113 0.7301
0.6423 0.7605 0.6114 0.6496 0.3753 0.6207 0.7448 0.4175 0.2692 0.8050 0.7998 0.7284 0.7342 0.5452 0.4219 0.8225 0.8258 0.7933 0.8320 0.8515 0.8187 0.4734 0.5014 0.7988 0.7627 0.8069 0.8633 0.9718 1.0000 0.8519 0.8071 0.6802 0.5506 0.4528 0.7151 0.7489 0.7525 0.7437 0.7347 0.7128 0.7114 0.7296 0.6825 0.6348 0.4434 0.4388 0.6619 0.6592 0.6827 0.7004 0.7008 0.7046 0.7134 0.7414 0.7180 0.6821 0.7783 0.7819 0.8111 0.8212 0.6666 0.6417 0.7655 0.7434 0.6702 0.6285 0.7944 0.8043 0.7787 0.7953 0.8355 0.7983 0.6577 0.7492
0.5120 0.6099 0.5016 0.5200 0.2911 0.5332 0.6431 0.3349 0.1441 0.8037 0.7202 0.7166 0.6594 0.4925 0.3250 0.8097 0.7187 0.6659 0.6980 0.7993 0.7511 0.4420 0.4558 0.7479 0.6433 0.7339 0.7349 0.8704 0.8519 1.0000 0.9292 0.6737 0.5112 0.4043 0.8048 0.7891 0.8205 0.7589 0.8284 0.7863 0.7417 0.7670 0.7410 0.6300 0.5069 0.4562 0.7665 0.6912 0.5641 0.5470 0.6391 0.6192 0.6262 0.6347 0.6565 0.5451 0.8142 0.7512 0.8254 0.8231 0.7221 0.6583 0.7611 0.7071 0.6836 0.6453 0.8251 0.8062 0.7733 0.6696 0.8379 0.7241 0.6964 0.7344
0.4768 0.5539 0.4748 0.4801 0.2702 0.5431 0.6156 0.3175 0.1108 0.7504 0.6882 0.6951 0.6136 0.4958 0.2903 0.7465 0.6798 0.6223 0.6706 0.7830 0.7240 0.4266 0.4256 0.6886 0.6342 0.7022 0.6972 0.8263 0.8071 0.9292 1.0000 0.5880 0.4628 0.3819 0.7771 0.7350 0.7645 0.6665 0.8093 0.7885 0.6508 0.7206 0.6522 0.5839 0.4721 0.4701 0.7910 0.6937 0.5355 0.4895 0.6287 0.5744 0.5891 0.5742 0.6096 0.4539 0.7629 0.6930 0.7985 0.8129 0.7257 0.6314 0.7054 0.6887 0.6309 0.6345 0.8506 0.8266 0.7482 0.6391 0.8087 0.7112 0.6605 0.7025
0.7112 0.5958 0.7182 0.6782 0.4780 0.6680 0.6836 0.5693 0.3864 0.6596 0.5564 0.6247 0.5420 0.6232 0.3996 0.6476 0.5817 0.7779 0.7837 0.7697 0.7679 0.5495 0.5709 0.6559 0.5737 0.5009 0.5626 0.6772 0.6802 0.6737 0.5880 1.0000 0.6918 0.7009 0.5976 0.5806 0.6883 0.5878 0.6774 0.6382 0.6532 0.5953 0.7477 0.5012 0.5540 0.3527 0.6908 0.6697 0.7013 0.5401 0.7556 0.7042 0.7735 0.5827 0.6914 0.4771 0.7958 0.6136 0.7734 0.7642 0.5162 0.5069 0.6086 0.6045 0.3974 0.4210 0.6862 0.6872 0.5513 0.5390 0.6602 0.5691 0.7089 0.5998
0.4222 0.5324 0.5267 0.5439 0.5386 0.4250 0.5272 0.4583 0.6071 0.3801 0.5134 0.3322 0.5236 0.3709 0.6731 0.4237 0.3909 0.6674 0.6207 0.5962 0.5661 0.5008 0.5550 0.4050 0.4681 0.3455 0.4370 0.5049 0.5506 0.5112 0.4628 0.6918 1.0000 0.5067 0.5620 0.5204 0.5797 0.4991 0.5794 0.6583 0.4797 0.5717 0.5690 0.5619 0.4891 0.5574 0.5734 0.7555 0.3805 0.4551 0.4500 0.5378 0.4537 0.4813 0.3815 0.4370 0.5420 0.5332 0.6637 0.6235 0.3883 0.4524 0.4719 0.4733 0.3173 0.1795 0.5716 0.6563 0.3940 0.5236 0.4183 0.5858 0.4106 0.5905
0.6800 0.4695 0.6768 0.5928 0.6388 0.6276 0.4694 0.7622 0.5020 0.4001 0.4354 0.4407 0.4290 0.7629 0.4229 0.3084 0.4056 0.6467 0.5492 0.6054 0.6193 0.6735 0.6607 0.3882 0.3812 0.2620 0.3489 0.4689 0.4528 0.4043 0.3819 0.7009 0.5067 1.0000 0.3400 0.3735 0.4839 0.3647 0.4479 0.4292 0.3963 0.3970 0.4616 0.3151 0.4711 0.2553 0.4000 0.4737 0.7100 0.4462 0.7187 0.5847 0.7252 0.4502 0.6119 0.3719 0.6227 0.4401 0.6162 0.5818 0.3053 0.1913 0.2476 0.2400 0.0138 0.0382 0.5307 0.5095 0.2430 0.3796 0.3759 0.4396 0.5742 0.4757
0.4682 0.5761 0.4848 0.5509 0.3193 0.4687 0.6156 0.2833 0.1912 0.6218 0.5364 0.5263 0.5199 0.3908 0.2987 0.6948 0.6071 0.6679 0.6988 0.7304 0.7019 0.4317 0.4635 0.5701 0.4880 0.5486 0.5579 0.7358 0.7151 0.8048 0.7771 0.5976 0.5620 0.3400 1.0000 0.9398 0.9319 0.8822 0.9691 0.9322 0.8425 0.8446 0.8259 0.7474 0.6936 0.6586 0.8358 0.7935 0.5090 0.5507 0.5762 0.6176 0.5149 0.6106 0.5344 0.4843 0.7063 0.6754 0.8241 0.8196 0.5522 0.4806 0.5731 0.5312 0.5057 0.4443 0.7263 0.7266 0.6429 0.5801 0.7086 0.6929 0.6464 0.7418
0.4927 0.6489 0.4796 0.5608 0.3292 0.4512 0.6233 0.3098 0.2283 0.6282 0.6106 0.5285 0.5942 0.4207 0.3453 0.6887 0.6803 0.6495 0.6697 0.7060 0.7024 0.4679 0.5054 0.5930 0.5528 0.5850 0.6100 0.7514 0.7489 0.7891 0.7350 0.5806 0.5204 0.3735 0.9398 1.0000 0.9014 0.9249 0.9155 0.8821 0.8270 0.8337 0.7654 0.7288 0.6178 0.5770 0.7485 0.7179 0.5720 0.6372 0.5926 0.6435 0.5321 0.6606 0.5547 0.5816 0.6812 0.7039 0.7739 0.7754 0.5658 0.5063 0.5875 0.5444 0.5153 0.4632 0.7019 0.7042 0.6307 0.6421 0.7098 0.7318 0.6333 0.7938
0.5392 0.6419 0.5462 0.6007 0.4319 0.5305 0.6529 0.4071 0.2654 0.6360 0.5920 0.5700 0.5801 0.5170 0.3468 0.6820 0.6565 0.7307 0.7274 0.7721 0.7461 0.4994 0.5310 0.6105 0.5158 0.5533 0.5866 0.7720 0.7525 0.8205 0.7645 0.6883 0.5797 0.4839 0.9319 0.9014 1.0000 0.8967 0.9305 0.8848 0.8538 0.8496 0.8259 0.7330 0.6131 0.5956 0.7617 0.7771 0.6097 0.6423 0.6962 0.7219 0.6374 0.6914 0.5935 0.5729 0.7728 0.7467 0.9098 0.8883 0.5513 0.5013 0.5773 0.5334 0.4544 0.4133 0.7488 0.7456 0.6122 0.5992 0.7039 0.7216 0.6375 0.7598
0.4683 0.6679 0.4732 0.6040 0.3330 0.4350 0.6520 0.2957 0.2343 0.6037 0.5990 0.5175 0.5876 0.4050 0.2993 0.6671 0.7016 0.6163 0.6353 0.6625 0.6862 0.4089 0.4671 0.6403 0.5566 0.5710 0.6208 0.7345 0.7437 0.7589 0.6665 0.5878 0.4991 0.3647 0.8822 0.9249 0.8967 1.0000 0.8523 0.7912 0.9171 0.8961 0.8217 0.7985 0.5894 0.5703 0.6509 0.6675 0.5261 0.6709 0.5894 0.6815 0.5406 0.7271 0.5343 0.6634 0.6764 0.7730 0.7539 0.7496 0.5411 0.5052 0.6185 0.5620 0.5238 0.4582 0.6466 0.6593 0.6139 0.6341 0.6794 0.6940 0.5945 0.7695
0.5211 0.6005 0.5377 0.5933 0.3717 0.5252 0.6646 0.3530 0.2247 0.6459 0.5761 0.5656 0.5708 0.4670 0.3294 0.7129 0.6344 0.7103 0.7233 0.7820 0.7562 0.5017 0.5321 0.6063 0.5090 0.5616 0.5841 0.7599 0.7347 0.8284 0.8093 0.6774 0.5794 0.4479 0.9691 0.9155 0.9305 0.8523 1.0000 0.9512 0.8309 0.8456 0.8407 0.7378 0.7197 0.6503 0.8691 0.8169 0.5769 0.5669 0.6424 0.6484 0.5913 0.6255 0.6022 0.4995 0.7611 0.6919 0.8612 0.8482 0.5817 0.5040 0.5971 0.5420 0.4963 0.4476 0.7824 0.7700 0.6593 0.5910 0.7375 0.7191 0.6913 0.7590
0.4669 0.6174 0.5016 0.5674 0.3863 0.4732 0.6328 0.3467 0.2734 0.5915 0.5924 0.4932 0.5852 0.4208 0.4210 0.6720 0.6268 0.7204 0.7329 0.7582 0.7077 0.4986 0.5214 0.5422 0.5091 0.5331 0.5510 0.7279 0.7128 0.7863 0.7885 0.6382 0.6583 0.4292 0.9322 0.8821 0.8848 0.7912 0.9512 1.0000 0.7389 0.8358 0.7551 0.7670 0.6743 0.7481 0.8588 0.8908 0.5138 0.5773 0.5945 0.6463 0.5235 0.6242 0.5272 0.5056 0.7029 0.6878 0.8549 0.8517 0.5655 0.4856 0.5729 0.5117 0.4826 0.3873 0.7562 0.7703 0.6308 0.6078 0.6831 0.7655 0.6075 0.7809
0.5301 0.5346 0.5140 0.5798 0.2876 0.5129 0.5947 0.3180 0.1624 0.6532 0.5010 0.5848 0.4844 0.4484 0.1920 0.6818 0.6146 0.6171 0.6402 0.6769 0.6892 0.3743 0.4150 0.6683 0.5077 0.5488 0.5841 0.7314 0.7114 0.7417 0.6508 0.6532 0.4797 0.3963 0.8425 0.8270 0.8538 0.9171 0.8309 0.7389 1.0000 0.8663 0.9225 0.7341 0.6755 0.4804 0.7233 0.6450 0.5410 0.5145 0.6357 0.6293 0.6211 0.6342 0.6185 0.5159 0.7479 0.6964 0.7381 0.7360 0.5280 0.4443 0.6212 0.5695 0.5233 0.4883 0.6395 0.6333 0.6180 0.5642 0.7024 0.5591 0.7111 0.6478
0.4292 0.7140 0.4576 0.6186 0.3640 0.4314 0.6906 0.3137 0.2856 0.5613 0.6661 0.4946 0.6527 0.3902 0.3677 0.6077 0.6950 0.6491 0.6441 0.6858 0.6808 0.4226 0.4809 0.5778 0.5291 0.5316 0.5812 0.7266 0.7296 0.7670 0.7206 0.5953 0.5717 0.3970 0.8446 0.8337 0.8496 0.8961 0.8456 0.8358 0.8663 1.0000 0.8244 0.9180 0.6098 0.7354 0.6988 0.7897 0.4622 0.6822 0.6308 0.7508 0.5321 0.7836 0.4777 0.6919 0.6821 0.8389 0.8161 0.8130 0.5507 0.4976 0.5971 0.5344 0.5021 0.4065 0.6932 0.7270 0.5935 0.6400 0.6423 0.7508 0.5436 0.8190
0.5919 0.5108 0.6098 0.6704 0.3918 0.5883 0.6535 0.3811 0.2482 0.6439 0.4708 0.5878 0.4748 0.4743 0.2301 0.6628 0.5583 0.6997 0.7048 0.7467 0.7577 0.4653 0.5137 0.6172 0.4402 0.5195 0.5668 0.7091 0.6825 0.7410 0.6522 0.7477 0.5690 0.4616 0.8259 0.7654 0.8259 0.8217 0.8407 0.7551 0.9225 0.8244 1.0000 0.7340 0.8052 0.5346 0.7733 0.7188 0.5640 0.4581 0.6596 0.6192 0.6697 0.5873 0.6526 0.4568 0.8178 0.6725 0.7856 0.7673 0.4973 0.4279 0.5794 0.5466 0.4479 0.4326 0.6499 0.6483 0.5859 0.5235 0.6826 0.5450 0.7618 0.6327
0.2994 0.7342 0.3731 0.6149 0.3594 0.3028 0.6847 0.2433 0.3219 0.4051 0.6342 0.3343 0.6452 0.2699 0.3943 0.5052 0.6721 0.6044 0.5966 0.5815 0.5849 0.3541 0.4335 0.4640 0.4615 0.4204 0.4969 0.6058 0.6348 0.6300 0.5839 0.5012 0.5619 0.3151 0.7474 0.7288 0.7330 0.7985 0.7378 0.7670 0.7341 0.9180 0.7340 1.0000 0.5639 0.8629 0.5579 0.7886 0.3252 0.7036 0.4898 0.7240 0.3724 0.7863 0.3156 0.7463 0.5336 0.8441 0.7345 0.7253 0.4051 0.3956 0.5029 0.4337 0.4277 0.2943 0.5788 0.6426 0.5026 0.6123 0.5095 0.7755 0.3600 0.8242
0.5546 0.3282 0.5949 0.6006 0.4116 0.5398 0.5009 0.4214 0.2679 0.4599 0.2671 0.4107 0.2975 0.4429 0.1852 0.4727 0.3481 0.5889 0.5699 0.6108 0.6362 0.5294 0.5499 0.3749 0.2275 0.3296 0.3637 0.4766 0.4434 0.5069 0.4721 0.5540 0.4891 0.4711 0.6936 0.6178 0.6131 0.5894 0.7197 0.6743 0.6755 0.6098 0.8052 0.5639 1.0000 0.5644 0.7066 0.6080 0.5098 0.2823 0.4836 0.3973 0.5401 0.3804 0.5930 0.2703 0.6726 0.4448 0.5814 0.5604 0.3590 0.2062 0.3143 0.3065 0.1801 0.1724 0.5244 0.5110 0.3721 0.3152 0.4451 0.3869 0.7450 0.4789
0.1868 0.5913 0.3058 0.5173 0.4132 0.2237 0.5556 0.2480 0.3852 0.2370 0.4614 0.1810 0.5037 0.2172 0.4492 0.3730 0.4895 0.5268 0.5127 0.4838 0.4636 0.3830 0.4397 0.2796 0.2976 0.2749 0.3289 0.4133 0.4388 0.4562 0.4701 0.3527 0.5574 0.2553 0.6586 0.5770 0.5956 0.5703 0.6503 0.7481 0.4804 0.7354 0.5346 0.8629 0.5644 1.0000 0.5110 0.8018 0.2089 0.5753 0.3200 0.5561 0.1989 0.6040 0.1832 0.5778 0.3691 0.6439 0.6290 0.6202 0.3039 0.2792 0.3271 0.2427 0.2448 0.0712 0.4962 0.5548 0.3724 0.4578 0.3473 0.7000 0.2164 0.7045
0.5402 0.4307 0.5554 0.5141 0.2433 0.5786 0.5673 0.3213 0.1135 0.6946 0.4693 0.6159 0.4347 0.4728 0.2249 0.6921 0.5026 0.6505 0.7099 0.7634 0.7100 0.3958 0.3852 0.5847 0.4859 0.5315 0.5287 0.6982 0.6619 0.7665 0.7910 0.6908 0.5734 0.4000 0.8358 0.7485 0.7617 0.6509 0.8691 0.8588 0.7233 0.6988 0.7733 0.5579 0.7066 0.5110 1.0000 0.8043 0.5272 0.3591 0.6175 0.5399 0.5879 0.4676 0.6301 0.2924 0.7546 0.5499 0.7566 0.7834 0.5943 0.4500 0.5750 0.5481 0.4934 0.4988 0.7332 0.7029 0.6340 0.4856 0.7222 0.5593 0.7758 0.6117
0.4566 0.6504 0.5300 0.6260 0.4764 0.4897 0.6636 0.4113 0.3967 0.5329 0.6105 0.4685 0.6133 0.4635 0.5096 0.5820 0.5988 0.7514 0.7566 0.7507 0.6962 0.4805 0.5041 0.5094 0.4936 0.4482 0.5048 0.6522 0.6592 0.6912 0.6937 0.6697 0.7555 0.4737 0.7935 0.7179 0.7771 0.6675 0.8169 0.8908 0.6450 0.7897 0.7188 0.7886 0.6080 0.8018 0.8043 1.0000 0.4540 0.5833 0.5967 0.6943 0.5099 0.6536 0.4514 0.5314 0.6552 0.7091 0.8440 0.8439 0.4774 0.4214 0.5232 0.4506 0.3976 0.2819 0.6927 0.7254 0.5402 0.5728 0.6000 0.7615 0.5052 0.7899
0.9322 0.5881 0.8356 0.6952 0.5693 0.8382 0.5995 0.7052 0.3721 0.6942 0.5134 0.7236 0.4590 0.8026 0.3001 0.6110 0.6113 0.7727 0.7515 0.7840 0.7912 0.6803 0.6475 0.6015 0.5356 0.5374 0.5650 0.7063 0.6827 0.5641 0.5355 0.7013 0.3805 0.7100 0.5090 0.5720 0.6097 0.5261 0.5769 0.5138 0.5410 0.4622 0.5640 0.3252 0.5098 0.2089 0.5272 0.4540 1.0000 0.6021 0.8622 0.6552 0.8982 0.5484 0.8788 0.4807 0.7852 0.5154 0.6949 0.7078 0.4643 0.3911 0.4119 0.4878 0.1958 0.3448 0.6484 0.6131 0.4688 0.5207 0.6346 0.5424 0.7277 0.5297
0.4920 0.9532 0.4644 0.6647 0.4420 0.3856 0.7669 0.3984 0.4133 0.4328 0.7449 0.3807 0.7293 0.4256 0.4936 0.5033 0.7896 0.6783 0.6663 0.5855 0.6149 0.4461 0.5060 0.5001 0.5569 0.4424 0.5457 0.6417 0.7004 0.5470 0.4895 0.5401 0.4551 0.4462 0.5507 0.6372 0.6423 0.6709 0.5669 0.5773 0.5145 0.6822 0.4581 0.7036 0.2823 0.5753 0.3591 0.5833 0.6021 1.0000 0.6494 0.8751 0.5365 0.9168 0.4053 0.9254 0.4931 0.8172 0.7114 0.7101 0.3858 0.4403 0.4604 0.4247 0.3359 0.2650 0.5566 0.5985 0.4622 0.6514 0.4935 0.8276 0.2763 0.7960
0.8315 0.6670 0.7649 0.7150 0.5305 0.7876 0.6995 0.6468 0.3399 0.6567 0.5983 0.6868 0.5224 0.7536 0.3088 0.5387 0.6090 0.7666 0.7620 0.8059 0.8049 0.5948 0.5753 0.5634 0.5223 0.4916 0.5327 0.7254 0.7008 0.6391 0.6287 0.7556 0.4500 0.7187 0.5762 0.5926 0.6962 0.5894 0.6424 0.5945 0.6357 0.6308 0.6596 0.4898 0.4836 0.3200 0.6175 0.5967 0.8622 0.6494 1.0000 0.8443 0.9190 0.6934 0.7536 0.5414 0.8346 0.6758 0.8271 0.8383 0.4790 0.3904 0.4360 0.4753 0.2355 0.3483 0.6705 0.6476 0.4535 0.5052 0.6173 0.5835 0.6755 0.6156
0.6075 0.8695 0.5856 0.6997 0.4733 0.5295 0.7706 0.5011 0.3843 0.5335 0.6999 0.5025 0.6511 0.5592 0.4166 0.5186 0.7048 0.7395 0.7461 0.6841 0.6911 0.4693 0.5006 0.5340 0.5509 0.4323 0.5193 0.6733 0.7046 0.6192 0.5744 0.7042 0.5378 0.5847 0.6176 0.6435 0.7219 0.6815 0.6484 0.6463 0.6293 0.7508 0.6192 0.7240 0.3973 0.5561 0.5399 0.6943 0.6552 0.8751 0.8443 1.0000 0.6909 0.9060 0.5000 0.8029 0.6635 0.8616 0.8323 0.8457 0.4254 0.4145 0.4730 0.4531 0.3208 0.3060 0.6193 0.6438 0.4698 0.5913 0.5465 0.7538 0.4326 0.7793
0.8921 0.5787 0.8305 0.7185 0.5247 0.8511 0.6614 0.6579 0.3432 0.7180 0.5638 0.7403 0.5063 0.7640 0.2951 0.5952 0.5728 0.7747 0.7442 0.8278 0.8280 0.5942 0.5855 0.6288 0.5246 0.5331 0.5970 0.7331 0.7134 0.6262 0.5891 0.7735 0.4537 0.7252 0.5149 0.5321 0.6374 0.5406 0.5913 0.5235 0.6211 0.5321 0.6697 0.3724 0.5401 0.1989 0.5879 0.5099 0.8982 0.5365 0.9190 0.6909 1.0000 0.6052 0.8752 0.4607 0.8942 0.6030 0.7547 0.7467 0.4722 0.4020 0.4760 0.5178 0.2769 0.3882 0.6524 0.6251 0.4896 0.5115 0.6451 0.5089 0.7706 0.5147
0.4938 0.9135 0.4774 0.6756 0.4014 0.4307 0.7917 0.3814 0.3342 0.5326 0.7740 0.4742 0.7395 0.4459 0.4171 0.5572 0.7903 0.6728 0.6677 0.6417 0.6564 0.3860 0.4435 0.5753 0.5783 0.4763 0.5793 0.6898 0.7414 0.6347 0.5742 0.5827 0.4813 0.4502 0.6106 0.6606 0.6914 0.7271 0.6255 0.6242 0.6342 0.7836 0.5873 0.7863 0.3804 0.6040 0.4676 0.6536 0.5484 0.9168 0.6934 0.9060 0.6052 1.0000 0.4492 0.9159 0.6069 0.9302 0.7589 0.7620 0.4322 0.4370 0.5381 0.4770 0.4360 0.3443 0.5953 0.6323 0.5210 0.6479 0.5520 0.8075 0.3749 0.8148
0.8609 0.4342 0.7871 0.6107 0.4613 0.8252 0.5258 0.6137 0.2619 0.8222 0.4866 0.8156 0.4365 0.7542 0.2252 0.7585 0.5832 0.7009 0.6986 0.7950 0.7737 0.5911 0.5596 0.7320 0.5741 0.6305 0.6446 0.7499 0.7180 0.6565 0.6096 0.6914 0.3815 0.6119 0.5344 0.5547 0.5935 0.5343 0.6022 0.5272 0.6185 0.4777 0.6526 0.3156 0.5930 0.1832 0.6301 0.4514 0.8788 0.4053 0.7536 0.5000 0.8752 0.4492 1.0000 0.3930 0.8558 0.4979 0.6551 0.6735 0.5450 0.4453 0.5371 0.5835 0.3542 0.4693 0.6849 0.6369 0.6198 0.5422 0.7697 0.5016 0.8539 0.4767
0.3934 0.9032 0.3931 0.6155 0.4102 0.3246 0.7369 0.3440 0.3979 0.4473 0.7732 0.4031 0.7613 0.3712 0.4800 0.5123 0.7950 0.5746 0.5570 0.5249 0.5561 0.3923 0.4657 0.5423 0.5930 0.4704 0.5802 0.6109 0.6821 0.5451 0.4539 0.4771 0.4370 0.3719 0.4843 0.5816 0.5729 0.6634 0.4995 0.5056 0.5159 0.6919 0.4568 0.7463 0.2703 0.5778 0.2924 0.5314 0.4807 0.9254 0.5414 0.8029 0.4607 0.9159 0.3930 1.0000 0.4597 0.8656 0.6299 0.6243 0.4126 0.4767 0.5059 0.4598 0.3908 0.2912 0.5288 0.5844 0.4902 0.6740 0.4969 0.8212 0.2498 0.7947
0.7789 0.5496 0.7607 0.6873 0.4544 0.7917 0.6765 0.5567 0.2611 0.8080 0.6141 0.7843 0.5537 0.6740 0.2721 0.7347 0.6261 0.7685 0.7724 0.8814 0.8577 0.5616 0.5602 0.6895 0.5490 0.6202 0.6523 0.8109 0.7783 0.8142 0.7629 0.7958 0.5420 0.6227 0.7063 0.6812 0.7728 0.6764 0.7611 0.7029 0.7479 0.6821 0.8178 0.5336 0.6726 0.3691 0.7546 0.6552 0.7852 0.4931 0.8346 0.6635 0.8942 0.6069 0.8558 0.4597 1.0000 0.7066 0.8357 0.8308 0.5850 0.4827 0.5981 0.6096 0.4282 0.4784 0.7544 0.7292 0.6428 0.5785 0.7629 0.5935 0.8515 0.6224
0.4665 0.8472 0.4921 0.6688 0.4005 0.4639 0.7914 0.3740 0.3171 0.6097 0.8135 0.5549 0.7672 0.4585 0.4037 0.6254 0.7962 0.6642 0.6700 0.6947 0.6972 0.3957 0.4593 0.6386 0.6334 0.5535 0.6538 0.7340 0.7819 0.7512 0.6930 0.6136 0.5332 0.4401 0.6754 0.7039 0.7467 0.7730 0.6919 0.6878 0.6964 0.8389 0.6725 0.8441 0.4448 0.6439 0.5499 0.7091 0.5154 0.8172 0.6758 0.8616 0.6030 0.9302 0.4979 0.8656 0.7066 1.0000 0.8023 0.8057 0.5156 0.5103 0.6110 0.5650 0.4969 0.4268 0.6713 0.7102 0.6094 0.7039 0.6390 0.8288 0.4567 0.8459
0.6414 0.7384 0.6512 0.6974 0.5472 0.6364 0.7445 0.5245 0.3719 0.6564 0.6867 0.6123 0.6583 0.6078 0.4423 0.6813 0.6991 0.8496 0.8291 0.8644 0.8199 0.5845 0.6109 0.6205 0.5580 0.5703 0.6272 0.8280 0.8111 0.8254 0.7985 0.7734 0.6637 0.6162 0.8241 0.7739 0.9098 0.7539 0.8612 0.8549 0.7381 0.8161 0.7856 0.7345 0.5814 0.6290 0.7566 0.8440 0.6949 0.7114 0.8271 0.8323 0.7547 0.7589 0.6551 0.6299 0.8357 0.8023 1.0000 0.9721 0.5506 0.5079 0.5729 0.5443 0.4163 0.3885 0.8079 0.8155 0.6304 0.6511 0.7234 0.8020 0.6292 0.7961
0.6570 0.7270 0.6459 0.6723 0.5080 0.6502 0.7182 0.5355 0.3301 0.7099 0.6918 0.6631 0.6385 0.6323 0.4197 0.7211 0.7389 0.8251 0.8564 0.8645 0.8119 0.5669 0.5661 0.6514 0.6072 0.6158 0.6372 0.8376 0.8212 0.8231 0.8129 0.7642 0.6235 0.5818 0.8196 0.7754 0.8883 0.7496 0.8482 0.8517 0.7360 0.8130 0.7673 0.7253 0.5604 0.6202 0.7834 0.8439 0.7078 0.7101 0.8383 0.8457 0.7467 0.7620 0.6735 0.6243 0.8308 0.8057 0.9721 1.0000 0.5917 0.5215 0.5936 0.5793 0.4409 0.4349 0.7959 0.8045 0.6567 0.6638 0.7562 0.7993 0.6527 0.7946
0.4460 0.4157 0.4423 0.3786 0.3660 0.5012 0.4511 0.4311 0.2435 0.6835 0.5376 0.6812 0.4876 0.5180 0.3512 0.6468 0.5768 0.4536 0.5314 0.6153 0.5759 0.5507 0.5194 0.7226 0.6801 0.8272 0.7560 0.6737 0.6666 0.7221 0.7257 0.5162 0.3883 0.3053 0.5522 0.5658 0.5513 0.5411 0.5817 0.5655 0.5280 0.5507 0.4973 0.4051 0.3590 0.3039 0.5943 0.4774 0.4643 0.3858 0.4790 0.4254 0.4722 0.4322 0.5450 0.4126 0.5850 0.5156 0.5506 0.5917 1.0000 0.8606 0.8035 0.7680 0.6551 0.6307 0.7604 0.7389 0.6548 0.5434 0.6984 0.5189 0.5948 0.5335
0.3754 0.4837 0.4053 0.3898 0.3992 0.4333 0.5029 0.3287 0.3556 0.5838 0.5407 0.5865 0.5262 0.4097 0.4730 0.5976 0.5434 0.4389 0.4912 0.5563 0.5302 0.4852 0.5152 0.6820 0.7006 0.7920 0.7781 0.5967 0.6417 0.6583 0.6314 0.5069 0.4524 0.1913 0.4806 0.5063 0.5013 0.5052 0.5040 0.4856 0.4443 0.4976 0.4279 0.3956 0.2062 0.2792 0.4500 0.4214 0.3911 0.4403 0.3904 0.4145 0.4020 0.4370 0.4453 0.4767 0.4827 0.5103 0.5079 0.5215 0.8606 1.0000 0.7928 0.8310 0.6521 0.6846 0.6675 0.6853 0.5976 0.5600 0.6433 0.5467 0.4071 0.5043
0.4046 0.5136 0.4075 0.4221 0.2289 0.4201 0.5332 0.2558 0.1803 0.7363 0.6209 0.6443 0.5821 0.4129 0.3638 0.7740 0.6766 0.5293 0.5837 0.6245 0.5881 0.3243 0.3605 0.8675 0.7565 0.7806 0.7981 0.7374 0.7655 0.7611 0.7054 0.6086 0.4719 0.2476 0.5731 0.5875 0.5773 0.6185 0.5971 0.5729 0.6212 0.5971 0.5794 0.5029 0.3143 0.3271 0.5750 0.5232 0.4119 0.4604 0.4360 0.4730 0.4760 0.5381 0.5371 0.5059 0.5981 0.6110 0.5729 0.5936 0.8035 0.7928 1.0000 0.8769 0.8979 0.7756 0.7367 0.7315 0.7893 0.6678 0.7867 0.6036 0.5455 0.5526
0.5049 0.4723 0.5088 0.4430 0.2661 0.5471 0.5206 0.3143 0.1825 0.7438 0.5873 0.7118 0.4883 0.4605 0.3072 0.7276 0.6701 0.5378 0.6231 0.6563 0.6140 0.3568 0.3646 0.7903 0.8178 0.8002 0.7771 0.7204 0.7434 0.7071 0.6887 0.6045 0.4733 0.2400 0.5312 0.5444 0.5334 0.5620 0.5420 0.5117 0.5695 0.5344 0.5466 0.4337 0.3065 0.2427 0.5481 0.4506 0.4878 0.4247 0.4753 0.4531 0.5178 0.4770 0.5835 0.4598 0.6096 0.5650 0.5443 0.5793 0.7680 0.8310 0.8769 1.0000 0.7727 0.8654 0.7212 0.7429 0.7193 0.6806 0.7624 0.5664 0.5850 0.5134
0.1931 0.3990 0.1790 0.2126 -0.0659 0.1999 0.3710 -0.0339 -0.0723 0.6322 0.5357 0.4863 0.4772 0.1459 0.2018 0.6813 0.5749 0.3672 0.4359 0.4653 0.4045 0.0443 0.0872 0.7257 0.6334 0.6880 0.6869 0.6488 0.6702 0.6836 0.6309 0.3974 0.3173 0.0138 0.5057 0.5153 0.4544 0.5238 0.4963 0.4826 0.5233 0.5021 0.4479 0.4277 0.1801 0.2448 0.4934 0.3976 0.1958 0.3359 0.2355 0.3208 0.2769 0.4360 0.3542 0.3908 0.4282 0.4969 0.4163 0.4409 0.6551 0.6521 0.8979 0.7727 1.0000 0.8098 0.5782 0.5792 0.7365 0.5814 0.6913 0.5065 0.4194 0.4495
0.3474 0.3180 0.3128 0.2358 -0.0453 0.3823 0.3670 0.0411 -0.1367 0.6813 0.4455 0.6124 0.3371 0.2964 0.0443 0.6353 0.5423 0.3560 0.4597 0.5172 0.4628 0.0775 0.0841 0.6806 0.6812 0.7172 0.6784 0.6249 0.6285 0.6453 0.6345 0.4210 0.1795 0.0382 0.4443 0.4632 0.4133 0.4582 0.4476 0.3873 0.4883 0.4065 0.4326 0.2943 0.1724 0.0712 0.4988 0.2819 0.3448 0.2650 0.3483 0.3060 0.3882 0.3443 0.4693 0.2912 0.4784 0.4268 0.3885 0.4349 0.6307 0.6846 0.7756 0.8654 0.8098 1.0000 0.5551 0.5388 0.6489 0.5374 0.7013 0.4170 0.5114 0.3650
0.5888 0.5903 0.5910 0.5679 0.4747 0.6147 0.6341 0.5081 0.3193 0.7116 0.6556 0.6934 0.6161 0.6207 0.4043 0.7623 0.6904 0.7147 0.7029 0.7855 0.7335 0.5840 0.5897 0.7577 0.6978 0.6889 0.7036 0.8096 0.7944 0.8251 0.8506 0.6862 0.5716 0.5307 0.7263 0.7019 0.7488 0.6466 0.7824 0.7562 0.6395 0.6932 0.6499 0.5788 0.5244 0.4962 0.7332 0.6927 0.6484 0.5566 0.6705 0.6193 0.6524 0.5953 0.6849 0.5288 0.7544 0.6713 0.8079 0.7959 0.7604 0.6675 0.7367 0.7212 0.5782 0.5551 1.0000 0.9624 0.7690 0.7045 0.8168 0.7442 0.6797 0.7060
0.5614 0.6380 0.5843 0.5908 0.4931 0.5872 0.6606 0.4882 0.3777 0.6718 0.7028 0.6531 0.6667 0.5600 0.4758 0.7394 0.7161 0.7292 0.7185 0.7774 0.7288 0.5717 0.5957 0.7324 0.7275 0.6779 0.7075 0.7993 0.8043 0.8062 0.8266 0.6872 0.6563 0.5095 0.7266 0.7042 0.7456 0.6593 0.7700 0.7703 0.6333 0.7270 0.6483 0.6426 0.5110 0.5548 0.7029 0.7254 0.6131 0.5985 0.6476 0.6438 0.6251 0.6323 0.6369 0.5844 0.7292 0.7102 0.8155 0.8045 0.7389 0.6853 0.7315 0.7429 0.5792 0.5388 0.9624 1.0000 0.7540 0.7538 0.7848 0.7816 0.6279 0.7343
0.4011 0.4883 0.3518 0.3642 0.1720 0.4123 0.4948 0.2321 0.0603 0.7750 0.6147 0.6786 0.5713 0.3827 0.2429 0.9061 0.7370 0.5260 0.5917 0.6325 0.5659 0.3035 0.3185 0.8626 0.7413 0.7315 0.7280 0.7865 0.7787 0.7733 0.7482 0.5513 0.3940 0.2430 0.6429 0.6307 0.6122 0.6139 0.6593 0.6308 0.6180 0.5935 0.5859 0.5026 0.3721 0.3724 0.6340 0.5402 0.4688 0.4622 0.4535 0.4698 0.4896 0.5210 0.6198 0.4902 0.6428 0.6094 0.6304 0.6567 0.6548 0.5976 0.7893 0.7193 0.7365 0.6489 0.7690 0.7540 1.0000 0.7892 0.9269 0.6939 0.6098 0.6051
0.4448 0.6840 0.4540 0.5149 0.3124 0.4459 0.6118 0.3319 0.2767 0.6290 0.7473 0.5683 0.7080 0.4290 0.4364 0.6962 0.8284 0.6251 0.6406 0.6536 0.6168 0.3808 0.4245 0.7191 0.8246 0.6581 0.7263 0.7593 0.7953 0.6696 0.6391 0.5390 0.5236 0.3796 0.5801 0.6421 0.5992 0.6341 0.5910 0.6078 0.5642 0.6400 0.5235 0.6123 0.3152 0.4578 0.4856 0.5728 0.5207 0.6514 0.5052 0.5913 0.5115 0.6479 0.5422 0.6740 0.5785 0.7039 0.6511 0.6638 0.5434 0.5600 0.6678 0.6806 0.5814 0.5374 0.7045 0.7538 0.7892 1.0000 0.7557 0.8284 0.4911 0.7242
0.5806 0.5265 0.5163 0.4769 0.2924 0.5954 0.5640 0.3713 0.1307 0.8725 0.6355 0.8044 0.5800 0.5628 0.2749 0.9297 0.7606 0.6387 0.6996 0.7662 0.7006 0.4324 0.4276 0.8945 0.7787 0.7832 0.7651 0.8540 0.8355 0.8379 0.8087 0.6602 0.4183 0.3759 0.7086 0.7098 0.7039 0.6794 0.7375 0.6831 0.7024 0.6423 0.6826 0.5095 0.4451 0.3473 0.7222 0.6000 0.6346 0.4935 0.6173 0.5465 0.6451 0.5520 0.7697 0.4969 0.7629 0.6390 0.7234 0.7562 0.6984 0.6433 0.7867 0.7624 0.6913 0.7013 0.8168 0.7848 0.9269 0.7557 1.0000 0.7207 0.7446 0.6681
0.4359 0.8476 0.4505 0.5967 0.4420 0.4160 0.7255 0.3813 0.3839 0.5793 0.8206 0.4966 0.8113 0.4567 0.5677 0.6866 0.8574 0.7240 0.7198 0.7139 0.6746 0.4945 0.5392 0.6290 0.7090 0.5899 0.6604 0.7609 0.7983 0.7241 0.7112 0.5691 0.5858 0.4396 0.6929 0.7318 0.7216 0.6940 0.7191 0.7655 0.5591 0.7508 0.5450 0.7755 0.3869 0.7000 0.5593 0.7615 0.5424 0.8276 0.5835 0.7538 0.5089 0.8075 0.5016 0.8212 0.5935 0.8288 0.8020 0.7993 0.5189 0.5467 0.6036 0.5664 0.5065 0.4170 0.7442 0.7816 0.6939 0.8284 0.7207 1.0000 0.4218 0.9223
0.7462 0.3316 0.7085 0.5613 0.3041 0.7515 0.4968 0.5049 0.1117 0.7871 0.4266 0.7540 0.3754 0.6489 0.1248 0.6939 0.5140 0.6300 0.6694 0.7689 0.7523 0.5154 0.4759 0.6547 0.5205 0.5966 0.5801 0.7113 0.6577 0.6964 0.6605 0.7089 0.4106 0.5742 0.6464 0.6333 0.6375 0.5945 0.6913 0.6075 0.7111 0.5436 0.7618 0.3600 0.7450 0.2164 0.7758 0.5052 0.7277 0.2763 0.6755 0.4326 0.7706 0.3749 0.8539 0.2498 0.8515 0.4567 0.6292 0.6527 0.5948 0.4071 0.5455 0.5850 0.4194 0.5114 0.6797 0.6279 0.6098 0.4911 0.7446 0.4218 1.0000 0.4898
0.4542 0.8223 0.4694 0.6140 0.4440 0.4432 0.7208 0.4178 0.3838 0.5743 0.7925 0.5122 0.7763 0.4629 0.5229 0.6229 0.8076 0.6976 0.7069 0.7086 0.6832 0.5293 0.5571 0.5710 0.6276 0.5608 0.5953 0.7301 0.7492 0.7344 0.7025 0.5998 0.5905 0.4757 0.7418 0.7938 0.7598 0.7695 0.7590 0.7809 0.6478 0.8190 0.6327 0.8242 0.4789 0.7045 0.6117 0.7899 0.5297 0.7960 0.6156 0.7793 0.5147 0.8148 0.4767 0.7947 0.6224 0.8459 0.7961 0.7946 0.5335 0.5043 0.5526 0.5134 0.4495 0.3650 0.7060 0.7343 0.6051 0.7242 0.6681 0.9223 0.4898 1.0000
