1.0000 0.8191 0.6820 0.7217 0.1873 0.7087 0.6647 0.4272 0.2870 0.7458 0.6669 0.6769 0.6029 0.4997 0.4535 0.7088 0.6824 0.6790 0.7282 0.6416 0.6066 0.0776 0.0615 0.6790 0.6706 0.4861 0.5219 0.7305 0.7073 0.5203 0.6175 0.3920 0.3754 0.3876 0.5841 0.5917 0.5918 0.6390 0.6517 0.6616 0.5248 0.5299 0.5442 0.5120 0.3826 0.4880 0.4987 0.5977 0.8756 0.7834 0.6718 0.5437 0.7474 0.5502 0.7794 0.6186 0.5198 0.5728 0.6153 0.7279 0.3566 0.4460 0.5498 0.6107 0.6453 0.6526 0.6800 0.6990 0.5358 0.6212 0.7155 0.5707 0.5828 0.4486
0.8191 1.0000 0.6524 0.7143 0.1892 0.6332 0.7215 0.3366 0.2832 0.6709 0.6821 0.5574 0.6017 0.4937 0.4772 0.6186 0.6771 0.7991 0.8512 0.5896 0.5880 0.0452 0.0427 0.6572 0.6722 0.4373 0.5192 0.7234 0.7582 0.4883 0.5449 0.3900 0.3750 0.4269 0.5683 0.5510 0.5799 0.5802 0.6208 0.6188 0.3963 0.4639 0.4362 0.4648 0.2986 0.4261 0.4768 0.5870 0.8007 0.9049 0.7330 0.7264 0.6376 0.6138 0.6191 0.7242 0.4632 0.6661 0.6639 0.7089 0.3881 0.4898 0.5531 0.5471 0.6812 0.6393 0.6857 0.7279 0.5472 0.6766 0.6917 0.6340 0.5661 0.5363
0.6820 0.6524 1.0000 0.8594 0.1794 0.9334 0.8287 0.5441 0.2957 0.5487 0.5839 0.6250 0.6140 0.5181 0.4805 0.3915 0.4726 0.7420 0.7556 0.8854 0.8197 0.1448 0.0977 0.4268 0.5159 0.5944 0.6298 0.7311 0.7182 0.4892 0.4866 0.1098 0.0465 0.1900 0.5155 0.5224 0.5395 0.5551 0.5138 0.5005 0.4251 0.5001 0.4770 0.4805 0.3602 0.4078 0.1745 0.3311 0.6226 0.6156 0.6946 0.5662 0.6809 0.4894 0.6336 0.5785 0.6899 0.6099 0.6272 0.6808 0.5146 0.5793 0.5399 0.5367 0.6064 0.5171 0.5242 0.5503 0.3477 0.4453 0.5277 0.5082 0.6235 0.5484
0.7217 0.7143 0.8594 1.0000 0.2123 0.8149 0.8760 0.4437 0.2709 0.6010 0.6723 0.6520 0.6805 0.4876 0.4829 0.4811 0.5671 0.7171 0.7423 0.8548 0.8444 0.1535 0.1352 0.5613 0.6132 0.6775 0.7356 0.7245 0.7075 0.4740 0.4862 0.1590 0.1041 0.1883 0.4659 0.4667 0.5205 0.5701 0.4619 0.4578 0.4887 0.5031 0.4972 0.4719 0.3205 0.3648 0.2258 0.3713 0.5924 0.6662 0.6442 0.5490 0.6587 0.5554 0.6494 0.6419 0.6178 0.6043 0.5959 0.6595 0.5479 0.6016 0.5745 0.5745 0.5838 0.5359 0.5440 0.5720 0.4209 0.4869 0.5557 0.5349 0.5946 0.5146
0.1873 0.1892 0.1794 0.2123 1.0000 0.1419 0.1702 0.5453 0.5486 0.1382 0.0445 0.1331 0.1708 0.3595 0.2533 -0.0159 -0.0719 0.0854 0.1769 0.2784 0.4040 0.8538 0.8527 0.1403 0.1268 0.4327 0.3317 0.0775 0.0629 0.1816 0.1017 0.3975 0.4232 0.4102 0.0130 0.0008 -0.0129 -0.0114 0.0521 0.0593 -0.0448 -0.0717 -0.0477 -0.1067 -0.1191 -0.0904 0.2166 0.2793 0.2350 0.2259 0.2865 0.1866 0.1372 0.1653 0.0194 0.0988 0.1016 0.1578 0.1979 0.1381 0.1245 0.1627 0.0744 0.0903 0.1745 0.1047 0.1955 0.1837 -0.0350 -0.0077 -0.0015 -0.0846 -0.0717 -0.0734
0.7087 0.6332 0.9334 0.8149 0.1419 1.0000 0.8717 0.5567 0.2900 0.6386 0.6622 0.7193 0.6555 0.5183 0.4807 0.4926 0.5557 0.6552 0.6777 0.8936 0.7937 0.1132 0.0760 0.4969 0.5616 0.6226 0.6575 0.8103 0.7791 0.6102 0.6293 0.1481 0.0836 0.1953 0.6372 0.6339 0.6324 0.6535 0.6338 0.6267 0.5626 0.6430 0.6175 0.5942 0.5038 0.5524 0.2770 0.4474 0.6376 0.6246 0.7342 0.5689 0.7852 0.5620 0.6933 0.6097 0.7606 0.6603 0.7296 0.7872 0.5167 0.6054 0.5776 0.6069 0.6286 0.5543 0.5904 0.6103 0.4018 0.5052 0.6048 0.5865 0.7069 0.6233
0.6647 0.7215 0.8287 0.8760 0.1702 0.8717 1.0000 0.4897 0.3085 0.6846 0.7838 0.7187 0.7295 0.5080 0.4786 0.5085 0.5999 0.6980 0.7188 0.8656 0.8320 0.0992 0.0910 0.5792 0.6104 0.6687 0.7657 0.8265 0.8319 0.5944 0.6144 0.1730 0.1190 0.2254 0.5981 0.5948 0.5996 0.6541 0.5976 0.5848 0.5737 0.6488 0.5690 0.5797 0.5104 0.5065 0.3341 0.4913 0.5737 0.6745 0.7206 0.6277 0.7588 0.7059 0.6434 0.7308 0.6790 0.7109 0.7318 0.7853 0.5919 0.6875 0.6569 0.6194 0.6526 0.5620 0.6448 0.6768 0.4604 0.5454 0.6053 0.6214 0.7040 0.6659
0.4272 0.3366 0.5441 0.4437 0.5453 0.5567 0.4897 1.0000 0.7769 0.4737 0.4443 0.5801 0.6335 0.7705 0.7039 0.3062 0.3284 0.2119 0.3542 0.5979 0.5277 0.3277 0.2731 0.3645 0.4625 0.4894 0.4523 0.4359 0.4232 0.2728 0.3517 0.2944 0.1628 0.3391 0.4072 0.4136 0.4664 0.4306 0.4321 0.4214 0.3500 0.3791 0.4232 0.4358 0.2039 0.3230 0.1495 0.3185 0.4804 0.4744 0.4329 0.3408 0.4623 0.4200 0.4121 0.4518 0.4055 0.4666 0.3457 0.5012 0.2371 0.3414 0.2912 0.4417 0.4165 0.3583 0.4065 0.4093 0.1863 0.2559 0.4045 0.3568 0.3624 0.2458
0.2870 0.2832 0.2957 0.2709 0.5486 0.2900 0.3085 0.7769 1.0000 0.3411 0.3285 0.3603 0.4750 0.6821 0.7260 0.2897 0.1772 0.1118 0.2610 0.3563 0.2819 0.2151 0.2092 0.3444 0.3604 0.2006 0.1903 0.2307 0.2627 0.1761 0.2438 0.3683 0.2996 0.3802 0.2471 0.2302 0.2500 0.1810 0.3279 0.3025 0.1004 0.1603 0.2056 0.2125 -0.0012 0.1892 0.1799 0.2968 0.3878 0.4240 0.3600 0.3617 0.2817 0.4230 0.2550 0.3800 0.1805 0.3478 0.2560 0.2877 -0.0729 0.0561 0.1178 0.2688 0.2366 0.2183 0.3248 0.3228 0.1173 0.1651 0.3044 0.2510 0.1467 0.1187
0.7458 0.6709 0.5487 0.6010 0.1382 0.6386 0.6846 0.4737 0.3411 1.0000 0.8688 0.8786 0.7698 0.6195 0.5730 0.8157 0.8081 0.5174 0.5443 0.6715 0.5717 0.0198 0.0257 0.8192 0.7758 0.5901 0.6559 0.7798 0.7789 0.5350 0.6685 0.3813 0.3198 0.3559 0.6640 0.6710 0.6767 0.7178 0.7003 0.6946 0.6604 0.6729 0.6691 0.6478 0.5196 0.6013 0.5235 0.6331 0.6597 0.6859 0.5165 0.3928 0.7303 0.6433 0.7694 0.7399 0.5318 0.6188 0.5883 0.7267 0.4255 0.5378 0.7019 0.7447 0.6585 0.6846 0.7557 0.7649 0.6063 0.6734 0.7720 0.6878 0.6401 0.5680
0.6669 0.6821 0.5839 0.6723 0.0445 0.6622 0.7838 0.4443 0.3285 0.8688 1.0000 0.8254 0.8424 0.6018 0.6095 0.7498 0.8326 0.5172 0.5501 0.6927 0.5798 -0.0904 -0.0846 0.7820 0.8063 0.5683 0.6658 0.7711 0.8028 0.4935 0.5984 0.2460 0.2069 0.2626 0.6265 0.6292 0.6595 0.6919 0.6599 0.6495 0.6487 0.6949 0.6370 0.6699 0.4933 0.5749 0.4080 0.5534 0.5693 0.6874 0.5382 0.4882 0.7069 0.7353 0.7102 0.8191 0.5230 0.6895 0.5903 0.7205 0.4432 0.5539 0.6971 0.7233 0.6564 0.6561 0.7254 0.7388 0.5863 0.6949 0.7457 0.7546 0.6667 0.6539
0.6769 0.5574 0.6250 0.6520 0.1331 0.7193 0.7187 0.5801 0.3603 0.8786 0.8254 1.0000 0.8464 0.6632 0.6194 0.7132 0.7480 0.4381 0.4887 0.7764 0.6471 0.0378 0.0283 0.7314 0.7390 0.6592 0.6968 0.7737 0.7379 0.5622 0.6405 0.2868 0.2023 0.2674 0.6516 0.6827 0.7176 0.7361 0.6418 0.6455 0.6770 0.6834 0.6677 0.6669 0.5053 0.5640 0.3522 0.5197 0.5855 0.6155 0.5099 0.3637 0.7491 0.6232 0.7664 0.7057 0.6623 0.6751 0.6078 0.7478 0.4444 0.5582 0.6805 0.7809 0.5987 0.6153 0.6862 0.7040 0.5518 0.6076 0.7140 0.6691 0.6862 0.5733
0.6029 0.6017 0.6140 0.6805 0.1708 0.6555 0.7295 0.6335 0.4750 0.7698 0.8424 0.8464 1.0000 0.7292 0.7452 0.6296 0.7460 0.3914 0.4943 0.7315 0.6216 -0.0214 -0.0442 0.6702 0.8020 0.5481 0.6115 0.6798 0.6618 0.4029 0.5067 0.2447 0.1571 0.2867 0.5471 0.5666 0.6507 0.6545 0.5434 0.5417 0.5766 0.6049 0.5960 0.6199 0.3318 0.4473 0.2027 0.4164 0.5457 0.6955 0.4824 0.4393 0.5926 0.6538 0.6357 0.7678 0.5259 0.6907 0.5081 0.6637 0.3637 0.4836 0.5531 0.7137 0.5970 0.6050 0.6024 0.6391 0.4841 0.5965 0.6734 0.6882 0.6049 0.5402
0.4997 0.4937 0.5181 0.4876 0.3595 0.5183 0.5080 0.7705 0.6821 0.6195 0.6018 0.6632 0.7292 1.0000 0.9144 0.4599 0.5262 0.3307 0.4737 0.5745 0.5203 0.0714 0.0497 0.6040 0.7297 0.3791 0.4015 0.5163 0.5263 0.3127 0.4217 0.5087 0.3758 0.5883 0.5209 0.5099 0.5793 0.5124 0.5227 0.5200 0.3667 0.4069 0.4958 0.5032 0.1860 0.3808 0.2973 0.4218 0.5523 0.5966 0.4736 0.4178 0.4872 0.4957 0.4944 0.6120 0.4666 0.6368 0.3894 0.5862 0.1815 0.3040 0.4374 0.6033 0.5637 0.5756 0.5744 0.5966 0.3160 0.4285 0.6241 0.5544 0.5488 0.3895
0.4535 0.4772 0.4805 0.4829 0.2533 0.4807 0.4786 0.7039 0.7260 0.5730 0.6095 0.6194 0.7452 0.9144 1.0000 0.4858 0.5445 0.2895 0.4335 0.5293 0.4424 -0.0554 -0.0710 0.5817 0.7385 0.3122 0.3432 0.4812 0.4984 0.2746 0.3739 0.3969 0.2997 0.4554 0.4562 0.4380 0.5219 0.4466 0.4795 0.4704 0.3160 0.3533 0.4647 0.4527 0.1116 0.3420 0.2052 0.3535 0.5093 0.5929 0.4383 0.4270 0.4407 0.4948 0.4805 0.6063 0.4217 0.5974 0.3599 0.5159 0.1163 0.2480 0.4073 0.6233 0.5013 0.5576 0.5276 0.5533 0.3158 0.4425 0.6064 0.5813 0.4973 0.3915
0.7088 0.6186 0.3915 0.4811 -0.0159 0.4926 0.5085 0.3062 0.2897 0.8157 0.7498 0.7132 0.6296 0.4599 0.4858 1.0000 0.8666 0.4138 0.4573 0.4913 0.3444 -0.1267 -0.1103 0.8682 0.7661 0.4073 0.4718 0.6799 0.6768 0.4810 0.6207 0.3646 0.3392 0.2972 0.6195 0.6131 0.6496 0.6650 0.6933 0.6979 0.6156 0.6075 0.6287 0.6044 0.4354 0.6033 0.5235 0.6206 0.6236 0.6363 0.3770 0.3086 0.6125 0.5508 0.7567 0.6558 0.3966 0.5037 0.5019 0.6142 0.1986 0.3210 0.5800 0.6761 0.5188 0.6164 0.7204 0.7152 0.7614 0.7893 0.8407 0.7637 0.5117 0.4912
0.6824 0.6771 0.4726 0.5671 -0.0719 0.5557 0.5999 0.3284 0.1772 0.8081 0.8326 0.7480 0.7460 0.5262 0.5445 0.8666 1.0000 0.4547 0.5023 0.5611 0.4329 -0.1517 -0.1530 0.8161 0.8526 0.4854 0.5593 0.7272 0.7221 0.4429 0.5788 0.2889 0.2491 0.2582 0.6361 0.6314 0.7169 0.7364 0.6515 0.6670 0.6491 0.6555 0.6663 0.6835 0.4333 0.5902 0.4095 0.5546 0.6007 0.6944 0.4001 0.3415 0.6099 0.5637 0.7241 0.7518 0.4768 0.6176 0.4936 0.6816 0.3565 0.4581 0.6627 0.7677 0.6042 0.7100 0.6897 0.7042 0.7169 0.8458 0.8352 0.8406 0.6239 0.5561
0.6790 0.7991 0.7420 0.7171 0.0854 0.6552 0.6980 0.2119 0.1118 0.5174 0.5172 0.4381 0.3914 0.3307 0.2895 0.4138 0.4547 1.0000 0.9372 0.5946 0.6405 0.0476 0.0482 0.4838 0.4709 0.4460 0.5368 0.7053 0.7344 0.4498 0.4345 0.1928 0.1995 0.2618 0.4523 0.4496 0.4143 0.4568 0.4813 0.4723 0.3157 0.3700 0.3029 0.3324 0.3889 0.3410 0.3905 0.4710 0.6360 0.6373 0.6693 0.5966 0.6009 0.4384 0.5653 0.5711 0.4673 0.4980 0.6164 0.5920 0.5273 0.5851 0.5750 0.4532 0.6159 0.5098 0.5939 0.6361 0.4644 0.5441 0.5600 0.5034 0.5967 0.5814
0.7282 0.8512 0.7556 0.7423 0.1769 0.6777 0.7188 0.3542 0.2610 0.5443 0.5501 0.4887 0.4943 0.4737 0.4335 0.4573 0.5023 0.9372 1.0000 0.6099 0.6682 0.0563 0.0494 0.5388 0.5637 0.4406 0.5267 0.7036 0.7422 0.4543 0.4661 0.3053 0.2896 0.3807 0.4812 0.4771 0.4600 0.4901 0.5313 0.5254 0.3016 0.3722 0.3412 0.3672 0.3188 0.3516 0.3950 0.4972 0.7361 0.7399 0.7280 0.6727 0.6289 0.4783 0.6128 0.6396 0.4815 0.5849 0.6236 0.6632 0.4764 0.5657 0.5520 0.5089 0.6672 0.5807 0.6375 0.6939 0.4904 0.5808 0.6341 0.5553 0.6223 0.5696
0.6416 0.5896 0.8854 0.8548 0.2784 0.8936 0.8656 0.5979 0.3563 0.6715 0.6927 0.7764 0.7315 0.5745 0.5293 0.4913 0.5611 0.5946 0.6099 1.0000 0.9000 0.2707 0.2434 0.5627 0.6013 0.7833 0.8126 0.8209 0.7850 0.6393 0.6219 0.1822 0.1159 0.2204 0.5882 0.6034 0.6116 0.6485 0.5625 0.5603 0.5661 0.6143 0.5726 0.5680 0.4622 0.4789 0.2617 0.4390 0.5493 0.5867 0.6285 0.4625 0.7302 0.5893 0.6639 0.6413 0.7700 0.6827 0.6931 0.7332 0.5736 0.6576 0.6554 0.6636 0.6379 0.5432 0.6238 0.6359 0.4224 0.5073 0.5636 0.5760 0.6568 0.5868
0.6066 0.5880 0.8197 0.8444 0.4040 0.7937 0.8320 0.5277 0.2819 0.5717 0.5798 0.6471 0.6216 0.5203 0.4424 0.3444 0.4329 0.6405 0.6682 0.9000 1.0000 0.4023 0.3850 0.4939 0.5456 0.7857 0.8196 0.7144 0.6933 0.5734 0.5219 0.2676 0.2252 0.3194 0.4554 0.4668 0.4469 0.5188 0.4425 0.4499 0.4495 0.4611 0.4336 0.3855 0.3802 0.3292 0.3127 0.4318 0.4995 0.5148 0.6250 0.4475 0.6367 0.4674 0.5498 0.5339 0.6704 0.5924 0.6231 0.6547 0.6571 0.7239 0.6204 0.5905 0.6347 0.5383 0.5838 0.6115 0.3801 0.4302 0.4760 0.4327 0.5952 0.5043
0.0776 0.0452 0.1448 0.1535 0.8538 0.1132 0.0992 0.3277 0.2151 0.0198 -0.0904 0.0378 -0.0214 0.0714 -0.0554 -0.1267 -0.1517 0.0476 0.0563 0.2707 0.4023 1.0000 0.9795 -0.0068 -0.0654 0.5264 0.3920 0.0642 0.0119 0.2433 0.0976 0.2258 0.2724 0.1943 0.0001 0.0035 -0.0516 -0.0104 -0.0124 0.0068 0.0055 -0.0561 -0.0536 -0.1270 -0.0128 -0.0905 0.1757 0.2128 0.0616 0.0199 0.1775 0.0022 0.0958 0.0073 -0.0567 -0.0704 0.1742 0.0618 0.1908 0.0826 0.2250 0.2106 0.0970 0.0248 0.0855 0.0078 0.0901 0.0671 -0.0921 -0.0865 -0.1634 -0.1937 -0.1387 -0.1103
0.0615 0.0427 0.0977 0.1352 0.8527 0.0760 0.0910 0.2731 0.2092 0.0257 -0.0846 0.0283 -0.0442 0.0497 -0.0710 -0.1103 -0.1530 0.0482 0.0494 0.2434 0.3850 0.9795 1.0000 0.0204 -0.0675 0.5046 0.3898 0.0525 0.0109 0.2511 0.1073 0.2415 0.3114 0.1986 -0.0106 -0.0111 -0.0891 -0.0445 -0.0146 0.0023 -0.0218 -0.0758 -0.0852 -0.1611 -0.0097 -0.0906 0.2173 0.2406 0.0415 0.0094 0.1641 0.0053 0.0893 0.0219 -0.0625 -0.0696 0.1494 0.0470 0.1996 0.0647 0.2113 0.2025 0.1148 0.0209 0.0817 0.0089 0.1068 0.0768 -0.0817 -0.0757 -0.1624 -0.1911 -0.1425 -0.0941
0.6790 0.6572 0.4268 0.5613 0.1403 0.4969 0.5792 0.3645 0.3444 0.8192 0.7820 0.7314 0.6702 0.6040 0.5817 0.8682 0.8161 0.4838 0.5388 0.5627 0.4939 -0.0068 0.0204 1.0000 0.8843 0.4860 0.5621 0.7070 0.7190 0.5613 0.6488 0.5675 0.5446 0.5045 0.5904 0.5846 0.5879 0.6159 0.6595 0.6819 0.5391 0.5319 0.5631 0.5354 0.3929 0.5444 0.6403 0.6964 0.6137 0.6447 0.4344 0.3602 0.6205 0.5708 0.7002 0.6868 0.4382 0.5737 0.5384 0.6483 0.2969 0.4146 0.7053 0.7715 0.6489 0.7333 0.8334 0.8269 0.7529 0.7706 0.8444 0.7566 0.5865 0.5269
0.6706 0.6722 0.5159 0.6132 0.1268 0.5616 0.6104 0.4625 0.3604 0.7758 0.8063 0.7390 0.8020 0.7297 0.7385 0.7661 0.8526 0.4709 0.5637 0.6013 0.5456 -0.0654 -0.0675 0.8843 1.0000 0.4783 0.5439 0.6894 0.6900 0.4438 0.5488 0.5090 0.4726 0.5043 0.5544 0.5510 0.6119 0.6318 0.6006 0.6289 0.5356 0.5261 0.5861 0.5567 0.3141 0.4809 0.4835 0.5978 0.6209 0.6824 0.4605 0.3922 0.5898 0.5428 0.6839 0.7184 0.4547 0.6220 0.4773 0.6593 0.3214 0.4342 0.6545 0.8248 0.6841 0.7929 0.7614 0.7921 0.6635 0.7730 0.8653 0.8055 0.6572 0.5532
0.4861 0.4373 0.5944 0.6775 0.4327 0.6226 0.6687 0.4894 0.2006 0.5901 0.5683 0.6592 0.5481 0.3791 0.3122 0.4073 0.4854 0.4460 0.4406 0.7833 0.7857 0.5264 0.5046 0.4860 0.4783 1.0000 0.9448 0.6917 0.6396 0.5296 0.4633 0.0829 0.0514 0.0847 0.4562 0.4812 0.4929 0.5829 0.4268 0.4311 0.5785 0.5254 0.4839 0.4485 0.4556 0.3550 0.2359 0.4110 0.3678 0.4032 0.4304 0.2151 0.5831 0.3819 0.5465 0.4891 0.5867 0.4517 0.5473 0.5673 0.7159 0.7500 0.6421 0.5848 0.5348 0.4051 0.5306 0.5322 0.4112 0.4437 0.4418 0.4400 0.5105 0.4536
0.5219 0.5192 0.6298 0.7356 0.3317 0.6575 0.7657 0.4523 0.1903 0.6559 0.6658 0.6968 0.6115 0.4015 0.3432 0.4718 0.5593 0.5368 0.5267 0.8126 0.8196 0.3920 0.3898 0.5621 0.5439 0.9448 1.0000 0.7689 0.7520 0.5608 0.5107 0.0848 0.0563 0.1107 0.4961 0.5181 0.5319 0.6261 0.4681 0.4577 0.6100 0.5837 0.5174 0.5000 0.5072 0.3970 0.2713 0.4446 0.3893 0.4681 0.4551 0.2716 0.6272 0.4778 0.6021 0.6064 0.6083 0.5144 0.5892 0.6160 0.7632 0.8221 0.7408 0.6535 0.6151 0.4861 0.6039 0.6186 0.4773 0.5180 0.5243 0.5446 0.5976 0.5733
0.7305 0.7234 0.7311 0.7245 0.0775 0.8103 0.8265 0.4359 0.2307 0.7798 0.7711 0.7737 0.6798 0.5163 0.4812 0.6799 0.7272 0.7053 0.7036 0.8209 0.7144 0.0642 0.0525 0.7070 0.6894 0.6917 0.7689 1.0000 0.9627 0.7436 0.7503 0.2411 0.1924 0.2579 0.7257 0.7396 0.7372 0.7852 0.7237 0.7193 0.6829 0.7312 0.6651 0.6921 0.6434 0.6359 0.4624 0.6231 0.6773 0.6904 0.6346 0.4747 0.8409 0.6349 0.7953 0.7686 0.7535 0.7239 0.7908 0.8481 0.5796 0.6913 0.7772 0.7592 0.7461 0.6681 0.7929 0.8158 0.6173 0.7153 0.7637 0.7551 0.7867 0.7382
0.7073 0.7582 0.7182 0.7075 0.0629 0.7791 0.8319 0.4232 0.2627 0.7789 0.8028 0.7379 0.6618 0.5263 0.4984 0.6768 0.7221 0.7344 0.7422 0.7850 0.6933 0.0119 0.0109 0.7190 0.6900 0.6396 0.7520 0.9627 1.0000 0.6951 0.7266 0.2409 0.2084 0.2820 0.7156 0.7204 0.7148 0.7532 0.7316 0.7160 0.6350 0.7131 0.6190 0.6755 0.6101 0.6224 0.4677 0.6143 0.6643 0.7038 0.6391 0.5266 0.8126 0.6628 0.7674 0.8135 0.7024 0.7281 0.7763 0.8342 0.5735 0.6994 0.7881 0.7368 0.7603 0.6726 0.8100 0.8404 0.6296 0.7209 0.7759 0.7823 0.7708 0.7719
0.5203 0.4883 0.4892 0.4740 0.1816 0.6102 0.5944 0.2728 0.1761 0.5350 0.4935 0.5622 0.4029 0.3127 0.2746 0.4810 0.4429 0.4498 0.4543 0.6393 0.5734 0.2433 0.2511 0.5613 0.4438 0.5296 0.5608 0.7436 0.6951 1.0000 0.8663 0.3454 0.3401 0.2849 0.6722 0.6644 0.5396 0.6057 0.6746 0.6866 0.5370 0.6011 0.5280 0.5177 0.6116 0.6057 0.5583 0.6337 0.4766 0.4623 0.6089 0.4114 0.7374 0.5428 0.5499 0.4866 0.7547 0.6241 0.8594 0.7526 0.3903 0.5016 0.6282 0.5872 0.6035 0.5048 0.7157 0.6976 0.4411 0.5101 0.4914 0.5159 0.5933 0.6008
0.6175 0.5449 0.4866 0.4862 0.1017 0.6293 0.6144 0.3517 0.2438 0.6685 0.5984 0.6405 0.5067 0.4217 0.3739 0.6207 0.5788 0.4345 0.4661 0.6219 0.5219 0.0976 0.1073 0.6488 0.5488 0.4633 0.5107 0.7503 0.7266 0.8663 1.0000 0.4366 0.3812 0.3763 0.7885 0.7480 0.6468 0.7123 0.8113 0.8207 0.6318 0.7165 0.6863 0.6510 0.6412 0.7602 0.6319 0.6967 0.5620 0.5569 0.6033 0.4527 0.7644 0.6193 0.6433 0.5741 0.6978 0.6648 0.8074 0.8449 0.2836 0.4182 0.5970 0.6124 0.6165 0.5683 0.7655 0.7315 0.4409 0.5444 0.5995 0.6055 0.6173 0.5782
0.3920 0.3900 0.1098 0.1590 0.3975 0.1481 0.1730 0.2944 0.3683 0.3813 0.2460 0.2868 0.2447 0.5087 0.3969 0.3646 0.2889 0.1928 0.3053 0.1822 0.2676 0.2258 0.2415 0.5675 0.5090 0.0829 0.0848 0.2411 0.2409 0.3454 0.4366 1.0000 0.9257 0.9073 0.3184 0.2722 0.2391 0.2128 0.4047 0.4644 0.0962 0.1018 0.2426 0.1602 0.0445 0.3018 0.7488 0.6474 0.4633 0.3949 0.3121 0.2802 0.2740 0.2723 0.2414 0.2393 0.1656 0.3706 0.2611 0.3903 -0.1163 -0.0164 0.2210 0.3624 0.3286 0.4611 0.5478 0.5406 0.2770 0.3130 0.4230 0.2551 0.1992 0.0707
0.3754 0.3750 0.0465 0.1041 0.4232 0.0836 0.1190 0.1628 0.2996 0.3198 0.2069 0.2023 0.1571 0.3758 0.2997 0.3392 0.2491 0.1995 0.2896 0.1159 0.2252 0.2724 0.3114 0.5446 0.4726 0.0514 0.0563 0.1924 0.2084 0.3401 0.3812 0.9257 1.0000 0.8486 0.2153 0.1826 0.1092 0.1074 0.3206 0.3836 0.0151 0.0129 0.1088 0.0190 0.0134 0.1927 0.7609 0.6504 0.4191 0.3375 0.2917 0.2581 0.2307 0.2333 0.1899 0.1900 0.1212 0.2939 0.2686 0.3101 -0.1261 -0.0299 0.2347 0.3446 0.3153 0.4715 0.5229 0.5264 0.2821 0.3302 0.3752 0.2158 0.1569 0.0785
0.3876 0.4269 0.1900 0.1883 0.4102 0.1953 0.2254 0.3391 0.3802 0.3559 0.2626 0.2674 0.2867 0.5883 0.4554 0.2972 0.2582 0.2618 0.3807 0.2204 0.3194 0.1943 0.1986 0.5045 0.5043 0.0847 0.1107 0.2579 0.2820 0.2849 0.3763 0.9073 0.8486 1.0000 0.2924 0.2510 0.2346 0.2001 0.3638 0.4081 0.0537 0.0880 0.1990 0.1374 0.0254 0.2245 0.6340 0.5477 0.4623 0.4188 0.3479 0.3359 0.2493 0.2683 0.2195 0.2758 0.1693 0.3881 0.2482 0.3854 -0.0460 0.0482 0.2360 0.3468 0.3954 0.4741 0.5317 0.5421 0.2403 0.3244 0.4209 0.2730 0.2742 0.1451
0.5841 0.5683 0.5155 0.4659 0.0130 0.6372 0.5981 0.4072 0.2471 0.6640 0.6265 0.6516 0.5471 0.5209 0.4562 0.6195 0.6361 0.4523 0.4812 0.5882 0.4554 0.0001 -0.0106 0.5904 0.5544 0.4562 0.4961 0.7257 0.7156 0.6722 0.7885 0.3184 0.2153 0.2924 1.0000 0.9547 0.8576 0.8390 0.9236 0.9039 0.7228 0.8086 0.8386 0.8455 0.6851 0.8467 0.5006 0.6507 0.5245 0.6032 0.6133 0.5011 0.7011 0.6014 0.6192 0.6307 0.6828 0.7124 0.7463 0.8178 0.3098 0.4477 0.5830 0.5948 0.6079 0.5389 0.6887 0.6916 0.4422 0.5570 0.6455 0.6678 0.6321 0.6025
0.5917 0.5510 0.5224 0.4667 0.0008 0.6339 0.5948 0.4136 0.2302 0.6710 0.6292 0.6827 0.5666 0.5099 0.4380 0.6131 0.6314 0.4496 0.4771 0.6034 0.4668 0.0035 -0.0111 0.5846 0.5510 0.4812 0.5181 0.7396 0.7204 0.6644 0.7480 0.2722 0.1826 0.2510 0.9547 1.0000 0.8467 0.8572 0.8794 0.8722 0.7335 0.8081 0.7961 0.8391 0.6823 0.7774 0.4600 0.6203 0.5178 0.5769 0.5827 0.4505 0.6994 0.5739 0.6393 0.6348 0.6918 0.6993 0.7247 0.7928 0.3435 0.4713 0.6087 0.6242 0.6162 0.5368 0.6797 0.6927 0.4716 0.5685 0.6461 0.6655 0.6455 0.6199
0.5918 0.5799 0.5395 0.5205 -0.0129 0.6324 0.5996 0.4664 0.2500 0.6767 0.6595 0.7176 0.6507 0.5793 0.5219 0.6496 0.7169 0.4143 0.4600 0.6116 0.4469 -0.0516 -0.0891 0.5879 0.6119 0.4929 0.5319 0.7372 0.7148 0.5396 0.6468 0.2391 0.1092 0.2346 0.8576 0.8467 1.0000 0.9190 0.7882 0.7733 0.7843 0.8204 0.8211 0.8828 0.5001 0.6946 0.3350 0.5107 0.5543 0.6493 0.5350 0.4317 0.6778 0.5869 0.6779 0.7080 0.6997 0.7454 0.6386 0.7902 0.3330 0.4562 0.5594 0.6172 0.5697 0.5401 0.6178 0.6348 0.4905 0.5846 0.6818 0.7077 0.6194 0.5516
0.6390 0.5802 0.5551 0.5701 -0.0114 0.6535 0.6541 0.4306 0.1810 0.7178 0.6919 0.7361 0.6545 0.5124 0.4466 0.6650 0.7364 0.4568 0.4901 0.6485 0.5188 -0.0104 -0.0445 0.6159 0.6318 0.5829 0.6261 0.7852 0.7532 0.6057 0.7123 0.2128 0.1074 0.2001 0.8390 0.8572 0.9190 1.0000 0.7869 0.7817 0.8686 0.8990 0.8530 0.8962 0.6208 0.7215 0.3809 0.5778 0.5287 0.6060 0.5317 0.3751 0.7228 0.5799 0.7440 0.7241 0.6921 0.6933 0.6691 0.8238 0.4241 0.5415 0.6257 0.6726 0.6114 0.5572 0.6508 0.6809 0.5510 0.6157 0.7059 0.7417 0.6848 0.6332
0.6517 0.6208 0.5138 0.4619 0.0521 0.6338 0.5976 0.4321 0.3279 0.7003 0.6599 0.6418 0.5434 0.5227 0.4795 0.6933 0.6515 0.4813 0.5313 0.5625 0.4425 -0.0124 -0.0146 0.6595 0.6006 0.4268 0.4681 0.7237 0.7316 0.6746 0.8113 0.4047 0.3206 0.3638 0.9236 0.8794 0.7882 0.7869 1.0000 0.9758 0.6797 0.7603 0.7806 0.7812 0.6432 0.8659 0.6199 0.7407 0.6184 0.6469 0.6564 0.5580 0.7376 0.6231 0.6765 0.6433 0.6026 0.6839 0.7616 0.8341 0.2781 0.4229 0.5624 0.5902 0.6250 0.5765 0.7474 0.7435 0.5100 0.5938 0.7167 0.6899 0.6171 0.6074
0.6616 0.6188 0.5005 0.4578 0.0593 0.6267 0.5848 0.4214 0.3025 0.6946 0.6495 0.6455 0.5417 0.5200 0.4704 0.6979 0.6670 0.4723 0.5254 0.5603 0.4499 0.0068 0.0023 0.6819 0.6289 0.4311 0.4577 0.7193 0.7160 0.6866 0.8207 0.4644 0.3836 0.4081 0.9039 0.8722 0.7733 0.7817 0.9758 1.0000 0.6737 0.7301 0.7628 0.7572 0.6289 0.8495 0.6624 0.7681 0.6298 0.6333 0.6543 0.5407 0.7400 0.6004 0.6798 0.6233 0.6032 0.6848 0.7576 0.8458 0.2616 0.3981 0.5557 0.6029 0.6150 0.5836 0.7538 0.7530 0.5261 0.6121 0.7287 0.6912 0.6158 0.5743
0.5248 0.3963 0.4251 0.4887 -0.0448 0.5626 0.5737 0.3500 0.1004 0.6604 0.6487 0.6770 0.5766 0.3667 0.3160 0.6156 0.6491 0.3157 0.3016 0.5661 0.4495 0.0055 -0.0218 0.5391 0.5356 0.5785 0.6100 0.6829 0.6350 0.5370 0.6318 0.0962 0.0151 0.0537 0.7228 0.7335 0.7843 0.8686 0.6797 0.6737 1.0000 0.8938 0.8513 0.8248 0.7240 0.6866 0.3513 0.5150 0.3450 0.3895 0.4005 0.1786 0.6744 0.4771 0.6516 0.5828 0.6091 0.5048 0.5825 0.6862 0.3974 0.4996 0.5478 0.5949 0.4488 0.4385 0.5504 0.5593 0.4768 0.5075 0.5869 0.6487 0.5949 0.5958
0.5299 0.4639 0.5001 0.5031 -0.0717 0.6430 0.6488 0.3791 0.1603 0.6729 0.6949 0.6834 0.6049 0.4069 0.3533 0.6075 0.6555 0.3700 0.3722 0.6143 0.4611 -0.0561 -0.0758 0.5319 0.5261 0.5254 0.5837 0.7312 0.7131 0.6011 0.7165 0.1018 0.0129 0.0880 0.8086 0.8081 0.8204 0.8990 0.7603 0.7301 0.8938 1.0000 0.8619 0.9204 0.7295 0.7843 0.3463 0.5321 0.3870 0.4898 0.4897 0.3419 0.7142 0.6179 0.6401 0.6784 0.6521 0.6215 0.6631 0.7570 0.3772 0.5008 0.5674 0.5917 0.5257 0.4681 0.5860 0.6077 0.4707 0.5379 0.6032 0.7037 0.6383 0.6852
0.5442 0.4362 0.4770 0.4972 -0.0477 0.6175 0.5690 0.4232 0.2056 0.6691 0.6370 0.6677 0.5960 0.4958 0.4647 0.6287 0.6663 0.3029 0.3412 0.5726 0.4336 -0.0536 -0.0852 0.5631 0.5861 0.4839 0.5174 0.6651 0.6190 0.5280 0.6863 0.2426 0.1088 0.1990 0.8386 0.7961 0.8211 0.8530 0.7806 0.7628 0.8513 0.8619 1.0000 0.8942 0.6483 0.8152 0.3791 0.5340 0.4422 0.4968 0.4616 0.3045 0.6454 0.5070 0.6539 0.5726 0.6186 0.5997 0.5405 0.7300 0.3166 0.4313 0.5232 0.6252 0.5273 0.5161 0.5889 0.5793 0.4440 0.4935 0.6524 0.6617 0.6186 0.5408
0.5120 0.4648 0.4805 0.4719 -0.1067 0.5942 0.5797 0.4358 0.2125 0.6478 0.6699 0.6669 0.6199 0.5032 0.4527 0.6044 0.6835 0.3324 0.3672 0.5680 0.3855 -0.1270 -0.1611 0.5354 0.5567 0.4485 0.5000 0.6921 0.6755 0.5177 0.6510 0.1602 0.0190 0.1374 0.8455 0.8391 0.8828 0.8962 0.7812 0.7572 0.8248 0.9204 0.8942 1.0000 0.6297 0.8163 0.3039 0.5038 0.4307 0.5467 0.4505 0.3567 0.6549 0.6072 0.6398 0.7023 0.6199 0.6887 0.5714 0.7401 0.3141 0.4368 0.5244 0.5920 0.5145 0.4747 0.5736 0.5964 0.4647 0.5283 0.6318 0.7230 0.6001 0.6065
0.3826 0.2986 0.3602 0.3205 -0.1191 0.5038 0.5104 0.2039 -0.0012 0.5196 0.4933 0.5053 0.3318 0.1860 0.1116 0.4354 0.4333 0.3889 0.3188 0.4622 0.3802 -0.0128 -0.0097 0.3929 0.3141 0.4556 0.5072 0.6434 0.6101 0.6116 0.6412 0.0445 0.0134 0.0254 0.6851 0.6823 0.5001 0.6208 0.6432 0.6289 0.7240 0.7295 0.6483 0.6297 1.0000 0.7351 0.4752 0.5564 0.2443 0.2216 0.3774 0.1805 0.6145 0.3754 0.4967 0.4144 0.5325 0.3601 0.6036 0.5980 0.4139 0.4950 0.5422 0.4720 0.4293 0.3497 0.5149 0.5124 0.3758 0.4265 0.4442 0.5059 0.6285 0.6530
0.4880 0.4261 0.4078 0.3648 -0.0904 0.5524 0.5065 0.3230 0.1892 0.6013 0.5749 0.5640 0.4473 0.3808 0.3420 0.6033 0.5902 0.3410 0.3516 0.4789 0.3292 -0.0905 -0.0906 0.5444 0.4809 0.3550 0.3970 0.6359 0.6224 0.6057 0.7602 0.3018 0.1927 0.2245 0.8467 0.7774 0.6946 0.7215 0.8659 0.8495 0.6866 0.7843 0.8152 0.8163 0.7351 1.0000 0.5543 0.6712 0.4255 0.4630 0.4789 0.3887 0.6551 0.5546 0.5801 0.5360 0.5349 0.5750 0.6250 0.7275 0.2133 0.3380 0.4940 0.5252 0.4741 0.4600 0.6123 0.5907 0.4160 0.4916 0.5933 0.6358 0.5491 0.5623
0.4987 0.4768 0.1745 0.2258 0.2166 0.2770 0.3341 0.1495 0.1799 0.5235 0.4080 0.3522 0.2027 0.2973 0.2052 0.5235 0.4095 0.3905 0.3950 0.2617 0.3127 0.1757 0.2173 0.6403 0.4835 0.2359 0.2713 0.4624 0.4677 0.5583 0.6319 0.7488 0.7609 0.6340 0.5006 0.4600 0.3350 0.3809 0.6199 0.6624 0.3513 0.3463 0.3791 0.3039 0.4752 0.5543 1.0000 0.8717 0.4851 0.3796 0.4427 0.3376 0.5043 0.3714 0.4220 0.3126 0.2965 0.3639 0.5112 0.5308 0.1043 0.1937 0.4296 0.4308 0.4222 0.5316 0.6527 0.6317 0.4206 0.4537 0.4998 0.3593 0.3574 0.3047
0.5977 0.5870 0.3311 0.3713 0.2793 0.4474 0.4913 0.3185 0.2968 0.6331 0.5534 0.5197 0.4164 0.4218 0.3535 0.6206 0.5546 0.4710 0.4972 0.4390 0.4318 0.2128 0.2406 0.6964 0.5978 0.4110 0.4446 0.6231 0.6143 0.6337 0.6967 0.6474 0.6504 0.5477 0.6507 0.6203 0.5107 0.5778 0.7407 0.7681 0.5150 0.5321 0.5340 0.5038 0.5564 0.6712 0.8717 1.0000 0.5487 0.5412 0.5366 0.4154 0.5890 0.5148 0.5438 0.5195 0.4058 0.5115 0.6483 0.6489 0.2242 0.3487 0.5198 0.5555 0.5240 0.5585 0.7227 0.7257 0.5204 0.5660 0.6326 0.5581 0.4912 0.4977
0.8756 0.8007 0.6226 0.5924 0.2350 0.6376 0.5737 0.4804 0.3878 0.6597 0.5693 0.5855 0.5457 0.5523 0.5093 0.6236 0.6007 0.6360 0.7361 0.5493 0.4995 0.0616 0.0415 0.6137 0.6209 0.3678 0.3893 0.6773 0.6643 0.4766 0.5620 0.4633 0.4191 0.4623 0.5245 0.5178 0.5543 0.5287 0.6184 0.6298 0.3450 0.3870 0.4422 0.4307 0.2443 0.4255 0.4851 0.5487 1.0000 0.8442 0.7092 0.6316 0.7194 0.5252 0.7197 0.5970 0.4838 0.6178 0.5767 0.7222 0.2556 0.3528 0.4435 0.5344 0.6193 0.6251 0.6602 0.6666 0.4732 0.5712 0.6838 0.5034 0.5190 0.3662
0.7834 0.9049 0.6156 0.6662 0.2259 0.6246 0.6745 0.4744 0.4240 0.6859 0.6874 0.6155 0.6955 0.5966 0.5929 0.6363 0.6944 0.6373 0.7399 0.5867 0.5148 0.0199 0.0094 0.6447 0.6824 0.4032 0.4681 0.6904 0.7038 0.4623 0.5569 0.3949 0.3375 0.4188 0.6032 0.5769 0.6493 0.6060 0.6469 0.6333 0.3895 0.4898 0.4968 0.5467 0.2216 0.4630 0.3796 0.5412 0.8442 1.0000 0.7182 0.7609 0.6447 0.7089 0.6414 0.7901 0.4831 0.7533 0.6389 0.7312 0.3003 0.4184 0.4808 0.5448 0.6532 0.6185 0.6468 0.6785 0.4920 0.6221 0.6798 0.6272 0.5306 0.4722
0.6718 0.7330 0.6946 0.6442 0.2865 0.7342 0.7206 0.4329 0.3600 0.5165 0.5382 0.5099 0.4824 0.4736 0.4383 0.3770 0.4001 0.6693 0.7280 0.6285 0.6250 0.1775 0.1641 0.4344 0.4605 0.4304 0.4551 0.6346 0.6391 0.6089 0.6033 0.3121 0.2917 0.3479 0.6133 0.5827 0.5350 0.5317 0.6564 0.6543 0.4005 0.4897 0.4616 0.4505 0.3774 0.4789 0.4427 0.5366 0.7092 0.7182 1.0000 0.8641 0.7721 0.6414 0.5536 0.5639 0.6324 0.7021 0.8144 0.7821 0.3442 0.4490 0.4532 0.4508 0.5854 0.4911 0.5660 0.5957 0.3104 0.4197 0.4955 0.4194 0.5595 0.4926
0.5437 0.7264 0.5662 0.5490 0.1866 0.5689 0.6277 0.3408 0.3617 0.3928 0.4882 0.3637 0.4393 0.4178 0.4270 0.3086 0.3415 0.5966 0.6727 0.4625 0.4475 0.0022 0.0053 0.3602 0.3922 0.2151 0.2716 0.4747 0.5266 0.4114 0.4527 0.2802 0.2581 0.3359 0.5011 0.4505 0.4317 0.3751 0.5580 0.5407 0.1786 0.3419 0.3045 0.3567 0.1805 0.3887 0.3376 0.4154 0.6316 0.7609 0.8641 1.0000 0.5772 0.7047 0.4148 0.5690 0.4415 0.7033 0.6703 0.6466 0.2236 0.3117 0.3117 0.2933 0.4838 0.4031 0.4361 0.4741 0.2494 0.3609 0.4142 0.3619 0.4291 0.4019
0.7474 0.6376 0.6809 0.6587 0.1372 0.7852 0.7588 0.4623 0.2817 0.7303 0.7069 0.7491 0.5926 0.4872 0.4407 0.6125 0.6099 0.6009 0.6289 0.7302 0.6367 0.0958 0.0893 0.6205 0.5898 0.5831 0.6272 0.8409 0.8126 0.7374 0.7644 0.2740 0.2307 0.2493 0.7011 0.6994 0.6778 0.7228 0.7376 0.7400 0.6744 0.7142 0.6454 0.6549 0.6145 0.6551 0.5043 0.5890 0.7194 0.6447 0.7721 0.5772 1.0000 0.7038 0.8202 0.6755 0.7824 0.7273 0.8182 0.8754 0.4473 0.5599 0.6596 0.6727 0.6366 0.6108 0.7167 0.7198 0.4627 0.5541 0.6477 0.6114 0.6893 0.6403
0.5502 0.6138 0.4894 0.5554 0.1653 0.5620 0.7059 0.4200 0.4230 0.6433 0.7353 0.6232 0.6538 0.4957 0.4948 0.5508 0.5637 0.4384 0.4783 0.5893 0.4674 0.0073 0.0219 0.5708 0.5428 0.3819 0.4778 0.6349 0.6628 0.5428 0.6193 0.2723 0.2333 0.2683 0.6014 0.5739 0.5869 0.5799 0.6231 0.6004 0.4771 0.6179 0.5070 0.6072 0.3754 0.5546 0.3714 0.5148 0.5252 0.7089 0.6414 0.7047 0.7038 1.0000 0.5572 0.8023 0.5388 0.8176 0.6811 0.6983 0.2578 0.3837 0.5062 0.5038 0.5143 0.4764 0.5699 0.5888 0.3754 0.4780 0.5176 0.5776 0.4856 0.5519
0.7794 0.6191 0.6336 0.6494 0.0194 0.6933 0.6434 0.4121 0.2550 0.7694 0.7102 0.7664 0.6357 0.4944 0.4805 0.7567 0.7241 0.5653 0.6128 0.6639 0.5498 -0.0567 -0.0625 0.7002 0.6839 0.5465 0.6021 0.7953 0.7674 0.5499 0.6433 0.2414 0.1899 0.2195 0.6192 0.6393 0.6779 0.7440 0.6765 0.6798 0.6516 0.6401 0.6539 0.6398 0.4967 0.5801 0.4220 0.5438 0.7197 0.6414 0.5536 0.4148 0.8202 0.5572 1.0000 0.6949 0.6445 0.5990 0.6053 0.7470 0.4073 0.4960 0.6404 0.7114 0.5930 0.6254 0.6748 0.6759 0.5777 0.6181 0.7794 0.6654 0.6803 0.5523
0.6186 0.7242 0.5785 0.6419 0.0988 0.6097 0.7308 0.4518 0.3800 0.7399 0.8191 0.7057 0.7678 0.6120 0.6063 0.6558 0.7518 0.5711 0.6396 0.6413 0.5339 -0.0704 -0.0696 0.6868 0.7184 0.4891 0.6064 0.7686 0.8135 0.4866 0.5741 0.2393 0.1900 0.2758 0.6307 0.6348 0.7080 0.7241 0.6433 0.6233 0.5828 0.6784 0.5726 0.7023 0.4144 0.5360 0.3126 0.5195 0.5970 0.7901 0.5639 0.5690 0.6755 0.8023 0.6949 1.0000 0.5569 0.8015 0.6508 0.7376 0.3835 0.5331 0.6255 0.6441 0.6455 0.6126 0.6622 0.7236 0.5484 0.6536 0.7083 0.7926 0.6294 0.6919
0.5198 0.4632 0.6899 0.6178 0.1016 0.7606 0.6790 0.4055 0.1805 0.5318 0.5230 0.6623 0.5259 0.4666 0.4217 0.3966 0.4768 0.4673 0.4815 0.7700 0.6704 0.1742 0.1494 0.4382 0.4547 0.5867 0.6083 0.7535 0.7024 0.7547 0.6978 0.1656 0.1212 0.1693 0.6828 0.6918 0.6997 0.6921 0.6026 0.6032 0.6091 0.6521 0.6186 0.6199 0.5325 0.5349 0.2965 0.4058 0.4838 0.4831 0.6324 0.4415 0.7824 0.5388 0.6445 0.5569 1.0000 0.7566 0.7885 0.7950 0.4329 0.5335 0.6225 0.6246 0.5820 0.5232 0.5577 0.5693 0.2936 0.4019 0.4702 0.4998 0.6786 0.5834
0.5728 0.6661 0.6099 0.6043 0.1578 0.6603 0.7109 0.4666 0.3478 0.6188 0.6895 0.6751 0.6907 0.6368 0.5974 0.5037 0.6176 0.4980 0.5849 0.6827 0.5924 0.0618 0.0470 0.5737 0.6220 0.4517 0.5144 0.7239 0.7281 0.6241 0.6648 0.3706 0.2939 0.3881 0.7124 0.6993 0.7454 0.6933 0.6839 0.6848 0.5048 0.6215 0.5997 0.6887 0.3601 0.5750 0.3639 0.5115 0.6178 0.7533 0.7021 0.7033 0.7273 0.8176 0.5990 0.8015 0.7566 1.0000 0.7396 0.8408 0.3251 0.4600 0.5748 0.6162 0.6369 0.5986 0.6429 0.6788 0.4046 0.5374 0.5969 0.6427 0.6221 0.5917
0.6153 0.6639 0.6272 0.5959 0.1979 0.7296 0.7318 0.3457 0.2560 0.5883 0.5903 0.6078 0.5081 0.3894 0.3599 0.5019 0.4936 0.6164 0.6236 0.6931 0.6231 0.1908 0.1996 0.5384 0.4773 0.5473 0.5892 0.7908 0.7763 0.8594 0.8074 0.2611 0.2686 0.2482 0.7463 0.7247 0.6386 0.6691 0.7616 0.7576 0.5825 0.6631 0.5405 0.5714 0.6036 0.6250 0.5112 0.6483 0.5767 0.6389 0.8144 0.6703 0.8182 0.6811 0.6053 0.6508 0.7885 0.7396 1.0000 0.8537 0.4031 0.5429 0.6006 0.5534 0.6160 0.5124 0.6803 0.7070 0.4249 0.5349 0.5368 0.5746 0.6368 0.6832
0.7279 0.7089 0.6808 0.6595 0.1381 0.7872 0.7853 0.5012 0.2877 0.7267 0.7205 0.7478 0.6637 0.5862 0.5159 0.6142 0.6816 0.5920 0.6632 0.7332 0.6547 0.0826 0.0647 0.6483 0.6593 0.5673 0.6160 0.8481 0.8342 0.7526 0.8449 0.3903 0.3101 0.3854 0.8178 0.7928 0.7902 0.8238 0.8341 0.8458 0.6862 0.7570 0.7300 0.7401 0.5980 0.7275 0.5308 0.6489 0.7222 0.7312 0.7821 0.6466 0.8754 0.6983 0.7470 0.7376 0.7950 0.8408 0.8537 1.0000 0.4148 0.5497 0.6486 0.6875 0.7014 0.6506 0.7585 0.7763 0.4928 0.6071 0.7144 0.6889 0.7548 0.6562
0.3566 0.3881 0.5146 0.5479 0.1245 0.5167 0.5919 0.2371 -0.0729 0.4255 0.4432 0.4444 0.3637 0.1815 0.1163 0.1986 0.3565 0.5273 0.4764 0.5736 0.6571 0.2250 0.2113 0.2969 0.3214 0.7159 0.7632 0.5796 0.5735 0.3903 0.2836 -0.1163 -0.1261 -0.0460 0.3098 0.3435 0.3330 0.4241 0.2781 0.2616 0.3974 0.3772 0.3166 0.3141 0.4139 0.2133 0.1043 0.2242 0.2556 0.3003 0.3442 0.2236 0.4473 0.2578 0.4073 0.3835 0.4329 0.3251 0.4031 0.4148 1.0000 0.9389 0.6457 0.4738 0.5843 0.3919 0.4154 0.4458 0.4036 0.3893 0.3557 0.3515 0.5616 0.4979
0.4460 0.4898 0.5793 0.6016 0.1627 0.6054 0.6875 0.3414 0.0561 0.5378 0.5539 0.5582 0.4836 0.3040 0.2480 0.3210 0.4581 0.5851 0.5657 0.6576 0.7239 0.2106 0.2025 0.4146 0.4342 0.7500 0.8221 0.6913 0.6994 0.5016 0.4182 -0.0164 -0.0299 0.0482 0.4477 0.4713 0.4562 0.5415 0.4229 0.3981 0.4996 0.5008 0.4313 0.4368 0.4950 0.3380 0.1937 0.3487 0.3528 0.4184 0.4490 0.3117 0.5599 0.3837 0.4960 0.5331 0.5335 0.4600 0.5429 0.5497 0.9389 1.0000 0.7239 0.5908 0.6811 0.4967 0.5518 0.6009 0.4798 0.4898 0.4761 0.4980 0.6427 0.6249
0.5498 0.5531 0.5399 0.5745 0.0744 0.5776 0.6569 0.2912 0.1178 0.7019 0.6971 0.6805 0.5531 0.4374 0.4073 0.5800 0.6627 0.5750 0.5520 0.6554 0.6204 0.0970 0.1148 0.7053 0.6545 0.6421 0.7408 0.7772 0.7881 0.6282 0.5970 0.2210 0.2347 0.2360 0.5830 0.6087 0.5594 0.6257 0.5624 0.5557 0.5478 0.5674 0.5232 0.5244 0.5422 0.4940 0.4296 0.5198 0.4435 0.4808 0.4532 0.3117 0.6596 0.5062 0.6404 0.6255 0.6225 0.5748 0.6006 0.6486 0.6457 0.7239 1.0000 0.8570 0.7873 0.7595 0.7479 0.7544 0.5961 0.6648 0.6648 0.6726 0.7185 0.6666
0.6107 0.5471 0.5367 0.5745 0.0903 0.6069 0.6194 0.4417 0.2688 0.7447 0.7233 0.7809 0.7137 0.6033 0.6233 0.6761 0.7677 0.4532 0.5089 0.6636 0.5905 0.0248 0.0209 0.7715 0.8248 0.5848 0.6535 0.7592 0.7368 0.5872 0.6124 0.3624 0.3446 0.3468 0.5948 0.6242 0.6172 0.6726 0.5902 0.6029 0.5949 0.5917 0.6252 0.5920 0.4720 0.5252 0.4308 0.5555 0.5344 0.5448 0.4508 0.2933 0.6727 0.5038 0.7114 0.6441 0.6246 0.6162 0.5534 0.6875 0.4738 0.5908 0.8570 1.0000 0.7110 0.8211 0.7544 0.7843 0.6332 0.7142 0.7876 0.7668 0.7385 0.6416
0.6453 0.6812 0.6064 0.5838 0.1745 0.6286 0.6526 0.4165 0.2366 0.6585 0.6564 0.5987 0.5970 0.5637 0.5013 0.5188 0.6042 0.6159 0.6672 0.6379 0.6347 0.0855 0.0817 0.6489 0.6841 0.5348 0.6151 0.7461 0.7603 0.6035 0.6165 0.3286 0.3153 0.3954 0.6079 0.6162 0.5697 0.6114 0.6250 0.6150 0.4488 0.5257 0.5273 0.5145 0.4293 0.4741 0.4222 0.5240 0.6193 0.6532 0.5854 0.4838 0.6366 0.5143 0.5930 0.6455 0.5820 0.6369 0.6160 0.7014 0.5843 0.6811 0.7873 0.7110 1.0000 0.7700 0.7631 0.7800 0.5143 0.6161 0.6867 0.6376 0.7226 0.6248
0.6526 0.6393 0.5171 0.5359 0.1047 0.5543 0.5620 0.3583 0.2183 0.6846 0.6561 0.6153 0.6050 0.5756 0.5576 0.6164 0.7100 0.5098 0.5807 0.5432 0.5383 0.0078 0.0089 0.7333 0.7929 0.4051 0.4861 0.6681 0.6726 0.5048 0.5683 0.4611 0.4715 0.4741 0.5389 0.5368 0.5401 0.5572 0.5765 0.5836 0.4385 0.4681 0.5161 0.4747 0.3497 0.4600 0.5316 0.5585 0.6251 0.6185 0.4911 0.4031 0.6108 0.4764 0.6254 0.6126 0.5232 0.5986 0.5124 0.6506 0.3919 0.4967 0.7595 0.8211 0.7700 1.0000 0.7153 0.7428 0.5463 0.6580 0.7275 0.6575 0.6525 0.5309
0.6800 0.6857 0.5242 0.5440 0.1955 0.5904 0.6448 0.4065 0.3248 0.7557 0.7254 0.6862 0.6024 0.5744 0.5276 0.7204 0.6897 0.5939 0.6375 0.6238 0.5838 0.0901 0.1068 0.8334 0.7614 0.5306 0.6039 0.7929 0.8100 0.7157 0.7655 0.5478 0.5229 0.5317 0.6887 0.6797 0.6178 0.6508 0.7474 0.7538 0.5504 0.5860 0.5889 0.5736 0.5149 0.6123 0.6527 0.7227 0.6602 0.6468 0.5660 0.4361 0.7167 0.5699 0.6748 0.6622 0.5577 0.6429 0.6803 0.7585 0.4154 0.5518 0.7479 0.7544 0.7631 0.7153 1.0000 0.9274 0.6477 0.7285 0.7892 0.7286 0.6686 0.6420
0.6990 0.7279 0.5503 0.5720 0.1837 0.6103 0.6768 0.4093 0.3228 0.7649 0.7388 0.7040 0.6391 0.5966 0.5533 0.7152 0.7042 0.6361 0.6939 0.6359 0.6115 0.0671 0.0768 0.8269 0.7921 0.5322 0.6186 0.8158 0.8404 0.6976 0.7315 0.5406 0.5264 0.5421 0.6916 0.6927 0.6348 0.6809 0.7435 0.7530 0.5593 0.6077 0.5793 0.5964 0.5124 0.5907 0.6317 0.7257 0.6666 0.6785 0.5957 0.4741 0.7198 0.5888 0.6759 0.7236 0.5693 0.6788 0.7070 0.7763 0.4458 0.6009 0.7544 0.7843 0.7800 0.7428 0.9274 1.0000 0.6786 0.7542 0.8264 0.7791 0.7066 0.7029
0.5358 0.5472 0.3477 0.4209 -0.0350 0.4018 0.4604 0.1863 0.1173 0.6063 0.5863 0.5518 0.4841 0.3160 0.3158 0.7614 0.7169 0.4644 0.4904 0.4224 0.3801 -0.0921 -0.0817 0.7529 0.6635 0.4112 0.4773 0.6173 0.6296 0.4411 0.4409 0.2770 0.2821 0.2403 0.4422 0.4716 0.4905 0.5510 0.5100 0.5261 0.4768 0.4707 0.4440 0.4647 0.3758 0.4160 0.4206 0.5204 0.4732 0.4920 0.3104 0.2494 0.4627 0.3754 0.5777 0.5484 0.2936 0.4046 0.4249 0.4928 0.4036 0.4798 0.5961 0.6332 0.5143 0.5463 0.6477 0.6786 1.0000 0.8447 0.7813 0.7181 0.5366 0.5263
0.6212 0.6766 0.4453 0.4869 -0.0077 0.5052 0.5454 0.2559 0.1651 0.6734 0.6949 0.6076 0.5965 0.4285 0.4425 0.7893 0.8458 0.5441 0.5808 0.5073 0.4302 -0.0865 -0.0757 0.7706 0.7730 0.4437 0.5180 0.7153 0.7209 0.5101 0.5444 0.3130 0.3302 0.3244 0.5570 0.5685 0.5846 0.6157 0.5938 0.6121 0.5075 0.5379 0.4935 0.5283 0.4265 0.4916 0.4537 0.5660 0.5712 0.6221 0.4197 0.3609 0.5541 0.4780 0.6181 0.6536 0.4019 0.5374 0.5349 0.6071 0.3893 0.4898 0.6648 0.7142 0.6161 0.6580 0.7285 0.7542 0.8447 1.0000 0.8174 0.8366 0.6264 0.6227
0.7155 0.6917 0.5277 0.5557 -0.0015 0.6048 0.6053 0.4045 0.3044 0.7720 0.7457 0.7140 0.6734 0.6241 0.6064 0.8407 0.8352 0.5600 0.6341 0.5636 0.4760 -0.1634 -0.1624 0.8444 0.8653 0.4418 0.5243 0.7637 0.7759 0.4914 0.5995 0.4230 0.3752 0.4209 0.6455 0.6461 0.6818 0.7059 0.7167 0.7287 0.5869 0.6032 0.6524 0.6318 0.4442 0.5933 0.4998 0.6326 0.6838 0.6798 0.4955 0.4142 0.6477 0.5176 0.7794 0.7083 0.4702 0.5969 0.5368 0.7144 0.3557 0.4761 0.6648 0.7876 0.6867 0.7275 0.7892 0.8264 0.7813 0.8174 1.0000 0.8719 0.7676 0.6508
0.5707 0.6340 0.5082 0.5349 -0.0846 0.5865 0.6214 0.3568 0.2510 0.6878 0.7546 0.6691 0.6882 0.5544 0.5813 0.7637 0.8406 0.5034 0.5553 0.5760 0.4327 -0.1937 -0.1911 0.7566 0.8055 0.4400 0.5446 0.7551 0.7823 0.5159 0.6055 0.2551 0.2158 0.2730 0.6678 0.6655 0.7077 0.7417 0.6899 0.6912 0.6487 0.7037 0.6617 0.7230 0.5059 0.6358 0.3593 0.5581 0.5034 0.6272 0.4194 0.3619 0.6114 0.5776 0.6654 0.7926 0.4998 0.6427 0.5746 0.6889 0.3515 0.4980 0.6726 0.7668 0.6376 0.6575 0.7286 0.7791 0.7181 0.8366 0.8719 1.0000 0.7307 0.8066
0.5828 0.5661 0.6235 0.5946 -0.0717 0.7069 0.7040 0.3624 0.1467 0.6401 0.6667 0.6862 0.6049 0.5488 0.4973 0.5117 0.6239 0.5967 0.6223 0.6568 0.5952 -0.1387 -0.1425 0.5865 0.6572 0.5105 0.5976 0.7867 0.7708 0.5933 0.6173 0.1992 0.1569 0.2742 0.6321 0.6455 0.6194 0.6848 0.6171 0.6158 0.5949 0.6383 0.6186 0.6001 0.6285 0.5491 0.3574 0.4912 0.5190 0.5306 0.5595 0.4291 0.6893 0.4856 0.6803 0.6294 0.6786 0.6221 0.6368 0.7548 0.5616 0.6427 0.7185 0.7385 0.7226 0.6525 0.6686 0.7066 0.5366 0.6264 0.7676 0.7307 1.0000 0.7930
0.4486 0.5363 0.5484 0.5146 -0.0734 0.6233 0.6659 0.2458 0.1187 0.5680 0.6539 0.5733 0.5402 0.3895 0.3915 0.4912 0.5561 0.5814 0.5696 0.5868 0.5043 -0.1103 -0.0941 0.5269 0.5532 0.4536 0.5733 0.7382 0.7719 0.6008 0.5782 0.0707 0.0785 0.1451 0.6025 0.6199 0.5516 0.6332 0.6074 0.5743 0.5958 0.6852 0.5408 0.6065 0.6530 0.5623 0.3047 0.4977 0.3662 0.4722 0.4926 0.4019 0.6403 0.5519 0.5523 0.6919 0.5834 0.5917 0.6832 0.6562 0.4979 0.6249 0.6666 0.6416 0.6248 0.5309 0.6420 0.7029 0.5263 0.6227 0.6508 0.8066 0.7930 1.0000
