1.0000 0.8353 0.7931 0.8037 0.2696 0.7988 0.7342 0.2019 0.1432 0.5564 0.6281 0.5305 0.5102 0.1401 0.2306 0.6427 0.7271 0.8308 0.8635 0.6129 0.6462 0.3815 0.2467 0.5161 0.6185 0.4037 0.3086 0.6750 0.6705 0.3717 0.4386 0.2725 0.2698 0.3824 0.6009 0.5448 0.6054 0.6838 0.6635 0.7180 0.6722 0.7177 0.5728 0.6178 0.6033 0.6354 0.6515 0.6968 0.9012 0.8297 0.8330 0.7579 0.7778 0.6565 0.6991 0.6275 0.3774 0.4990 0.6965 0.6918 0.4185 0.4833 0.3960 0.5052 0.2905 0.4109 0.5173 0.4998 0.4618 0.4157 0.5576 0.5054 0.3905 0.4848
0.8353 1.0000 0.7480 0.8489 0.1527 0.7279 0.8375 0.1010 0.0165 0.4844 0.7296 0.4790 0.5786 0.0837 0.1865 0.5643 0.7867 0.8564 0.8536 0.6414 0.6657 0.3241 0.1928 0.4656 0.6244 0.3681 0.2960 0.7100 0.6697 0.4088 0.4394 0.3120 0.2291 0.3324 0.6571 0.5609 0.5993 0.6703 0.6783 0.7329 0.5936 0.7058 0.5170 0.6234 0.6260 0.6595 0.6330 0.7159 0.8315 0.9183 0.7468 0.7867 0.6576 0.6986 0.5875 0.6717 0.3926 0.4934 0.6766 0.6879 0.4415 0.4957 0.4196 0.5282 0.4069 0.4303 0.4967 0.5350 0.4978 0.4805 0.4738 0.5609 0.3933 0.5028
0.7931 0.7480 1.0000 0.9098 0.1375 0.9298 0.8074 0.0914 -0.0339 0.3767 0.5394 0.5624 0.4867 -0.0036 0.1103 0.4181 0.5730 0.8294 0.7699 0.8015 0.8349 0.4638 0.2307 0.3362 0.4692 0.4193 0.3482 0.6549 0.6131 0.5300 0.4942 0.1857 0.1836 0.2375 0.6206 0.5679 0.6131 0.6523 0.6420 0.7159 0.6231 0.6813 0.5907 0.6045 0.5746 0.6447 0.5464 0.6398 0.7326 0.7088 0.7846 0.7195 0.7031 0.7150 0.4971 0.5607 0.6750 0.6504 0.7475 0.7242 0.4065 0.4896 0.3444 0.4978 0.3306 0.3880 0.4019 0.4558 0.3855 0.3269 0.3476 0.4151 0.4431 0.4909
0.8037 0.8489 0.9098 1.0000 0.1587 0.8496 0.8952 0.1158 -0.0061 0.3955 0.6279 0.5220 0.5535 0.0472 0.1522 0.4824 0.6664 0.8540 0.8242 0.7738 0.8389 0.4467 0.2445 0.4113 0.5597 0.4196 0.3610 0.6968 0.6572 0.5045 0.5215 0.2699 0.2189 0.3014 0.6819 0.6062 0.6627 0.7129 0.6895 0.7696 0.6467 0.7423 0.6004 0.6719 0.6431 0.7195 0.6122 0.7121 0.7672 0.8023 0.7852 0.7917 0.7038 0.7876 0.5306 0.6614 0.6057 0.6739 0.7354 0.7583 0.4407 0.5029 0.3861 0.5263 0.3591 0.4107 0.4656 0.5142 0.4515 0.4044 0.4174 0.5257 0.4903 0.5497
0.2696 0.1527 0.1375 0.1587 1.0000 0.1181 0.1438 0.8135 0.8322 0.5576 0.3054 0.5407 0.4511 0.7709 0.7974 0.4912 0.3103 0.2263 0.2398 0.2469 0.1542 0.5966 0.7420 0.5439 0.4920 0.5828 0.5579 0.4133 0.4911 0.3616 0.3860 0.4521 0.6091 0.5471 0.2579 0.2868 0.4058 0.4046 0.3899 0.3510 0.4794 0.4188 0.4762 0.3439 0.3444 0.3182 0.4021 0.3963 0.3248 0.2407 0.3144 0.2400 0.3937 0.3393 0.4461 0.4316 0.1415 0.2891 0.4231 0.3633 0.5229 0.5318 0.4944 0.4138 0.2724 0.4299 0.5313 0.4261 0.2616 0.3419 0.5288 0.3923 0.4302 0.4637
0.7988 0.7279 0.9298 0.8496 0.1181 1.0000 0.8247 0.0669 -0.0631 0.4383 0.5952 0.5780 0.5031 -0.0629 0.0767 0.4222 0.5754 0.8101 0.7485 0.6984 0.7372 0.3588 0.1459 0.3193 0.4661 0.3555 0.2931 0.6558 0.6070 0.4806 0.4300 0.1588 0.1396 0.1885 0.6037 0.4944 0.6008 0.5965 0.6098 0.6613 0.6496 0.6639 0.5842 0.6268 0.5847 0.6023 0.5320 0.6128 0.7503 0.7006 0.8125 0.7186 0.7560 0.7054 0.5517 0.6037 0.6144 0.6278 0.7701 0.7188 0.3747 0.4726 0.3083 0.5255 0.3218 0.3886 0.4143 0.4171 0.3991 0.3421 0.3490 0.4072 0.3768 0.4987
0.7342 0.8375 0.8074 0.8952 0.1438 0.8247 1.0000 0.1164 0.0105 0.4780 0.7613 0.5553 0.6518 0.0577 0.1919 0.4864 0.6749 0.8208 0.7672 0.7408 0.7672 0.4096 0.2300 0.4407 0.5784 0.4010 0.3905 0.7480 0.7012 0.5510 0.5601 0.2973 0.2425 0.3026 0.6976 0.5896 0.6674 0.6948 0.7103 0.7549 0.6831 0.7279 0.6372 0.6918 0.7022 0.6945 0.6470 0.7063 0.7424 0.7932 0.7646 0.7921 0.7098 0.8378 0.5789 0.7233 0.5883 0.7120 0.7805 0.7927 0.4971 0.5415 0.4432 0.5902 0.4746 0.4788 0.5032 0.5545 0.4796 0.4671 0.4368 0.5443 0.4842 0.5954
0.2019 0.1010 0.0914 0.1158 0.8135 0.0669 0.1164 1.0000 0.8469 0.5002 0.2947 0.5804 0.4716 0.8874 0.8042 0.5322 0.2929 0.1654 0.2225 0.2527 0.1580 0.5653 0.6124 0.6098 0.5040 0.5759 0.5055 0.4008 0.4559 0.3627 0.4530 0.5190 0.6862 0.6163 0.3332 0.3381 0.4213 0.4417 0.4096 0.3784 0.4905 0.4145 0.5347 0.3416 0.3937 0.3635 0.4509 0.4212 0.3018 0.1764 0.2693 0.2016 0.3916 0.3008 0.4818 0.3654 0.1560 0.2630 0.3663 0.3455 0.5127 0.5076 0.4771 0.3637 0.2773 0.4476 0.5641 0.4673 0.2398 0.4392 0.5929 0.4375 0.5791 0.4888
0.1432 0.0165 -0.0339 -0.0061 0.8322 -0.0631 0.0105 0.8469 1.0000 0.4569 0.2152 0.4588 0.3893 0.8479 0.8375 0.4736 0.2158 0.1002 0.1489 0.1598 0.0353 0.4819 0.6139 0.5817 0.4461 0.4855 0.5058 0.3316 0.4260 0.3204 0.4107 0.4367 0.6541 0.5962 0.1939 0.2681 0.2947 0.3613 0.3504 0.2843 0.3953 0.3244 0.4481 0.2371 0.2841 0.2581 0.4054 0.3323 0.2012 0.1025 0.1855 0.1219 0.2850 0.2101 0.4041 0.3073 0.0175 0.1961 0.3093 0.2671 0.4503 0.4502 0.4713 0.3246 0.2659 0.4187 0.5171 0.4047 0.1646 0.3534 0.5507 0.3447 0.4381 0.4233
0.5564 0.4844 0.3767 0.3955 0.5576 0.4383 0.4780 0.5002 0.4569 1.0000 0.6883 0.7860 0.6590 0.5495 0.5806 0.6651 0.6501 0.5276 0.5355 0.4421 0.3400 0.4090 0.4475 0.6012 0.6856 0.5685 0.4931 0.6612 0.6421 0.4297 0.4541 0.5844 0.5141 0.5123 0.5092 0.4034 0.5723 0.5842 0.5967 0.5693 0.6776 0.5997 0.6155 0.5366 0.6363 0.5322 0.6372 0.6198 0.6098 0.5435 0.6021 0.5571 0.6426 0.5572 0.7217 0.6855 0.3100 0.4540 0.6446 0.5932 0.5406 0.5942 0.5779 0.5888 0.4772 0.5187 0.6786 0.5634 0.5137 0.5608 0.6450 0.5870 0.5080 0.6083
0.6281 0.7296 0.5394 0.6279 0.3054 0.5952 0.7613 0.2947 0.2152 0.6883 1.0000 0.6569 0.8178 0.3132 0.4228 0.6661 0.8018 0.7030 0.6897 0.5955 0.5745 0.3702 0.3117 0.6458 0.7617 0.5046 0.4721 0.7718 0.7426 0.4969 0.5519 0.5050 0.4305 0.4627 0.7243 0.5735 0.6673 0.7045 0.7363 0.7280 0.6552 0.7155 0.6493 0.6919 0.7758 0.7195 0.7387 0.7587 0.6915 0.7222 0.6382 0.7172 0.6347 0.7149 0.7342 0.7989 0.3772 0.5233 0.7034 0.7208 0.5665 0.6386 0.6116 0.6921 0.5810 0.5754 0.6830 0.6648 0.5972 0.6598 0.6665 0.7052 0.5923 0.7377
0.5305 0.4790 0.5624 0.5220 0.5407 0.5780 0.5553 0.5804 0.4588 0.7860 0.6569 1.0000 0.7276 0.5666 0.6011 0.6726 0.6289 0.5606 0.5180 0.6685 0.5854 0.5632 0.4814 0.6395 0.6878 0.7078 0.5983 0.7024 0.6897 0.6108 0.5814 0.5533 0.5519 0.4957 0.6601 0.5301 0.7014 0.6768 0.6627 0.6389 0.7080 0.6832 0.7733 0.6083 0.6778 0.5879 0.6231 0.6292 0.5864 0.4687 0.5807 0.5058 0.6324 0.6192 0.6572 0.6235 0.5725 0.6017 0.6803 0.6312 0.5946 0.6674 0.5647 0.6623 0.5040 0.6091 0.7325 0.5948 0.5395 0.6684 0.6529 0.6337 0.7171 0.7189
0.5102 0.5786 0.4867 0.5535 0.4511 0.5031 0.6518 0.4716 0.3893 0.6590 0.8178 0.7276 1.0000 0.4727 0.5909 0.6243 0.6788 0.5739 0.5531 0.5894 0.5595 0.4927 0.4476 0.6449 0.7343 0.5881 0.5669 0.6974 0.6865 0.5176 0.5835 0.5142 0.5324 0.4869 0.6251 0.5815 0.6696 0.6977 0.6484 0.6510 0.6684 0.6974 0.6679 0.6519 0.6616 0.6277 0.6386 0.6539 0.5464 0.5566 0.5388 0.5831 0.5594 0.6744 0.6511 0.7081 0.4398 0.5639 0.6311 0.6521 0.6180 0.6535 0.6036 0.6641 0.5076 0.5924 0.6534 0.6614 0.5487 0.6445 0.6451 0.7047 0.6800 0.7303
0.1401 0.0837 -0.0036 0.0472 0.7709 -0.0629 0.0577 0.8874 0.8479 0.5495 0.3132 0.5666 0.4727 1.0000 0.8761 0.5247 0.3031 0.1437 0.1859 0.2607 0.1108 0.5504 0.6511 0.6436 0.5310 0.5747 0.5464 0.4001 0.4587 0.4185 0.4794 0.6701 0.7736 0.7060 0.3179 0.3616 0.3823 0.4284 0.4404 0.3772 0.4321 0.3792 0.5040 0.2943 0.3949 0.3494 0.4782 0.4278 0.2409 0.1490 0.1699 0.1768 0.2774 0.2364 0.4533 0.3378 0.1341 0.2290 0.3377 0.2997 0.5504 0.5177 0.5774 0.3923 0.3578 0.4852 0.6163 0.5366 0.2756 0.4351 0.6270 0.4683 0.6111 0.5031
0.2306 0.1865 0.1103 0.1522 0.7974 0.0767 0.1919 0.8042 0.8375 0.5806 0.4228 0.6011 0.5909 0.8761 1.0000 0.5214 0.3572 0.2767 0.2595 0.3285 0.1967 0.5820 0.7022 0.6081 0.5862 0.5738 0.5899 0.4878 0.5373 0.4807 0.5095 0.6275 0.7824 0.6613 0.3692 0.3779 0.4249 0.4623 0.5108 0.4345 0.4484 0.4245 0.5359 0.3606 0.4431 0.3816 0.5186 0.4919 0.3349 0.2451 0.2705 0.2656 0.3391 0.3487 0.4651 0.4381 0.1890 0.3375 0.4541 0.3842 0.5737 0.5843 0.6064 0.4929 0.4107 0.5317 0.6463 0.5535 0.3110 0.4784 0.6200 0.5222 0.5787 0.6232
0.6427 0.5643 0.4181 0.4824 0.4912 0.4222 0.4864 0.5322 0.4736 0.6651 0.6661 0.6726 0.6243 0.5247 0.5214 1.0000 0.7873 0.5311 0.5795 0.4671 0.4444 0.4412 0.4155 0.8425 0.8273 0.6068 0.5181 0.6452 0.6708 0.3859 0.5024 0.5169 0.5420 0.5760 0.6302 0.6060 0.6843 0.6911 0.6862 0.6731 0.7032 0.6921 0.6979 0.5969 0.6652 0.6027 0.7103 0.6658 0.6914 0.5857 0.5516 0.5363 0.6054 0.5105 0.7788 0.6215 0.2429 0.3933 0.5707 0.5850 0.5367 0.5572 0.5901 0.6131 0.4319 0.5669 0.7388 0.6608 0.6993 0.6848 0.8708 0.7345 0.6570 0.6592
0.7271 0.7867 0.5730 0.6664 0.3103 0.5754 0.6749 0.2929 0.2158 0.6501 0.8018 0.6289 0.6788 0.3031 0.3572 0.7873 1.0000 0.7156 0.7501 0.5800 0.5859 0.3697 0.3170 0.6771 0.8107 0.5349 0.4468 0.7333 0.7234 0.4266 0.5066 0.4857 0.4056 0.4554 0.7170 0.6190 0.6760 0.7247 0.7146 0.7278 0.6417 0.7313 0.6349 0.6671 0.7006 0.6698 0.6969 0.7327 0.7620 0.7943 0.6523 0.6824 0.6149 0.6354 0.7101 0.7236 0.3442 0.4945 0.6405 0.6764 0.5012 0.5597 0.5480 0.6305 0.4574 0.5414 0.6836 0.6227 0.6629 0.7478 0.7049 0.7579 0.5708 0.6662
0.8308 0.8564 0.8294 0.8540 0.2263 0.8101 0.8208 0.1654 0.1002 0.5276 0.7030 0.5606 0.5739 0.1437 0.2767 0.5311 0.7156 1.0000 0.8982 0.7245 0.7205 0.4193 0.2791 0.4746 0.6039 0.3928 0.3541 0.7504 0.7026 0.4964 0.4988 0.3216 0.3071 0.4147 0.6393 0.5553 0.6074 0.6902 0.7082 0.7396 0.6332 0.6992 0.5586 0.6021 0.6423 0.6776 0.6638 0.7307 0.8102 0.8312 0.7771 0.7915 0.6919 0.7038 0.6012 0.6681 0.4718 0.5499 0.7645 0.7286 0.4534 0.5335 0.4634 0.5616 0.4220 0.4647 0.5354 0.5275 0.4772 0.4703 0.4849 0.5159 0.4357 0.5506
0.8635 0.8536 0.7699 0.8242 0.2398 0.7485 0.7672 0.2225 0.1489 0.5355 0.6897 0.5180 0.5531 0.1859 0.2595 0.5795 0.7501 0.8982 1.0000 0.6849 0.7121 0.4012 0.2465 0.5267 0.6213 0.4055 0.3035 0.7497 0.7242 0.4468 0.5410 0.3553 0.3138 0.4751 0.6444 0.5662 0.5906 0.7262 0.7186 0.7640 0.6511 0.7238 0.5582 0.6222 0.6872 0.7433 0.7300 0.7937 0.8255 0.8443 0.7825 0.8032 0.7121 0.6716 0.6729 0.6792 0.3442 0.4955 0.7278 0.7479 0.4666 0.5296 0.4754 0.5561 0.3944 0.4801 0.5474 0.5506 0.4408 0.4747 0.5482 0.5343 0.4496 0.5422
0.6129 0.6414 0.8015 0.7738 0.2469 0.6984 0.7408 0.2527 0.1598 0.4421 0.5955 0.6685 0.5894 0.2607 0.3285 0.4671 0.5800 0.7245 0.6849 1.0000 0.9232 0.6599 0.4414 0.5003 0.5208 0.6564 0.5820 0.7400 0.7237 0.7289 0.6942 0.3707 0.3742 0.4274 0.6541 0.6225 0.6353 0.7245 0.7051 0.7234 0.5987 0.6824 0.6629 0.5672 0.6374 0.6688 0.6398 0.6684 0.5785 0.5669 0.6011 0.6120 0.5628 0.6973 0.4894 0.5387 0.7175 0.6864 0.7173 0.7238 0.5906 0.6273 0.5549 0.6080 0.5353 0.5701 0.5510 0.6171 0.4183 0.4711 0.4293 0.4364 0.6431 0.5770
0.6462 0.6657 0.8349 0.8389 0.1542 0.7372 0.7672 0.1580 0.0353 0.3400 0.5745 0.5854 0.5595 0.1108 0.1967 0.4444 0.5859 0.7205 0.7121 0.9232 1.0000 0.6170 0.3796 0.4390 0.4858 0.5663 0.4850 0.6947 0.6644 0.6190 0.6494 0.2828 0.2617 0.3286 0.6674 0.6231 0.6389 0.7145 0.6652 0.7097 0.5812 0.6865 0.6417 0.6047 0.6287 0.6740 0.5947 0.6595 0.5833 0.5810 0.6017 0.6185 0.5635 0.7037 0.4534 0.5337 0.6921 0.6986 0.6615 0.7125 0.5112 0.5668 0.4539 0.5805 0.4549 0.5176 0.4788 0.5357 0.4038 0.4378 0.3953 0.4527 0.6125 0.5702
0.3815 0.3241 0.4638 0.4467 0.5966 0.3588 0.4096 0.5653 0.4819 0.4090 0.3702 0.5632 0.4927 0.5504 0.5820 0.4412 0.3697 0.4193 0.4012 0.6599 0.6170 1.0000 0.8444 0.5122 0.4706 0.7685 0.7067 0.5396 0.5418 0.5887 0.6209 0.4264 0.5250 0.4769 0.4748 0.5547 0.5649 0.6030 0.5566 0.5443 0.5400 0.5421 0.6338 0.4857 0.5050 0.5125 0.5158 0.5467 0.3644 0.3260 0.3839 0.3779 0.4287 0.4963 0.4017 0.4041 0.5290 0.5850 0.5319 0.5236 0.6302 0.6551 0.5763 0.5375 0.4609 0.5399 0.5113 0.5637 0.2700 0.3674 0.5005 0.4459 0.6750 0.5715
0.2467 0.1928 0.2307 0.2445 0.7420 0.1459 0.2300 0.6124 0.6139 0.4475 0.3117 0.4814 0.4476 0.6511 0.7022 0.4155 0.3170 0.2791 0.2465 0.4414 0.3796 0.8444 1.0000 0.4954 0.4553 0.7205 0.7413 0.4318 0.4824 0.4942 0.5117 0.4818 0.5664 0.4995 0.3511 0.4358 0.4633 0.4936 0.4695 0.4279 0.4463 0.4297 0.5354 0.3701 0.3935 0.3732 0.4368 0.4250 0.2531 0.2282 0.2585 0.2516 0.3107 0.3664 0.3504 0.3744 0.3674 0.4487 0.4370 0.3926 0.5853 0.6303 0.5438 0.4421 0.3777 0.4457 0.5224 0.4752 0.2192 0.3624 0.4948 0.4426 0.5724 0.5432
0.5161 0.4656 0.3362 0.4113 0.5439 0.3193 0.4407 0.6098 0.5817 0.6012 0.6458 0.6395 0.6449 0.6436 0.6081 0.8425 0.6771 0.4746 0.5267 0.5003 0.4390 0.5122 0.4954 1.0000 0.8339 0.6308 0.5855 0.6405 0.6828 0.4116 0.5471 0.5577 0.6173 0.6735 0.5892 0.6599 0.6517 0.7121 0.6657 0.6549 0.6693 0.6712 0.6586 0.5625 0.6459 0.6175 0.7169 0.6545 0.5471 0.4969 0.4630 0.4856 0.5458 0.4629 0.7489 0.6107 0.1820 0.3661 0.5233 0.5547 0.6125 0.5999 0.6933 0.6318 0.4766 0.6194 0.7465 0.7111 0.6161 0.6350 0.8714 0.7099 0.7099 0.6636
0.6185 0.6244 0.4692 0.5597 0.4920 0.4661 0.5784 0.5040 0.4461 0.6856 0.7617 0.6878 0.7343 0.5310 0.5862 0.8273 0.8107 0.6039 0.6213 0.5208 0.4858 0.4706 0.4553 0.8339 1.0000 0.6153 0.5477 0.7094 0.7142 0.4296 0.5134 0.6166 0.6196 0.5873 0.7011 0.6662 0.7041 0.7458 0.7613 0.7471 0.6757 0.7387 0.6745 0.6559 0.7166 0.6779 0.7389 0.7320 0.6670 0.6375 0.5736 0.5946 0.5888 0.5848 0.7302 0.7148 0.2768 0.4386 0.6075 0.6205 0.5745 0.6205 0.6485 0.6834 0.4907 0.6294 0.7569 0.7193 0.6792 0.7040 0.8563 0.8243 0.6956 0.7383
0.4037 0.3681 0.4193 0.4196 0.5828 0.3555 0.4010 0.5759 0.4855 0.5685 0.5046 0.7078 0.5881 0.5747 0.5738 0.6068 0.5349 0.3928 0.4055 0.6564 0.5663 0.7685 0.7205 0.6308 0.6153 1.0000 0.8422 0.6337 0.6751 0.5627 0.5811 0.4608 0.5105 0.4946 0.5583 0.5187 0.6378 0.6480 0.5625 0.5400 0.5959 0.6264 0.6692 0.5292 0.5485 0.5196 0.5466 0.5196 0.4265 0.3636 0.4006 0.3861 0.4615 0.4926 0.5422 0.5184 0.4745 0.5258 0.5336 0.5426 0.6275 0.6821 0.5939 0.5817 0.5127 0.5758 0.6418 0.6026 0.4506 0.5875 0.5944 0.5452 0.6910 0.6251
0.3086 0.2960 0.3482 0.3610 0.5579 0.2931 0.3905 0.5055 0.5058 0.4931 0.4721 0.5983 0.5669 0.5464 0.5899 0.5181 0.4468 0.3541 0.3035 0.5820 0.4850 0.7067 0.7413 0.5855 0.5477 0.8422 1.0000 0.5704 0.6590 0.5893 0.5964 0.4306 0.5217 0.4644 0.4799 0.4997 0.5864 0.5920 0.5286 0.4947 0.5440 0.5659 0.6311 0.4766 0.4826 0.4633 0.4880 0.4393 0.3366 0.2960 0.3219 0.3109 0.3794 0.4449 0.4634 0.4720 0.4683 0.5237 0.5241 0.5055 0.6218 0.6367 0.5978 0.5410 0.5115 0.5410 0.5863 0.5690 0.4078 0.5091 0.5213 0.5095 0.6231 0.6171
0.6750 0.7100 0.6549 0.6968 0.4133 0.6558 0.7480 0.4008 0.3316 0.6612 0.7718 0.7024 0.6974 0.4001 0.4878 0.6452 0.7333 0.7504 0.7497 0.7400 0.6947 0.5396 0.4318 0.6405 0.7094 0.6337 0.5704 1.0000 0.8978 0.6695 0.7109 0.5050 0.4857 0.5352 0.7054 0.6031 0.7232 0.7645 0.7378 0.7351 0.7053 0.7758 0.7224 0.6991 0.7588 0.7041 0.7336 0.7560 0.7350 0.6835 0.6735 0.6731 0.7039 0.7145 0.7151 0.7419 0.4930 0.6056 0.7867 0.8101 0.6154 0.6580 0.6561 0.7290 0.6161 0.6623 0.6912 0.6992 0.5666 0.6189 0.6351 0.6113 0.6241 0.7226
0.6705 0.6697 0.6131 0.6572 0.4911 0.6070 0.7012 0.4559 0.4260 0.6421 0.7426 0.6897 0.6865 0.4587 0.5373 0.6708 0.7234 0.7026 0.7242 0.7237 0.6644 0.5418 0.4824 0.6828 0.7142 0.6751 0.6590 0.8978 1.0000 0.6681 0.7542 0.4922 0.5300 0.5759 0.6645 0.5973 0.7065 0.7766 0.7186 0.7146 0.7070 0.7820 0.7243 0.6790 0.7101 0.6738 0.7181 0.7105 0.7073 0.6650 0.6427 0.6459 0.6828 0.6920 0.7274 0.7484 0.4613 0.6241 0.7827 0.8119 0.6201 0.6685 0.6434 0.6867 0.5849 0.6486 0.7041 0.6859 0.5512 0.6305 0.6391 0.6074 0.5968 0.7073
0.3717 0.4088 0.5300 0.5045 0.3616 0.4806 0.5510 0.3627 0.3204 0.4297 0.4969 0.6108 0.5176 0.4185 0.4807 0.3859 0.4266 0.4964 0.4468 0.7289 0.6190 0.5887 0.4942 0.4116 0.4296 0.5627 0.5893 0.6695 0.6681 1.0000 0.7889 0.5250 0.5158 0.4701 0.6025 0.5203 0.5801 0.6298 0.6745 0.6165 0.4909 0.5313 0.6448 0.4479 0.5887 0.5440 0.5772 0.5586 0.4388 0.3690 0.4645 0.4403 0.4327 0.5616 0.3879 0.4186 0.6560 0.5986 0.7368 0.7057 0.6062 0.6289 0.5328 0.5567 0.5198 0.5362 0.5975 0.5606 0.3387 0.4606 0.4205 0.4030 0.6271 0.5932
0.4386 0.4394 0.4942 0.5215 0.3860 0.4300 0.5601 0.4530 0.4107 0.4541 0.5519 0.5814 0.5835 0.4794 0.5095 0.5024 0.5066 0.4988 0.5410 0.6942 0.6494 0.6209 0.5117 0.5471 0.5134 0.5811 0.5964 0.7109 0.7542 0.7889 1.0000 0.5520 0.6084 0.5754 0.6189 0.6099 0.6059 0.7349 0.6893 0.6579 0.5908 0.6338 0.7120 0.5380 0.6733 0.6302 0.6897 0.6492 0.4805 0.4071 0.4812 0.4950 0.5193 0.6082 0.5139 0.5121 0.5362 0.6542 0.6987 0.7953 0.6328 0.6411 0.5937 0.5810 0.5471 0.5919 0.6210 0.6489 0.3756 0.5031 0.5281 0.4667 0.6728 0.6352
0.2725 0.3120 0.1857 0.2699 0.4521 0.1588 0.2973 0.5190 0.4367 0.5844 0.5050 0.5533 0.5142 0.6701 0.6275 0.5169 0.4857 0.3216 0.3553 0.3707 0.2828 0.4264 0.4818 0.5577 0.6166 0.4608 0.4306 0.5050 0.4922 0.5250 0.5520 1.0000 0.7544 0.7177 0.5342 0.4599 0.4843 0.5294 0.6378 0.5497 0.4371 0.4555 0.5264 0.3941 0.6292 0.5057 0.6364 0.6102 0.3980 0.3155 0.3009 0.3636 0.3391 0.3573 0.4794 0.4374 0.2660 0.3417 0.4781 0.4669 0.5555 0.5597 0.5926 0.5329 0.4581 0.5202 0.7005 0.6027 0.4525 0.5385 0.6292 0.5741 0.6574 0.5899
0.2698 0.2291 0.1836 0.2189 0.6091 0.1396 0.2425 0.6862 0.6541 0.5141 0.4305 0.5519 0.5324 0.7736 0.7824 0.5420 0.4056 0.3071 0.3138 0.3742 0.2617 0.5250 0.5664 0.6173 0.6196 0.5105 0.5217 0.4857 0.5300 0.5158 0.6084 0.7544 1.0000 0.7659 0.4417 0.4717 0.4560 0.5460 0.5946 0.5150 0.4743 0.4543 0.5517 0.3659 0.5199 0.4700 0.6389 0.5735 0.3734 0.2641 0.2851 0.2821 0.3527 0.3030 0.4844 0.3972 0.1889 0.3340 0.4656 0.4514 0.6096 0.5934 0.5765 0.4832 0.4230 0.5612 0.6790 0.6438 0.3607 0.5028 0.6446 0.5424 0.6396 0.6152
0.3824 0.3324 0.2375 0.3014 0.5471 0.1885 0.3026 0.6163 0.5962 0.5123 0.4627 0.4957 0.4869 0.7060 0.6613 0.5760 0.4554 0.4147 0.4751 0.4274 0.3286 0.4769 0.4995 0.6735 0.5873 0.4946 0.4644 0.5352 0.5759 0.4701 0.5754 0.7177 0.7659 1.0000 0.4236 0.4578 0.4498 0.5472 0.5679 0.5162 0.5070 0.4801 0.5017 0.3595 0.5465 0.5096 0.6764 0.6142 0.4393 0.3658 0.3510 0.3939 0.4125 0.3396 0.5918 0.4482 0.1280 0.3003 0.4903 0.4970 0.5971 0.5740 0.6388 0.4954 0.4634 0.5427 0.6622 0.6353 0.3597 0.4734 0.6586 0.4836 0.5820 0.5355
0.6009 0.6571 0.6206 0.6819 0.2579 0.6037 0.6976 0.3332 0.1939 0.5092 0.7243 0.6601 0.6251 0.3179 0.3692 0.6302 0.7170 0.6393 0.6444 0.6541 0.6674 0.4748 0.3511 0.5892 0.7011 0.5583 0.4799 0.7054 0.6645 0.6025 0.6189 0.5342 0.4417 0.4236 1.0000 0.7683 0.8184 0.8164 0.8569 0.8402 0.6609 0.7554 0.7642 0.7046 0.8025 0.7857 0.7246 0.7550 0.6575 0.6100 0.5905 0.5981 0.5681 0.6601 0.5623 0.6323 0.5174 0.5755 0.6765 0.7060 0.5395 0.6458 0.4812 0.5791 0.4810 0.4927 0.6788 0.5850 0.5277 0.6711 0.6228 0.7066 0.6966 0.7462
0.5448 0.5609 0.5679 0.6062 0.2868 0.4944 0.5896 0.3381 0.2681 0.4034 0.5735 0.5301 0.5815 0.3616 0.3779 0.6060 0.6190 0.5553 0.5662 0.6225 0.6231 0.5547 0.4358 0.6599 0.6662 0.5187 0.4997 0.6031 0.5973 0.5203 0.6099 0.4599 0.4717 0.4578 0.7683 1.0000 0.7474 0.7993 0.7588 0.7900 0.6451 0.7327 0.7064 0.6515 0.6850 0.7044 0.6506 0.6705 0.5427 0.5278 0.4952 0.5168 0.4815 0.5537 0.5155 0.5362 0.4425 0.5391 0.5678 0.6232 0.5814 0.5665 0.5591 0.5436 0.4452 0.5203 0.5405 0.6824 0.5554 0.4633 0.6211 0.6124 0.6738 0.6251
0.6054 0.5993 0.6131 0.6627 0.4058 0.6008 0.6674 0.4213 0.2947 0.5723 0.6673 0.7014 0.6696 0.3823 0.4249 0.6843 0.6760 0.6074 0.5906 0.6353 0.6389 0.5649 0.4633 0.6517 0.7041 0.6378 0.5864 0.7232 0.7065 0.5801 0.6059 0.4843 0.4560 0.4498 0.8184 0.7474 1.0000 0.8421 0.7391 0.7457 0.8173 0.8466 0.8305 0.7896 0.7452 0.7013 0.6532 0.6839 0.6328 0.5797 0.5999 0.5764 0.6287 0.6693 0.6251 0.6610 0.5321 0.6353 0.6901 0.7038 0.5971 0.6431 0.5718 0.6356 0.5133 0.5845 0.6375 0.6277 0.5798 0.6045 0.6530 0.7115 0.7043 0.7349
0.6838 0.6703 0.6523 0.7129 0.4046 0.5965 0.6948 0.4417 0.3613 0.5842 0.7045 0.6768 0.6977 0.4284 0.4623 0.6911 0.7247 0.6902 0.7262 0.7245 0.7145 0.6030 0.4936 0.7121 0.7458 0.6480 0.5920 0.7645 0.7766 0.6298 0.7349 0.5294 0.5460 0.5472 0.8164 0.7993 0.8421 1.0000 0.8297 0.8612 0.7796 0.8676 0.7883 0.7245 0.7768 0.8163 0.8012 0.7905 0.6912 0.6594 0.6805 0.6931 0.6764 0.7150 0.6771 0.6963 0.4861 0.6598 0.7441 0.8302 0.6280 0.6879 0.5699 0.5939 0.4980 0.5854 0.6796 0.6860 0.5129 0.6357 0.6856 0.6983 0.7206 0.7260
0.6635 0.6783 0.6420 0.6895 0.3899 0.6098 0.7103 0.4096 0.3504 0.5967 0.7363 0.6627 0.6484 0.4404 0.5108 0.6862 0.7146 0.7082 0.7186 0.7051 0.6652 0.5566 0.4695 0.6657 0.7613 0.5625 0.5286 0.7378 0.7186 0.6745 0.6893 0.6378 0.5946 0.5679 0.8569 0.7588 0.7391 0.8297 1.0000 0.9344 0.6835 0.7549 0.7480 0.6506 0.8410 0.8256 0.8758 0.8665 0.7224 0.6624 0.6713 0.6875 0.6200 0.6881 0.6301 0.6475 0.4882 0.5729 0.7820 0.7703 0.6519 0.7174 0.6309 0.6628 0.5427 0.5882 0.7370 0.7167 0.5417 0.5896 0.7255 0.6943 0.7221 0.7470
0.7180 0.7329 0.7159 0.7696 0.3510 0.6613 0.7549 0.3784 0.2843 0.5693 0.7280 0.6389 0.6510 0.3772 0.4345 0.6731 0.7278 0.7396 0.7640 0.7234 0.7097 0.5443 0.4279 0.6549 0.7471 0.5400 0.4947 0.7351 0.7146 0.6165 0.6579 0.5497 0.5150 0.5162 0.8402 0.7900 0.7457 0.8612 0.9344 1.0000 0.7138 0.8071 0.7347 0.7014 0.8260 0.8906 0.8443 0.8701 0.7606 0.7268 0.7258 0.7520 0.6573 0.7221 0.6575 0.6673 0.4973 0.5905 0.7846 0.8068 0.5951 0.6640 0.5563 0.5978 0.4777 0.5387 0.6647 0.6906 0.5422 0.5467 0.6995 0.6997 0.6994 0.7187
0.6722 0.5936 0.6231 0.6467 0.4794 0.6496 0.6831 0.4905 0.3953 0.6776 0.6552 0.7080 0.6684 0.4321 0.4484 0.7032 0.6417 0.6332 0.6511 0.5987 0.5812 0.5400 0.4463 0.6693 0.6757 0.5959 0.5440 0.7053 0.7070 0.4909 0.5908 0.4371 0.4743 0.5070 0.6609 0.6451 0.8173 0.7796 0.6835 0.7138 1.0000 0.8484 0.8527 0.7843 0.7388 0.6983 0.7072 0.6871 0.6981 0.6264 0.7512 0.6985 0.8041 0.6841 0.7671 0.7077 0.4667 0.6711 0.7771 0.7638 0.5997 0.6222 0.5709 0.6254 0.4881 0.5756 0.6305 0.6291 0.5323 0.5284 0.6655 0.6300 0.6311 0.6879
0.7177 0.7058 0.6813 0.7423 0.4188 0.6639 0.7279 0.4145 0.3244 0.5997 0.7155 0.6832 0.6974 0.3792 0.4245 0.6921 0.7313 0.6992 0.7238 0.6824 0.6865 0.5421 0.4297 0.6712 0.7387 0.6264 0.5659 0.7758 0.7820 0.5313 0.6338 0.4555 0.4543 0.4801 0.7554 0.7327 0.8466 0.8676 0.7549 0.8071 0.8484 1.0000 0.8268 0.8807 0.7891 0.7883 0.7344 0.7623 0.7297 0.7055 0.7106 0.7327 0.7149 0.7294 0.7206 0.7553 0.4832 0.6742 0.7355 0.7917 0.6186 0.6440 0.5971 0.6772 0.5109 0.6121 0.6414 0.6706 0.5738 0.5622 0.6642 0.7091 0.6819 0.7415
0.5728 0.5170 0.5907 0.6004 0.4762 0.5842 0.6372 0.5347 0.4481 0.6155 0.6493 0.7733 0.6679 0.5040 0.5359 0.6979 0.6349 0.5586 0.5582 0.6629 0.6417 0.6338 0.5354 0.6586 0.6745 0.6692 0.6311 0.7224 0.7243 0.6448 0.7120 0.5264 0.5517 0.5017 0.7642 0.7064 0.8305 0.7883 0.7480 0.7347 0.8527 0.8268 1.0000 0.7790 0.7917 0.6925 0.7033 0.6824 0.6170 0.5173 0.6207 0.5684 0.6797 0.6662 0.6751 0.6341 0.6052 0.7139 0.7436 0.7390 0.6372 0.6927 0.6084 0.6648 0.5529 0.6193 0.7003 0.6489 0.5244 0.6089 0.6804 0.6675 0.7714 0.7942
0.6178 0.6234 0.6045 0.6719 0.3439 0.6268 0.6918 0.3416 0.2371 0.5366 0.6919 0.6083 0.6519 0.2943 0.3606 0.5969 0.6671 0.6021 0.6222 0.5672 0.6047 0.4857 0.3701 0.5625 0.6559 0.5292 0.4766 0.6991 0.6790 0.4479 0.5380 0.3941 0.3659 0.3595 0.7046 0.6515 0.7896 0.7245 0.6506 0.7014 0.7843 0.8807 0.7790 1.0000 0.7473 0.7355 0.6290 0.6973 0.6305 0.6439 0.6304 0.6717 0.6476 0.6866 0.6630 0.7357 0.4479 0.6571 0.6543 0.7019 0.5518 0.5756 0.5202 0.6644 0.4673 0.5623 0.5571 0.5793 0.5099 0.4851 0.5941 0.6999 0.6390 0.7562
0.6033 0.6260 0.5746 0.6431 0.3444 0.5847 0.7022 0.3937 0.2841 0.6363 0.7758 0.6778 0.6616 0.3949 0.4431 0.6652 0.7006 0.6423 0.6872 0.6374 0.6287 0.5050 0.3935 0.6459 0.7166 0.5485 0.4826 0.7588 0.7101 0.5887 0.6733 0.6292 0.5199 0.5465 0.8025 0.6850 0.7452 0.7768 0.8410 0.8260 0.7388 0.7891 0.7917 0.7473 1.0000 0.8354 0.8551 0.8443 0.6951 0.6172 0.6654 0.6966 0.6747 0.6875 0.7086 0.7045 0.4457 0.5842 0.7484 0.7817 0.6369 0.6806 0.6426 0.6964 0.5727 0.5878 0.7092 0.7110 0.5853 0.5952 0.7127 0.6699 0.7312 0.7657
0.6354 0.6595 0.6447 0.7195 0.3182 0.6023 0.6945 0.3635 0.2581 0.5322 0.7195 0.5879 0.6277 0.3494 0.3816 0.6027 0.6698 0.6776 0.7433 0.6688 0.6740 0.5125 0.3732 0.6175 0.6779 0.5196 0.4633 0.7041 0.6738 0.5440 0.6302 0.5057 0.4700 0.5096 0.7857 0.7044 0.7013 0.8163 0.8256 0.8906 0.6983 0.7883 0.6925 0.7355 0.8354 1.0000 0.8129 0.8534 0.6643 0.6557 0.6611 0.7297 0.6294 0.6860 0.6540 0.7009 0.4101 0.5618 0.7132 0.7748 0.5614 0.6132 0.5358 0.5807 0.4725 0.4892 0.6118 0.6539 0.4806 0.5249 0.6541 0.6889 0.6882 0.7424
0.6515 0.6330 0.5464 0.6122 0.4021 0.5320 0.6470 0.4509 0.4054 0.6372 0.7387 0.6231 0.6386 0.4782 0.5186 0.7103 0.6969 0.6638 0.7300 0.6398 0.5947 0.5158 0.4368 0.7169 0.7389 0.5466 0.4880 0.7336 0.7181 0.5772 0.6897 0.6364 0.6389 0.6764 0.7246 0.6506 0.6532 0.8012 0.8758 0.8443 0.7072 0.7344 0.7033 0.6290 0.8551 0.8129 1.0000 0.9118 0.7225 0.6523 0.6794 0.7228 0.6607 0.6363 0.7590 0.6702 0.3272 0.5084 0.7495 0.7804 0.6563 0.6836 0.6394 0.6448 0.5209 0.5976 0.7358 0.7315 0.5109 0.5780 0.7703 0.6490 0.7030 0.7178
0.6968 0.7159 0.6398 0.7121 0.3963 0.6128 0.7063 0.4212 0.3323 0.6198 0.7587 0.6292 0.6539 0.4278 0.4919 0.6658 0.7327 0.7307 0.7937 0.6684 0.6595 0.5467 0.4250 0.6545 0.7320 0.5196 0.4393 0.7560 0.7105 0.5586 0.6492 0.6102 0.5735 0.6142 0.7550 0.6705 0.6839 0.7905 0.8665 0.8701 0.6871 0.7623 0.6824 0.6973 0.8443 0.8534 0.9118 1.0000 0.7448 0.7291 0.7116 0.7711 0.6628 0.7016 0.7034 0.7072 0.3897 0.5556 0.7540 0.7791 0.6187 0.6668 0.6220 0.6607 0.5240 0.5889 0.7002 0.7047 0.5052 0.5549 0.7102 0.6844 0.6798 0.7320
0.9012 0.8315 0.7326 0.7672 0.3248 0.7503 0.7424 0.3018 0.2012 0.6098 0.6915 0.5864 0.5464 0.2409 0.3349 0.6914 0.7620 0.8102 0.8255 0.5785 0.5833 0.3644 0.2531 0.5471 0.6670 0.4265 0.3366 0.7350 0.7073 0.4388 0.4805 0.3980 0.3734 0.4393 0.6575 0.5427 0.6328 0.6912 0.7224 0.7606 0.6981 0.7297 0.6170 0.6305 0.6951 0.6643 0.7225 0.7448 1.0000 0.8578 0.8626 0.8004 0.8255 0.6762 0.7642 0.6657 0.3725 0.4879 0.7708 0.7498 0.4729 0.5262 0.4390 0.5447 0.3592 0.4665 0.5869 0.5629 0.5422 0.5067 0.6107 0.5471 0.4415 0.5433
0.8297 0.9183 0.7088 0.8023 0.2407 0.7006 0.7932 0.1764 0.1025 0.5435 0.7222 0.4687 0.5566 0.1490 0.2451 0.5857 0.7943 0.8312 0.8443 0.5669 0.5810 0.3260 0.2282 0.4969 0.6375 0.3636 0.2960 0.6835 0.6650 0.3690 0.4071 0.3155 0.2641 0.3658 0.6100 0.5278 0.5797 0.6594 0.6624 0.7268 0.6264 0.7055 0.5173 0.6439 0.6172 0.6557 0.6523 0.7291 0.8578 1.0000 0.8112 0.8596 0.7110 0.7237 0.6578 0.7357 0.3298 0.5098 0.7108 0.7090 0.4306 0.4985 0.4254 0.4951 0.3614 0.4007 0.5074 0.5067 0.4659 0.4728 0.5030 0.5847 0.3699 0.5169
0.8330 0.7468 0.7846 0.7852 0.3144 0.8125 0.7646 0.2693 0.1855 0.6021 0.6382 0.5807 0.5388 0.1699 0.2705 0.5516 0.6523 0.7771 0.7825 0.6011 0.6017 0.3839 0.2585 0.4630 0.5736 0.4006 0.3219 0.6735 0.6427 0.4645 0.4812 0.3009 0.2851 0.3510 0.5905 0.4952 0.5999 0.6805 0.6713 0.7258 0.7512 0.7106 0.6207 0.6304 0.6654 0.6611 0.6794 0.7116 0.8626 0.8112 1.0000 0.8686 0.9050 0.7694 0.6964 0.6925 0.4789 0.6209 0.8492 0.8059 0.4368 0.5318 0.3956 0.5081 0.3258 0.4121 0.5213 0.4936 0.4146 0.4094 0.4955 0.4836 0.4049 0.5267
0.7579 0.7867 0.7195 0.7917 0.2400 0.7186 0.7921 0.2016 0.1219 0.5571 0.7172 0.5058 0.5831 0.1768 0.2656 0.5363 0.6824 0.7915 0.8032 0.6120 0.6185 0.3779 0.2516 0.4856 0.5946 0.3861 0.3109 0.6731 0.6459 0.4403 0.4950 0.3636 0.2821 0.3939 0.5981 0.5168 0.5764 0.6931 0.6875 0.7520 0.6985 0.7327 0.5684 0.6717 0.6966 0.7297 0.7228 0.7711 0.8004 0.8596 0.8686 1.0000 0.7722 0.8063 0.6754 0.7484 0.4111 0.6315 0.8008 0.8196 0.4559 0.5186 0.4445 0.5206 0.3719 0.4075 0.5337 0.5389 0.4408 0.4418 0.5206 0.5510 0.4508 0.5549
0.7778 0.6576 0.7031 0.7038 0.3937 0.7560 0.7098 0.3916 0.2850 0.6426 0.6347 0.6324 0.5594 0.2774 0.3391 0.6054 0.6149 0.6919 0.7121 0.5628 0.5635 0.4287 0.3107 0.5458 0.5888 0.4615 0.3794 0.7039 0.6828 0.4327 0.5193 0.3391 0.3527 0.4125 0.5681 0.4815 0.6287 0.6764 0.6200 0.6573 0.8041 0.7149 0.6797 0.6476 0.6747 0.6294 0.6607 0.6628 0.8255 0.7110 0.9050 0.7722 1.0000 0.7358 0.7863 0.7028 0.4809 0.6260 0.7974 0.7685 0.4702 0.5521 0.4495 0.5456 0.3661 0.4599 0.5594 0.5311 0.4415 0.4478 0.5639 0.4855 0.4715 0.5606
0.6565 0.6986 0.7150 0.7876 0.3393 0.7054 0.8378 0.3008 0.2101 0.5572 0.7149 0.6192 0.6744 0.2364 0.3487 0.5105 0.6354 0.7038 0.6716 0.6973 0.7037 0.4963 0.3664 0.4629 0.5848 0.4926 0.4449 0.7145 0.6920 0.5616 0.6082 0.3573 0.3030 0.3396 0.6601 0.5537 0.6693 0.7150 0.6881 0.7221 0.6841 0.7294 0.6662 0.6866 0.6875 0.6860 0.6363 0.7016 0.6762 0.7237 0.7694 0.8063 0.7358 1.0000 0.5683 0.8040 0.6326 0.8085 0.7753 0.8082 0.5070 0.5821 0.4967 0.5871 0.4767 0.4730 0.5479 0.5490 0.4573 0.4707 0.4766 0.5595 0.5438 0.6406
0.6991 0.5875 0.4971 0.5306 0.4461 0.5517 0.5789 0.4818 0.4041 0.7217 0.7342 0.6572 0.6511 0.4533 0.4651 0.7788 0.7101 0.6012 0.6729 0.4894 0.4534 0.4017 0.3504 0.7489 0.7302 0.5422 0.4634 0.7151 0.7274 0.3879 0.5139 0.4794 0.4844 0.5918 0.5623 0.5155 0.6251 0.6771 0.6301 0.6575 0.7671 0.7206 0.6751 0.6630 0.7086 0.6540 0.7590 0.7034 0.7642 0.6578 0.6964 0.6754 0.7863 0.5683 1.0000 0.7181 0.2532 0.4172 0.6802 0.6891 0.5253 0.5568 0.5753 0.6201 0.4418 0.5344 0.6694 0.6303 0.5592 0.5691 0.8028 0.6341 0.5931 0.6435
0.6275 0.6717 0.5607 0.6614 0.4316 0.6037 0.7233 0.3654 0.3073 0.6855 0.7989 0.6235 0.7081 0.3378 0.4381 0.6215 0.7236 0.6681 0.6792 0.5387 0.5337 0.4041 0.3744 0.6107 0.7148 0.5184 0.4720 0.7419 0.7484 0.4186 0.5121 0.4374 0.3972 0.4482 0.6323 0.5362 0.6610 0.6963 0.6475 0.6673 0.7077 0.7553 0.6341 0.7357 0.7045 0.7009 0.6702 0.7072 0.6657 0.7357 0.6925 0.7484 0.7028 0.8040 0.7181 1.0000 0.3752 0.6391 0.7150 0.7346 0.5114 0.5822 0.5656 0.6358 0.4773 0.4972 0.6309 0.5980 0.5448 0.5615 0.6193 0.7045 0.5323 0.7329
0.3774 0.3926 0.6750 0.6057 0.1415 0.6144 0.5883 0.1560 0.0175 0.3100 0.3772 0.5725 0.4398 0.1341 0.1890 0.2429 0.3442 0.4718 0.3442 0.7175 0.6921 0.5290 0.3674 0.1820 0.2768 0.4745 0.4683 0.4930 0.4613 0.6560 0.5362 0.2660 0.1889 0.1280 0.5174 0.4425 0.5321 0.4861 0.4882 0.4973 0.4667 0.4832 0.6052 0.4479 0.4457 0.4101 0.3272 0.3897 0.3725 0.3298 0.4789 0.4111 0.4809 0.6326 0.2532 0.3752 1.0000 0.7174 0.5972 0.5548 0.3770 0.4399 0.3227 0.4352 0.3910 0.3729 0.3649 0.3756 0.3158 0.3184 0.1903 0.2979 0.5285 0.4612
0.4990 0.4934 0.6504 0.6739 0.2891 0.6278 0.7120 0.2630 0.1961 0.4540 0.5233 0.6017 0.5639 0.2290 0.3375 0.3933 0.4945 0.5499 0.4955 0.6864 0.6986 0.5850 0.4487 0.3661 0.4386 0.5258 0.5237 0.6056 0.6241 0.5986 0.6542 0.3417 0.3340 0.3003 0.5755 0.5391 0.6353 0.6598 0.5729 0.5905 0.6711 0.6742 0.7139 0.6571 0.5842 0.5618 0.5084 0.5556 0.4879 0.5098 0.6209 0.6315 0.6260 0.8085 0.4172 0.6391 0.7174 1.0000 0.7174 0.7498 0.4711 0.5366 0.4397 0.5368 0.4388 0.4537 0.4947 0.4744 0.3706 0.4323 0.3521 0.4949 0.5683 0.6391
0.6965 0.6766 0.7475 0.7354 0.4231 0.7701 0.7805 0.3663 0.3093 0.6446 0.7034 0.6803 0.6311 0.3377 0.4541 0.5707 0.6405 0.7645 0.7278 0.7173 0.6615 0.5319 0.4370 0.5233 0.6075 0.5336 0.5241 0.7867 0.7827 0.7368 0.6987 0.4781 0.4656 0.4903 0.6765 0.5678 0.6901 0.7441 0.7820 0.7846 0.7771 0.7355 0.7436 0.6543 0.7484 0.7132 0.7495 0.7540 0.7708 0.7108 0.8492 0.8008 0.7974 0.7753 0.6802 0.7150 0.5972 0.7174 1.0000 0.9158 0.5842 0.6690 0.5516 0.6263 0.5073 0.5530 0.6634 0.6091 0.4810 0.5115 0.5537 0.5378 0.5607 0.6748
0.6918 0.6879 0.7242 0.7583 0.3633 0.7188 0.7927 0.3455 0.2671 0.5932 0.7208 0.6312 0.6521 0.2997 0.3842 0.5850 0.6764 0.7286 0.7479 0.7238 0.7125 0.5236 0.3926 0.5547 0.6205 0.5426 0.5055 0.8101 0.8119 0.7057 0.7953 0.4669 0.4514 0.4970 0.7060 0.6232 0.7038 0.8302 0.7703 0.8068 0.7638 0.7917 0.7390 0.7019 0.7817 0.7748 0.7804 0.7791 0.7498 0.7090 0.8059 0.8196 0.7685 0.8082 0.6891 0.7346 0.5548 0.7498 0.9158 1.0000 0.5786 0.6351 0.5379 0.6150 0.5163 0.5698 0.6326 0.6203 0.4915 0.5335 0.5584 0.5533 0.5941 0.6718
0.4185 0.4415 0.4065 0.4407 0.5229 0.3747 0.4971 0.5127 0.4503 0.5406 0.5665 0.5946 0.6180 0.5504 0.5737 0.5367 0.5012 0.4534 0.4666 0.5906 0.5112 0.6302 0.5853 0.6125 0.5745 0.6275 0.6218 0.6154 0.6201 0.6062 0.6328 0.5555 0.6096 0.5971 0.5395 0.5814 0.5971 0.6280 0.6519 0.5951 0.5997 0.6186 0.6372 0.5518 0.6369 0.5614 0.6563 0.6187 0.4729 0.4306 0.4368 0.4559 0.4702 0.5070 0.5253 0.5114 0.3770 0.4711 0.5842 0.5786 1.0000 0.8325 0.7570 0.6982 0.6181 0.6360 0.6469 0.6816 0.4349 0.4479 0.5667 0.5117 0.6336 0.6077
0.4833 0.4957 0.4896 0.5029 0.5318 0.4726 0.5415 0.5076 0.4502 0.5942 0.6386 0.6674 0.6535 0.5177 0.5843 0.5572 0.5597 0.5335 0.5296 0.6273 0.5668 0.6551 0.6303 0.5999 0.6205 0.6821 0.6367 0.6580 0.6685 0.6289 0.6411 0.5597 0.5934 0.5740 0.6458 0.5665 0.6431 0.6879 0.7174 0.6640 0.6222 0.6440 0.6927 0.5756 0.6806 0.6132 0.6836 0.6668 0.5262 0.4985 0.5318 0.5186 0.5521 0.5821 0.5568 0.5822 0.4399 0.5366 0.6690 0.6351 0.8325 1.0000 0.6809 0.6786 0.6228 0.5829 0.7099 0.6415 0.3589 0.5624 0.5906 0.5926 0.6653 0.7057
0.3960 0.4196 0.3444 0.3861 0.4944 0.3083 0.4432 0.4771 0.4713 0.5779 0.6116 0.5647 0.6036 0.5774 0.6064 0.5901 0.5480 0.4634 0.4754 0.5549 0.4539 0.5763 0.5438 0.6933 0.6485 0.5939 0.5978 0.6561 0.6434 0.5328 0.5937 0.5926 0.5765 0.6388 0.4812 0.5591 0.5718 0.5699 0.6309 0.5563 0.5709 0.5971 0.6084 0.5202 0.6426 0.5358 0.6394 0.6220 0.4390 0.4254 0.3956 0.4445 0.4495 0.4967 0.5753 0.5656 0.3227 0.4397 0.5516 0.5379 0.7570 0.6809 1.0000 0.7823 0.7522 0.6974 0.6385 0.7632 0.5372 0.4416 0.6415 0.5402 0.6290 0.6457
0.5052 0.5282 0.4978 0.5263 0.4138 0.5255 0.5902 0.3637 0.3246 0.5888 0.6921 0.6623 0.6641 0.3923 0.4929 0.6131 0.6305 0.5616 0.5561 0.6080 0.5805 0.5375 0.4421 0.6318 0.6834 0.5817 0.5410 0.7290 0.6867 0.5567 0.5810 0.5329 0.4832 0.4954 0.5791 0.5436 0.6356 0.5939 0.6628 0.5978 0.6254 0.6772 0.6648 0.6644 0.6964 0.5807 0.6448 0.6607 0.5447 0.4951 0.5081 0.5206 0.5456 0.5871 0.6201 0.6358 0.4352 0.5368 0.6263 0.6150 0.6982 0.6786 0.7823 1.0000 0.6734 0.7694 0.6735 0.6876 0.6079 0.5194 0.6508 0.6115 0.6408 0.7155
0.2905 0.4069 0.3306 0.3591 0.2724 0.3218 0.4746 0.2773 0.2659 0.4772 0.5810 0.5040 0.5076 0.3578 0.4107 0.4319 0.4574 0.4220 0.3944 0.5353 0.4549 0.4609 0.3777 0.4766 0.4907 0.5127 0.5115 0.6161 0.5849 0.5198 0.5471 0.4581 0.4230 0.4634 0.4810 0.4452 0.5133 0.4980 0.5427 0.4777 0.4881 0.5109 0.5529 0.4673 0.5727 0.4725 0.5209 0.5240 0.3592 0.3614 0.3258 0.3719 0.3661 0.4767 0.4418 0.4773 0.3910 0.4388 0.5073 0.5163 0.6181 0.6228 0.7522 0.6734 1.0000 0.6430 0.5528 0.6122 0.4430 0.4345 0.4296 0.4123 0.5015 0.5743
0.4109 0.4303 0.3880 0.4107 0.4299 0.3886 0.4788 0.4476 0.4187 0.5187 0.5754 0.6091 0.5924 0.4852 0.5317 0.5669 0.5414 0.4647 0.4801 0.5701 0.5176 0.5399 0.4457 0.6194 0.6294 0.5758 0.5410 0.6623 0.6486 0.5362 0.5919 0.5202 0.5612 0.5427 0.4927 0.5203 0.5845 0.5854 0.5882 0.5387 0.5756 0.6121 0.6193 0.5623 0.5878 0.4892 0.5976 0.5889 0.4665 0.4007 0.4121 0.4075 0.4599 0.4730 0.5344 0.4972 0.3729 0.4537 0.5530 0.5698 0.6360 0.5829 0.6974 0.7694 0.6430 1.0000 0.6042 0.6576 0.5222 0.4953 0.5757 0.4964 0.5959 0.6016
0.5173 0.4967 0.4019 0.4656 0.5313 0.4143 0.5032 0.5641 0.5171 0.6786 0.6830 0.7325 0.6534 0.6163 0.6463 0.7388 0.6836 0.5354 0.5474 0.5510 0.4788 0.5113 0.5224 0.7465 0.7569 0.6418 0.5863 0.6912 0.7041 0.5975 0.6210 0.7005 0.6790 0.6622 0.6788 0.5405 0.6375 0.6796 0.7370 0.6647 0.6305 0.6414 0.7003 0.5571 0.7092 0.6118 0.7358 0.7002 0.5869 0.5074 0.5213 0.5337 0.5594 0.5479 0.6694 0.6309 0.3649 0.4947 0.6634 0.6326 0.6469 0.7099 0.6385 0.6735 0.5528 0.6042 1.0000 0.6506 0.5585 0.7601 0.7747 0.7040 0.7222 0.7503
0.4998 0.5350 0.4558 0.5142 0.4261 0.4171 0.5545 0.4673 0.4047 0.5634 0.6648 0.5948 0.6614 0.5366 0.5535 0.6608 0.6227 0.5275 0.5506 0.6171 0.5357 0.5637 0.4752 0.7111 0.7193 0.6026 0.5690 0.6992 0.6859 0.5606 0.6489 0.6027 0.6438 0.6353 0.5850 0.6824 0.6277 0.6860 0.7167 0.6906 0.6291 0.6706 0.6489 0.5793 0.7110 0.6539 0.7315 0.7047 0.5629 0.5067 0.4936 0.5389 0.5311 0.5490 0.6303 0.5980 0.3756 0.4744 0.6091 0.6203 0.6816 0.6415 0.7632 0.6876 0.6122 0.6576 0.6506 1.0000 0.5845 0.4885 0.6995 0.5766 0.6904 0.6478
0.4618 0.4978 0.3855 0.4515 0.2616 0.3991 0.4796 0.2398 0.1646 0.5137 0.5972 0.5395 0.5487 0.2756 0.3110 0.6993 0.6629 0.4772 0.4408 0.4183 0.4038 0.2700 0.2192 0.6161 0.6792 0.4506 0.4078 0.5666 0.5512 0.3387 0.3756 0.4525 0.3607 0.3597 0.5277 0.5554 0.5798 0.5129 0.5417 0.5422 0.5323 0.5738 0.5244 0.5099 0.5853 0.4806 0.5109 0.5052 0.5422 0.4659 0.4146 0.4408 0.4415 0.4573 0.5592 0.5448 0.3158 0.3706 0.4810 0.4915 0.4349 0.3589 0.5372 0.6079 0.4430 0.5222 0.5585 0.5845 1.0000 0.5321 0.6437 0.5907 0.5224 0.5200
0.4157 0.4805 0.3269 0.4044 0.3419 0.3421 0.4671 0.4392 0.3534 0.5608 0.6598 0.6684 0.6445 0.4351 0.4784 0.6848 0.7478 0.4703 0.4747 0.4711 0.4378 0.3674 0.3624 0.6350 0.7040 0.5875 0.5091 0.6189 0.6305 0.4606 0.5031 0.5385 0.5028 0.4734 0.6711 0.4633 0.6045 0.6357 0.5896 0.5467 0.5284 0.5622 0.6089 0.4851 0.5952 0.5249 0.5780 0.5549 0.5067 0.4728 0.4094 0.4418 0.4478 0.4707 0.5691 0.5615 0.3184 0.4323 0.5115 0.5335 0.4479 0.5624 0.4416 0.5194 0.4345 0.4953 0.7601 0.4885 0.5321 1.0000 0.6487 0.7210 0.6235 0.6693
0.5576 0.4738 0.3476 0.4174 0.5288 0.3490 0.4368 0.5929 0.5507 0.6450 0.6665 0.6529 0.6451 0.6270 0.6200 0.8708 0.7049 0.4849 0.5482 0.4293 0.3953 0.5005 0.4948 0.8714 0.8563 0.5944 0.5213 0.6351 0.6391 0.4205 0.5281 0.6292 0.6446 0.6586 0.6228 0.6211 0.6530 0.6856 0.7255 0.6995 0.6655 0.6642 0.6804 0.5941 0.7127 0.6541 0.7703 0.7102 0.6107 0.5030 0.4955 0.5206 0.5639 0.4766 0.8028 0.6193 0.1903 0.3521 0.5537 0.5584 0.5667 0.5906 0.6415 0.6508 0.4296 0.5757 0.7747 0.6995 0.6437 0.6487 1.0000 0.7944 0.7713 0.7424
0.5054 0.5609 0.4151 0.5257 0.3923 0.4072 0.5443 0.4375 0.3447 0.5870 0.7052 0.6337 0.7047 0.4683 0.5222 0.7345 0.7579 0.5159 0.5343 0.4364 0.4527 0.4459 0.4426 0.7099 0.8243 0.5452 0.5095 0.6113 0.6074 0.4030 0.4667 0.5741 0.5424 0.4836 0.7066 0.6124 0.7115 0.6983 0.6943 0.6997 0.6300 0.7091 0.6675 0.6999 0.6699 0.6889 0.6490 0.6844 0.5471 0.5847 0.4836 0.5510 0.4855 0.5595 0.6341 0.7045 0.2979 0.4949 0.5378 0.5533 0.5117 0.5926 0.5402 0.6115 0.4123 0.4964 0.7040 0.5766 0.5907 0.7210 0.7944 1.0000 0.7332 0.8444
0.3905 0.3933 0.4431 0.4903 0.4302 0.3768 0.4842 0.5791 0.4381 0.5080 0.5923 0.7171 0.6800 0.6111 0.5787 0.6570 0.5708 0.4357 0.4496 0.6431 0.6125 0.6750 0.5724 0.7099 0.6956 0.6910 0.6231 0.6241 0.5968 0.6271 0.6728 0.6574 0.6396 0.5820 0.6966 0.6738 0.7043 0.7206 0.7221 0.6994 0.6311 0.6819 0.7714 0.6390 0.7312 0.6882 0.7030 0.6798 0.4415 0.3699 0.4049 0.4508 0.4715 0.5438 0.5931 0.5323 0.5285 0.5683 0.5607 0.5941 0.6336 0.6653 0.6290 0.6408 0.5015 0.5959 0.7222 0.6904 0.5224 0.6235 0.7713 0.7332 1.0000 0.7889
0.4848 0.5028 0.4909 0.5497 0.4637 0.4987 0.5954 0.4888 0.4233 0.6083 0.7377 0.7189 0.7303 0.5031 0.6232 0.6592 0.6662 0.5506 0.5422 0.5770 0.5702 0.5715 0.5432 0.6636 0.7383 0.6251 0.6171 0.7226 0.7073 0.5932 0.6352 0.5899 0.6152 0.5355 0.7462 0.6251 0.7349 0.7260 0.7470 0.7187 0.6879 0.7415 0.7942 0.7562 0.7657 0.7424 0.7178 0.7320 0.5433 0.5169 0.5267 0.5549 0.5606 0.6406 0.6435 0.7329 0.4612 0.6391 0.6748 0.6718 0.6077 0.7057 0.6457 0.7155 0.5743 0.6016 0.7503 0.6478 0.5200 0.6693 0.7424 0.8444 0.7889 1.0000
