1.0000 0.8947 0.8011 0.6693 0.4866 0.7733 0.5005 0.4766 0.2109 0.7606 0.4733 0.7798 0.4457 0.5649 0.3373 0.7925 0.6612 0.8241 0.7853 0.7635 0.6371 0.5847 0.6125 0.3976 0.3740 0.5630 0.3596 0.8055 0.7056 0.5661 0.4690 0.5241 0.3543 0.2436 0.5739 0.6259 0.6490 0.7087 0.6145 0.6553 0.6893 0.7394 0.7290 0.6568 0.5378 0.4223 0.5699 0.5325 0.9260 0.8737 0.7554 0.6765 0.6662 0.5937 0.7693 0.4635 0.7012 0.3224 0.7112 0.6738 0.3913 0.4189 0.3254 0.4424 0.4457 0.4111 0.4426 0.3393 0.6722 0.3746 0.7524 0.5795 0.7127 0.5625
0.8947 1.0000 0.7001 0.6273 0.4228 0.6770 0.4938 0.3815 0.2170 0.6780 0.5476 0.7053 0.4842 0.4796 0.3134 0.7628 0.7080 0.7807 0.7623 0.6960 0.5782 0.5210 0.5631 0.3849 0.3749 0.5095 0.3417 0.8192 0.7291 0.5955 0.4772 0.5199 0.3832 0.2962 0.5848 0.6382 0.6580 0.7255 0.6189 0.6877 0.6855 0.7832 0.7232 0.7168 0.5223 0.4825 0.5369 0.5580 0.8781 0.9574 0.7306 0.7289 0.5929 0.6419 0.7065 0.5520 0.6566 0.4003 0.7512 0.7239 0.3775 0.4100 0.2714 0.3757 0.4264 0.3957 0.3924 0.3301 0.6254 0.3837 0.7205 0.6460 0.7146 0.6607
0.8011 0.7001 1.0000 0.8803 0.6207 0.9137 0.6741 0.5450 0.2796 0.6598 0.4311 0.7715 0.4720 0.5817 0.3832 0.6712 0.5382 0.7808 0.7349 0.9096 0.8435 0.6397 0.6565 0.4256 0.4012 0.6390 0.3907 0.6787 0.6461 0.5377 0.4669 0.5511 0.4191 0.1829 0.5916 0.5642 0.6539 0.6611 0.6464 0.6219 0.6478 0.6482 0.6747 0.5706 0.5649 0.4176 0.6309 0.5357 0.7680 0.6705 0.7624 0.6668 0.6974 0.6066 0.7267 0.4222 0.7179 0.4489 0.6963 0.6516 0.3635 0.3901 0.3076 0.5063 0.4128 0.4306 0.4640 0.3392 0.6208 0.3612 0.6731 0.5008 0.6286 0.5010
0.6693 0.6273 0.8803 1.0000 0.5674 0.8756 0.8509 0.4109 0.2049 0.5564 0.4727 0.6784 0.5151 0.4342 0.3040 0.6095 0.5005 0.7178 0.7466 0.8369 0.8917 0.5364 0.5546 0.4363 0.3824 0.5725 0.3837 0.6482 0.6773 0.5241 0.5119 0.5421 0.4556 0.1133 0.6090 0.5464 0.6631 0.6233 0.6518 0.6011 0.5915 0.5803 0.6015 0.5154 0.5535 0.3912 0.6366 0.4979 0.6753 0.5809 0.7216 0.6871 0.6538 0.6865 0.6894 0.5036 0.6310 0.5524 0.6878 0.6931 0.3309 0.3739 0.2484 0.4602 0.3539 0.4066 0.4861 0.4140 0.5904 0.3554 0.6123 0.4711 0.5202 0.4643
0.4866 0.4228 0.6207 0.5674 1.0000 0.5224 0.3693 0.8318 0.7840 0.5074 0.5728 0.6414 0.7062 0.7419 0.8728 0.5415 0.6125 0.3572 0.3638 0.6750 0.7023 0.7676 0.7969 0.5067 0.6855 0.7610 0.6766 0.5048 0.5790 0.4937 0.4791 0.3594 0.4027 0.5000 0.4294 0.4224 0.4567 0.3718 0.5269 0.4869 0.4123 0.3520 0.4408 0.4080 0.3867 0.2736 0.5505 0.5752 0.5139 0.4233 0.3653 0.2619 0.4522 0.4431 0.5094 0.4869 0.3582 0.1704 0.4292 0.3818 0.6214 0.7346 0.4167 0.8013 0.6204 0.7398 0.5704 0.5212 0.5754 0.4897 0.4997 0.5105 0.3574 0.4604
0.7733 0.6770 0.9137 0.8756 0.5224 1.0000 0.7964 0.3936 0.1355 0.7378 0.5273 0.8284 0.5200 0.4294 0.2482 0.6724 0.5195 0.8268 0.8014 0.8271 0.8129 0.4985 0.5257 0.4226 0.3477 0.5517 0.3347 0.7226 0.7140 0.5486 0.5203 0.5678 0.4499 0.0827 0.6345 0.5781 0.6594 0.6419 0.6736 0.6397 0.6336 0.6146 0.6686 0.5360 0.6396 0.4752 0.6883 0.5432 0.7733 0.6179 0.8032 0.7040 0.7834 0.7093 0.7817 0.5096 0.6935 0.5041 0.7236 0.6980 0.3431 0.3803 0.2824 0.4393 0.4020 0.4018 0.4996 0.4088 0.6590 0.3331 0.6911 0.5110 0.6226 0.5014
0.5005 0.4938 0.6741 0.8509 0.3693 0.7964 1.0000 0.1835 0.0331 0.4958 0.5332 0.5863 0.5388 0.2201 0.1003 0.4746 0.3879 0.6472 0.7154 0.5899 0.7113 0.2556 0.2669 0.3622 0.2485 0.3353 0.2441 0.5695 0.6494 0.4375 0.5006 0.4925 0.3915 -0.0047 0.5008 0.4299 0.5410 0.4857 0.5478 0.5044 0.4455 0.4221 0.4521 0.3886 0.5547 0.3893 0.6111 0.4390 0.5352 0.4103 0.6647 0.6646 0.6572 0.7809 0.6144 0.5717 0.4945 0.6297 0.5874 0.6282 0.2086 0.2262 0.2531 0.2880 0.2494 0.2653 0.4555 0.4559 0.5185 0.2539 0.4778 0.3818 0.3843 0.3586
0.4766 0.3815 0.5450 0.4109 0.8318 0.3936 0.1835 1.0000 0.7230 0.4516 0.3555 0.5915 0.4994 0.9289 0.7955 0.5107 0.5000 0.2780 0.2819 0.5721 0.5481 0.7797 0.7082 0.5217 0.6084 0.7360 0.6323 0.4011 0.4580 0.3457 0.2925 0.2286 0.2305 0.5823 0.3202 0.3603 0.3669 0.3134 0.4062 0.3611 0.3594 0.2960 0.3828 0.3664 0.2487 0.0659 0.4263 0.4365 0.4671 0.3941 0.2398 0.1409 0.3081 0.3073 0.4178 0.3428 0.2323 -0.0189 0.2857 0.2324 0.6398 0.6556 0.4969 0.7605 0.6547 0.6799 0.5235 0.4298 0.5052 0.4519 0.4286 0.3875 0.2630 0.2723
0.2109 0.2170 0.2796 0.2049 0.7840 0.1355 0.0331 0.7230 1.0000 0.2761 0.4232 0.3385 0.5434 0.6044 0.8929 0.3237 0.5083 0.0822 0.0605 0.3649 0.3708 0.5948 0.5490 0.4088 0.6741 0.5395 0.5855 0.2603 0.3531 0.3601 0.3103 0.1712 0.2681 0.4911 0.1553 0.2123 0.1716 0.1133 0.2491 0.2764 0.1685 0.1087 0.1909 0.2246 0.1536 0.1696 0.2950 0.4480 0.2257 0.2497 0.0665 0.0029 0.1770 0.1802 0.2123 0.3499 0.0769 -0.0087 0.1691 0.1101 0.4396 0.6131 0.2855 0.6523 0.4299 0.6037 0.3951 0.3988 0.3544 0.4373 0.2329 0.4036 0.1121 0.3469
0.7606 0.6780 0.6598 0.5564 0.5074 0.7378 0.4958 0.4516 0.2761 1.0000 0.6769 0.9017 0.6286 0.5227 0.4004 0.7884 0.7139 0.7455 0.6893 0.6789 0.5974 0.5400 0.5438 0.5051 0.4982 0.6113 0.4954 0.7976 0.7614 0.5737 0.4762 0.4942 0.3506 0.2578 0.5492 0.5992 0.5806 0.5942 0.5452 0.5981 0.6074 0.5907 0.6596 0.5583 0.6028 0.5153 0.5993 0.5565 0.7808 0.6469 0.6684 0.5163 0.7482 0.5897 0.8103 0.5854 0.6205 0.3464 0.6390 0.5944 0.4826 0.5241 0.4148 0.4961 0.5629 0.5005 0.4645 0.3793 0.7335 0.4808 0.7592 0.6596 0.6818 0.6013
0.4733 0.5476 0.4311 0.4727 0.5728 0.5273 0.5332 0.3555 0.4232 0.6769 1.0000 0.6798 0.8816 0.3633 0.5206 0.6308 0.7719 0.5054 0.5155 0.5085 0.5552 0.4484 0.4831 0.5051 0.6246 0.5337 0.5542 0.7060 0.7607 0.5841 0.5950 0.4545 0.4456 0.3269 0.5102 0.5246 0.5432 0.4846 0.5381 0.6068 0.5181 0.4671 0.5086 0.4979 0.5898 0.5730 0.5992 0.6399 0.5902 0.5162 0.5251 0.4844 0.6015 0.6456 0.6472 0.7690 0.4295 0.4218 0.6088 0.6054 0.4449 0.5486 0.3157 0.4886 0.4769 0.5463 0.4725 0.5104 0.6527 0.4927 0.6127 0.6813 0.5174 0.6824
0.7798 0.7053 0.7715 0.6784 0.6414 0.8284 0.5863 0.5915 0.3385 0.9017 0.6798 1.0000 0.6736 0.6558 0.4740 0.7925 0.7023 0.7413 0.7111 0.7877 0.7285 0.6394 0.6297 0.5571 0.5430 0.6991 0.5608 0.7933 0.7850 0.6043 0.5151 0.5107 0.4239 0.3588 0.6232 0.6613 0.6632 0.6439 0.6664 0.6841 0.6643 0.6361 0.7085 0.6352 0.6467 0.4817 0.6974 0.6280 0.8215 0.6706 0.7175 0.5671 0.7839 0.6670 0.8255 0.6199 0.6436 0.3743 0.6989 0.6547 0.5554 0.5772 0.4428 0.5815 0.6269 0.5809 0.5613 0.4607 0.7677 0.5242 0.7863 0.6702 0.6783 0.6031
0.4457 0.4842 0.4720 0.5151 0.7062 0.5200 0.5388 0.4994 0.5434 0.6286 0.8816 0.6736 1.0000 0.4804 0.6724 0.5811 0.7278 0.4472 0.4697 0.5628 0.6111 0.5186 0.5426 0.5256 0.6597 0.6333 0.6431 0.6555 0.7291 0.5131 0.5244 0.3891 0.4085 0.4207 0.4527 0.4658 0.4894 0.4082 0.5037 0.5309 0.4315 0.3763 0.4257 0.4107 0.5045 0.4371 0.5705 0.5668 0.5335 0.4451 0.4373 0.3652 0.5368 0.5763 0.6142 0.7246 0.3638 0.3331 0.5043 0.4972 0.5686 0.6356 0.4281 0.6193 0.5819 0.6534 0.5291 0.5782 0.6341 0.5198 0.5736 0.6194 0.4371 0.5785
0.5649 0.4796 0.5817 0.4342 0.7419 0.4294 0.2201 0.9289 0.6044 0.5227 0.3633 0.6558 0.4804 1.0000 0.7133 0.5944 0.5499 0.3758 0.3915 0.6251 0.5726 0.8032 0.7235 0.5691 0.5982 0.7607 0.6382 0.4974 0.5161 0.3771 0.3157 0.2981 0.2265 0.6028 0.3709 0.4577 0.4389 0.4228 0.4581 0.4503 0.4612 0.4187 0.4444 0.4665 0.3250 0.1068 0.4644 0.4712 0.5471 0.4835 0.3272 0.2350 0.3608 0.3412 0.5150 0.3510 0.3375 0.0173 0.3821 0.3535 0.6715 0.5983 0.5649 0.6840 0.6671 0.6213 0.5275 0.4031 0.5693 0.4973 0.5388 0.4620 0.3906 0.3238
0.3373 0.3134 0.3832 0.3040 0.8728 0.2482 0.1003 0.7955 0.8929 0.4004 0.5206 0.4740 0.6724 0.7133 1.0000 0.4482 0.6203 0.1842 0.1693 0.4826 0.4730 0.7228 0.6956 0.5049 0.7638 0.6732 0.6862 0.3802 0.4462 0.4071 0.3671 0.2526 0.3149 0.5596 0.2741 0.3301 0.2855 0.2161 0.3542 0.3772 0.2946 0.2075 0.2862 0.2977 0.2458 0.2093 0.3942 0.5058 0.3524 0.3359 0.1835 0.0809 0.2799 0.2433 0.3584 0.3984 0.1959 0.0271 0.2807 0.2328 0.5768 0.7104 0.4094 0.7565 0.5646 0.7052 0.4782 0.4574 0.4649 0.5253 0.3868 0.5060 0.2596 0.4342
0.7925 0.7628 0.6712 0.6095 0.5415 0.6724 0.4746 0.5107 0.3237 0.7884 0.6308 0.7925 0.5811 0.5944 0.4482 1.0000 0.8712 0.7209 0.7249 0.7262 0.6861 0.7093 0.6809 0.7547 0.6991 0.7506 0.6555 0.8482 0.8423 0.6507 0.5590 0.6350 0.5249 0.3693 0.6608 0.7411 0.7169 0.7074 0.7014 0.7615 0.7502 0.6835 0.7315 0.6506 0.6312 0.4968 0.6985 0.6562 0.8608 0.7675 0.6666 0.5967 0.6154 0.5979 0.8156 0.6576 0.6017 0.3172 0.7568 0.7433 0.5190 0.5627 0.4279 0.5584 0.5930 0.5659 0.5637 0.4561 0.8918 0.7261 0.9048 0.8273 0.7236 0.7117
0.6612 0.7080 0.5382 0.5005 0.6125 0.5195 0.3879 0.5000 0.5083 0.7139 0.7719 0.7023 0.7278 0.5499 0.6203 0.8712 1.0000 0.5919 0.6123 0.6402 0.6216 0.6613 0.6647 0.6815 0.7930 0.7154 0.7086 0.8158 0.8321 0.6549 0.5868 0.5761 0.5016 0.4420 0.5586 0.6592 0.6283 0.6018 0.6103 0.7149 0.6569 0.5941 0.5999 0.5936 0.5724 0.5411 0.6281 0.6935 0.7498 0.7242 0.5535 0.4952 0.5522 0.5448 0.7264 0.7348 0.5145 0.2889 0.6953 0.6797 0.5115 0.6225 0.4169 0.6047 0.5678 0.6164 0.5261 0.4886 0.8024 0.7578 0.7931 0.8521 0.6563 0.7637
0.8241 0.7807 0.7808 0.7178 0.3572 0.8268 0.6472 0.2780 0.0822 0.7455 0.5054 0.7413 0.4472 0.3758 0.1842 0.7209 0.5919 1.0000 0.8879 0.7573 0.6708 0.4212 0.4550 0.3621 0.2943 0.4719 0.3144 0.7980 0.7449 0.5752 0.4802 0.5833 0.3528 0.0607 0.5810 0.5967 0.6566 0.6880 0.5794 0.6221 0.6509 0.6559 0.6442 0.5295 0.5836 0.5089 0.5881 0.5086 0.7950 0.7502 0.8129 0.7531 0.7351 0.6642 0.7668 0.5021 0.7058 0.5274 0.7752 0.7447 0.2790 0.3349 0.2909 0.3087 0.3660 0.3007 0.3869 0.3115 0.6451 0.3601 0.7139 0.5918 0.6844 0.5827
0.7853 0.7623 0.7349 0.7466 0.3638 0.8014 0.7154 0.2819 0.0605 0.6893 0.5155 0.7111 0.4697 0.3915 0.1693 0.7249 0.6123 0.8879 1.0000 0.6963 0.6992 0.4214 0.4409 0.4108 0.3176 0.4745 0.3282 0.7943 0.7859 0.5201 0.5196 0.6376 0.3802 0.0442 0.5962 0.6099 0.6539 0.6843 0.6266 0.6530 0.6559 0.6559 0.6095 0.5510 0.6283 0.4912 0.6592 0.5282 0.8059 0.7133 0.7688 0.7546 0.6995 0.6878 0.7713 0.5402 0.6124 0.4522 0.7555 0.7877 0.3006 0.3018 0.3388 0.3060 0.3563 0.2745 0.4415 0.3714 0.6895 0.3790 0.7329 0.5754 0.6766 0.5341
0.7635 0.6960 0.9096 0.8369 0.6750 0.8271 0.5899 0.5721 0.3649 0.6789 0.5085 0.7877 0.5628 0.6251 0.4826 0.7262 0.6402 0.7573 0.6963 1.0000 0.9206 0.7217 0.7179 0.4808 0.5040 0.7601 0.5768 0.7647 0.7440 0.6415 0.5400 0.5455 0.4473 0.3159 0.6151 0.6089 0.7075 0.6738 0.6872 0.6829 0.6568 0.6598 0.6591 0.5801 0.5795 0.4439 0.6468 0.5968 0.7602 0.6855 0.6923 0.5980 0.6481 0.5521 0.7681 0.5055 0.7262 0.4184 0.7515 0.6944 0.5027 0.5274 0.3272 0.5648 0.5151 0.5515 0.5029 0.3904 0.6735 0.4933 0.7337 0.6046 0.6638 0.5893
0.6371 0.5782 0.8435 0.8917 0.7023 0.8129 0.7113 0.5481 0.3708 0.5974 0.5552 0.7285 0.6111 0.5726 0.4730 0.6861 0.6216 0.6708 0.6992 0.9206 1.0000 0.6803 0.6792 0.5474 0.5494 0.7549 0.6337 0.6987 0.7615 0.5801 0.5675 0.5601 0.4836 0.2617 0.5950 0.5611 0.6805 0.5962 0.6814 0.6399 0.5893 0.5506 0.5668 0.4953 0.5720 0.3982 0.6872 0.5844 0.6701 0.5508 0.6302 0.5755 0.6064 0.6171 0.7167 0.5780 0.5992 0.4513 0.6949 0.6860 0.4802 0.5186 0.3358 0.5929 0.4966 0.5480 0.5389 0.4606 0.6838 0.5369 0.6834 0.5788 0.5329 0.5325
0.5847 0.5210 0.6397 0.5364 0.7676 0.4985 0.2556 0.7797 0.5948 0.5400 0.4484 0.6394 0.5186 0.8032 0.7228 0.7093 0.6613 0.4212 0.4214 0.7217 0.6803 1.0000 0.9098 0.6781 0.7334 0.8582 0.7199 0.5826 0.5903 0.5538 0.4854 0.4945 0.4869 0.5241 0.5357 0.5649 0.5551 0.5082 0.6113 0.6157 0.5854 0.5218 0.5797 0.5613 0.4355 0.2689 0.5552 0.5821 0.6222 0.5589 0.4396 0.3488 0.4216 0.3832 0.5837 0.4026 0.4827 0.1359 0.5520 0.5140 0.6497 0.6595 0.4382 0.6669 0.5966 0.6381 0.5425 0.4168 0.6472 0.5750 0.6604 0.6127 0.5132 0.5094
0.6125 0.5631 0.6565 0.5546 0.7969 0.5257 0.2669 0.7082 0.5490 0.5438 0.4831 0.6297 0.5426 0.7235 0.6956 0.6809 0.6647 0.4550 0.4409 0.7179 0.6792 0.9098 1.0000 0.5734 0.6673 0.8581 0.6960 0.5960 0.5886 0.5196 0.4695 0.4912 0.4664 0.4802 0.5094 0.5327 0.5340 0.4997 0.5733 0.5782 0.5616 0.5285 0.5846 0.5350 0.4179 0.2900 0.5133 0.5372 0.6402 0.5938 0.4742 0.3797 0.4330 0.3920 0.5873 0.4134 0.5120 0.1667 0.5486 0.5090 0.6414 0.6643 0.3823 0.6670 0.5853 0.6297 0.4967 0.3853 0.6216 0.5060 0.6519 0.5920 0.5229 0.5269
0.3976 0.3849 0.4256 0.4363 0.5067 0.4226 0.3622 0.5217 0.4088 0.5051 0.5051 0.5571 0.5256 0.5691 0.5049 0.7547 0.6815 0.3621 0.4108 0.4808 0.5474 0.6781 0.5734 1.0000 0.8687 0.7090 0.7225 0.5199 0.6153 0.4610 0.4085 0.5685 0.6213 0.4229 0.4631 0.5413 0.4725 0.4043 0.5320 0.5822 0.5016 0.3486 0.4607 0.4321 0.4123 0.2750 0.5817 0.5452 0.4937 0.3912 0.3784 0.3197 0.3837 0.4530 0.5593 0.5687 0.2980 0.1955 0.4681 0.4807 0.4833 0.5419 0.4821 0.5962 0.4966 0.5466 0.5561 0.4579 0.7495 0.8115 0.7052 0.7360 0.4170 0.5163
0.3740 0.3749 0.4012 0.3824 0.6855 0.3477 0.2485 0.6084 0.6741 0.4982 0.6246 0.5430 0.6597 0.5982 0.7638 0.6991 0.7930 0.2943 0.3176 0.5040 0.5494 0.7334 0.6673 0.8687 1.0000 0.7425 0.7990 0.5208 0.6179 0.5328 0.4817 0.5005 0.6061 0.4957 0.4406 0.5146 0.4525 0.3554 0.5197 0.5869 0.4758 0.3184 0.4166 0.4149 0.3958 0.3447 0.5541 0.6289 0.4632 0.4007 0.3172 0.2244 0.3744 0.3724 0.5183 0.5794 0.2885 0.1319 0.4540 0.4346 0.5121 0.6591 0.4317 0.7151 0.5269 0.6631 0.5636 0.5075 0.7044 0.8317 0.6447 0.7672 0.4060 0.5998
0.5630 0.5095 0.6390 0.5725 0.7610 0.5517 0.3353 0.7360 0.5395 0.6113 0.5337 0.6991 0.6333 0.7607 0.6732 0.7506 0.7154 0.4719 0.4745 0.7601 0.7549 0.8582 0.8581 0.7090 0.7425 1.0000 0.8803 0.6512 0.7004 0.4960 0.4255 0.4530 0.4347 0.5234 0.4925 0.5481 0.5468 0.4913 0.5642 0.5637 0.5525 0.4819 0.5411 0.4963 0.4405 0.2786 0.5581 0.5293 0.6097 0.5149 0.4256 0.3143 0.4324 0.4062 0.6491 0.5446 0.4469 0.1729 0.5357 0.5072 0.7308 0.7074 0.4971 0.7245 0.7105 0.7170 0.5618 0.4367 0.7180 0.6856 0.7007 0.6551 0.4864 0.5163
0.3596 0.3417 0.3907 0.3837 0.6766 0.3347 0.2441 0.6323 0.5855 0.4954 0.5542 0.5608 0.6431 0.6382 0.6862 0.6555 0.7086 0.3144 0.3282 0.5768 0.6337 0.7199 0.6960 0.7225 0.7990 0.8803 1.0000 0.5396 0.6544 0.4533 0.3805 0.3763 0.3712 0.5038 0.3457 0.4491 0.4291 0.3376 0.4255 0.4535 0.4124 0.3052 0.3702 0.3667 0.3399 0.2254 0.4843 0.4842 0.4313 0.3517 0.2668 0.1668 0.3367 0.3564 0.5370 0.6017 0.2958 0.1745 0.4207 0.4011 0.6323 0.6911 0.4804 0.6876 0.6510 0.6811 0.5019 0.4269 0.6501 0.7844 0.5928 0.6658 0.3427 0.4892
0.8055 0.8192 0.6787 0.6482 0.5048 0.7226 0.5695 0.4011 0.2603 0.7976 0.7060 0.7933 0.6555 0.4974 0.3802 0.8482 0.8158 0.7980 0.7943 0.7647 0.6987 0.5826 0.5960 0.5199 0.5208 0.6512 0.5396 1.0000 0.9382 0.7625 0.6816 0.5906 0.4425 0.3491 0.6814 0.7330 0.7523 0.7495 0.7022 0.7703 0.7404 0.7385 0.7026 0.6518 0.6747 0.5889 0.6822 0.6742 0.8536 0.7943 0.7273 0.6397 0.6791 0.6281 0.8361 0.6744 0.7034 0.4296 0.8464 0.8249 0.5467 0.5671 0.4020 0.4809 0.5867 0.5387 0.5842 0.5265 0.8000 0.5334 0.8152 0.7356 0.7561 0.7312
0.7056 0.7291 0.6461 0.6773 0.5790 0.7140 0.6494 0.4580 0.3531 0.7614 0.7607 0.7850 0.7291 0.5161 0.4462 0.8423 0.8321 0.7449 0.7859 0.7440 0.7615 0.5903 0.5886 0.6153 0.6179 0.7004 0.6544 0.9382 1.0000 0.7630 0.7326 0.6189 0.5024 0.3596 0.6586 0.6896 0.7239 0.6664 0.7152 0.7564 0.6739 0.6284 0.6402 0.5835 0.6802 0.5699 0.7450 0.7149 0.7861 0.6987 0.6734 0.6030 0.6765 0.6842 0.8149 0.7657 0.6004 0.4585 0.8069 0.7985 0.5536 0.6240 0.4326 0.5709 0.6120 0.6118 0.6508 0.6175 0.8393 0.6152 0.7847 0.7557 0.6482 0.7146
0.5661 0.5955 0.5377 0.5241 0.4937 0.5486 0.4375 0.3457 0.3601 0.5737 0.5841 0.6043 0.5131 0.3771 0.4071 0.6507 0.6549 0.5752 0.5201 0.6415 0.5801 0.5538 0.5196 0.4610 0.5328 0.4960 0.4533 0.7625 0.7630 1.0000 0.8449 0.5933 0.5384 0.2917 0.6881 0.6663 0.7063 0.6114 0.7197 0.7603 0.6393 0.5678 0.5949 0.5426 0.5965 0.5977 0.6724 0.7487 0.6292 0.6122 0.6007 0.4853 0.6004 0.5388 0.6684 0.5501 0.6673 0.4611 0.8127 0.7218 0.4164 0.5704 0.2459 0.4422 0.4167 0.5134 0.6056 0.5782 0.6533 0.4580 0.6359 0.6745 0.6571 0.7418
0.4690 0.4772 0.4669 0.5119 0.4791 0.5203 0.5006 0.2925 0.3103 0.4762 0.5950 0.5151 0.5244 0.3157 0.3671 0.5590 0.5868 0.4802 0.5196 0.5400 0.5675 0.4854 0.4695 0.4085 0.4817 0.4255 0.3805 0.6816 0.7326 0.8449 1.0000 0.6135 0.5535 0.2219 0.6958 0.6343 0.6618 0.5538 0.7528 0.7612 0.5922 0.4873 0.4979 0.4674 0.6635 0.6097 0.7365 0.7884 0.5347 0.4518 0.5161 0.4273 0.5253 0.4885 0.5924 0.4742 0.5039 0.3546 0.7334 0.7221 0.4086 0.5331 0.2411 0.4204 0.3435 0.4615 0.6737 0.7111 0.6447 0.3712 0.5550 0.5447 0.5424 0.6272
0.5241 0.5199 0.5511 0.5421 0.3594 0.5678 0.4925 0.2286 0.1712 0.4942 0.4545 0.5107 0.3891 0.2981 0.2526 0.6350 0.5761 0.5833 0.6376 0.5455 0.5601 0.4945 0.4912 0.5685 0.5005 0.4530 0.3763 0.5906 0.6189 0.5933 0.6135 1.0000 0.7068 0.1026 0.5714 0.5485 0.5505 0.5090 0.6601 0.7197 0.5798 0.4855 0.5315 0.4750 0.6173 0.5516 0.7352 0.7003 0.6228 0.5215 0.6209 0.5827 0.5628 0.5327 0.6116 0.4624 0.5158 0.3619 0.6721 0.6765 0.2624 0.3706 0.3255 0.3521 0.2419 0.2946 0.4915 0.4185 0.6495 0.4621 0.6735 0.6399 0.6255 0.5856
0.3543 0.3832 0.4191 0.4556 0.4027 0.4499 0.3915 0.2305 0.2681 0.3506 0.4456 0.4239 0.4085 0.2265 0.3149 0.5249 0.5016 0.3528 0.3802 0.4473 0.4836 0.4869 0.4664 0.6213 0.6061 0.4347 0.3712 0.4425 0.5024 0.5384 0.5535 0.7068 1.0000 0.2818 0.5409 0.4618 0.4568 0.3534 0.6528 0.6801 0.4261 0.3511 0.4286 0.4053 0.4739 0.4544 0.6240 0.6690 0.4664 0.3851 0.4076 0.3887 0.3698 0.4144 0.4286 0.4271 0.2928 0.2008 0.5065 0.4914 0.3286 0.4593 0.1998 0.4347 0.2507 0.4108 0.5368 0.5182 0.5518 0.4713 0.5567 0.6090 0.3965 0.5379
0.2436 0.2962 0.1829 0.1133 0.5000 0.0827 -0.0047 0.5823 0.4911 0.2578 0.3269 0.3588 0.4207 0.6028 0.5596 0.3693 0.4420 0.0607 0.0442 0.3159 0.2617 0.5241 0.4802 0.4229 0.4957 0.5234 0.5038 0.3491 0.3596 0.2917 0.2219 0.1026 0.2818 1.0000 0.1894 0.2523 0.2251 0.1820 0.2797 0.3067 0.1948 0.1995 0.2266 0.2929 0.1657 0.1040 0.2310 0.3645 0.2810 0.2988 0.0274 -0.0215 0.0413 0.1045 0.2050 0.3197 0.0796 -0.0910 0.1666 0.1279 0.6782 0.5913 0.4716 0.5760 0.6454 0.6492 0.4287 0.4090 0.3221 0.3835 0.3000 0.3894 0.1764 0.3442
0.5739 0.5848 0.5916 0.6090 0.4294 0.6345 0.5008 0.3202 0.1553 0.5492 0.5102 0.6232 0.4527 0.3709 0.2741 0.6608 0.5586 0.5810 0.5962 0.6151 0.5950 0.5357 0.5094 0.4631 0.4406 0.4925 0.3457 0.6814 0.6586 0.6881 0.6958 0.5714 0.5409 0.1894 1.0000 0.8987 0.9090 0.8353 0.9129 0.8602 0.8595 0.7363 0.7604 0.6649 0.7623 0.6299 0.7757 0.7154 0.6742 0.5760 0.6644 0.5928 0.5521 0.5288 0.6128 0.4281 0.5035 0.3024 0.8296 0.8148 0.4061 0.4253 0.2103 0.3269 0.4117 0.3888 0.5559 0.4956 0.6837 0.4214 0.6902 0.6259 0.6681 0.6486
0.6259 0.6382 0.5642 0.5464 0.4224 0.5781 0.4299 0.3603 0.2123 0.5992 0.5246 0.6613 0.4658 0.4577 0.3301 0.7411 0.6592 0.5967 0.6099 0.6089 0.5611 0.5649 0.5327 0.5413 0.5146 0.5481 0.4491 0.7330 0.6896 0.6663 0.6343 0.5485 0.4618 0.2523 0.8987 1.0000 0.8772 0.8998 0.8104 0.8515 0.8991 0.7940 0.7937 0.7420 0.7406 0.6261 0.7255 0.6902 0.6991 0.6379 0.6610 0.5646 0.5595 0.5141 0.6635 0.4781 0.5362 0.3065 0.8154 0.8255 0.4269 0.4287 0.2817 0.3331 0.4565 0.3818 0.5738 0.4745 0.7453 0.5583 0.7566 0.7191 0.7198 0.6975
0.6490 0.6580 0.6539 0.6631 0.4567 0.6594 0.5410 0.3669 0.1716 0.5806 0.5432 0.6632 0.4894 0.4389 0.2855 0.7169 0.6283 0.6566 0.6539 0.7075 0.6805 0.5551 0.5340 0.4725 0.4525 0.5468 0.4291 0.7523 0.7239 0.7063 0.6618 0.5505 0.4568 0.2251 0.9090 0.8772 1.0000 0.9116 0.8508 0.8504 0.9043 0.8086 0.7501 0.6844 0.6939 0.5577 0.7392 0.6862 0.7323 0.6620 0.7242 0.6706 0.5921 0.5796 0.6816 0.5218 0.6028 0.3872 0.8874 0.8635 0.3680 0.4035 0.2516 0.3520 0.4188 0.3864 0.5133 0.4451 0.7070 0.4901 0.7358 0.6598 0.7048 0.6768
0.7087 0.7255 0.6611 0.6233 0.3718 0.6419 0.4857 0.3134 0.1133 0.5942 0.4846 0.6439 0.4082 0.4228 0.2161 0.7074 0.6018 0.6880 0.6843 0.6738 0.5962 0.5082 0.4997 0.4043 0.3554 0.4913 0.3376 0.7495 0.6664 0.6114 0.5538 0.5090 0.3534 0.1820 0.8353 0.8998 0.9116 1.0000 0.7405 0.7884 0.9189 0.9159 0.8267 0.7845 0.6845 0.5815 0.6373 0.5971 0.7528 0.7262 0.7509 0.6981 0.5837 0.5511 0.6717 0.4652 0.6341 0.3989 0.8450 0.8551 0.3191 0.3102 0.2119 0.2452 0.3721 0.2815 0.4315 0.3375 0.6582 0.4123 0.7223 0.6259 0.7582 0.6768
0.6145 0.6189 0.6464 0.6518 0.5269 0.6736 0.5478 0.4062 0.2491 0.5452 0.5381 0.6664 0.5037 0.4581 0.3542 0.7014 0.6103 0.5794 0.6266 0.6872 0.6814 0.6113 0.5733 0.5320 0.5197 0.5642 0.4255 0.7022 0.7152 0.7197 0.7528 0.6601 0.6528 0.2797 0.9129 0.8104 0.8508 0.7405 1.0000 0.9351 0.8011 0.6981 0.7294 0.6726 0.7917 0.6023 0.8828 0.8347 0.7268 0.5991 0.6575 0.6034 0.5768 0.5630 0.6640 0.4918 0.5172 0.2668 0.8180 0.8010 0.4644 0.4938 0.2890 0.4449 0.4500 0.4726 0.6094 0.5555 0.7136 0.4665 0.7238 0.6478 0.6520 0.6431
0.6553 0.6877 0.6219 0.6011 0.4869 0.6397 0.5044 0.3611 0.2764 0.5981 0.6068 0.6841 0.5309 0.4503 0.3772 0.7615 0.7149 0.6221 0.6530 0.6829 0.6399 0.6157 0.5782 0.5822 0.5869 0.5637 0.4535 0.7703 0.7564 0.7603 0.7612 0.7197 0.6801 0.3067 0.8602 0.8515 0.8504 0.7884 0.9351 1.0000 0.8428 0.7595 0.7490 0.7291 0.8056 0.6860 0.8687 0.8912 0.7700 0.6860 0.7064 0.6568 0.6163 0.5800 0.7163 0.5602 0.5868 0.3156 0.8720 0.8594 0.4296 0.4798 0.2970 0.4099 0.4198 0.4412 0.5935 0.5254 0.7543 0.5428 0.7918 0.7621 0.7520 0.7585
0.6893 0.6855 0.6478 0.5915 0.4123 0.6336 0.4455 0.3594 0.1685 0.6074 0.5181 0.6643 0.4315 0.4612 0.2946 0.7502 0.6569 0.6509 0.6559 0.6568 0.5893 0.5854 0.5616 0.5016 0.4758 0.5525 0.4124 0.7404 0.6739 0.6393 0.5922 0.5798 0.4261 0.1948 0.8595 0.8991 0.9043 0.9189 0.8011 0.8428 1.0000 0.8588 0.8324 0.7773 0.7276 0.6013 0.7134 0.6785 0.7630 0.6936 0.7428 0.6608 0.6162 0.5323 0.7036 0.4718 0.6350 0.3358 0.8589 0.8559 0.3466 0.3566 0.2372 0.2983 0.3896 0.3258 0.4522 0.3411 0.7145 0.5027 0.7788 0.6785 0.7765 0.6890
0.7394 0.7832 0.6482 0.5803 0.3520 0.6146 0.4221 0.2960 0.1087 0.5907 0.4671 0.6361 0.3763 0.4187 0.2075 0.6835 0.5941 0.6559 0.6559 0.6598 0.5506 0.5218 0.5285 0.3486 0.3184 0.4819 0.3052 0.7385 0.6284 0.5678 0.4873 0.4855 0.3511 0.1995 0.7363 0.7940 0.8086 0.9159 0.6981 0.7595 0.8588 1.0000 0.8503 0.8674 0.6300 0.5390 0.5713 0.5701 0.7815 0.7824 0.7534 0.7197 0.5846 0.5539 0.6691 0.4513 0.6713 0.3882 0.7979 0.8018 0.3217 0.2964 0.1851 0.2305 0.3507 0.2569 0.3475 0.2486 0.5867 0.3467 0.6997 0.5918 0.7673 0.6529
0.7290 0.7232 0.6747 0.6015 0.4408 0.6686 0.4521 0.3828 0.1909 0.6596 0.5086 0.7085 0.4257 0.4444 0.2862 0.7315 0.5999 0.6442 0.6095 0.6591 0.5668 0.5797 0.5846 0.4607 0.4166 0.5411 0.3702 0.7026 0.6402 0.5949 0.4979 0.5315 0.4286 0.2266 0.7604 0.7937 0.7501 0.8267 0.7294 0.7490 0.8324 0.8503 1.0000 0.8710 0.7482 0.6323 0.6749 0.6334 0.8080 0.7209 0.7664 0.6832 0.6639 0.6000 0.6892 0.5156 0.6388 0.4053 0.7504 0.7264 0.3461 0.3875 0.2162 0.3511 0.4073 0.3708 0.4170 0.3013 0.6540 0.4017 0.7247 0.6351 0.7436 0.6798
0.6568 0.7168 0.5706 0.5154 0.4080 0.5360 0.3886 0.3664 0.2246 0.5583 0.4979 0.6352 0.4107 0.4665 0.2977 0.6506 0.5936 0.5295 0.5510 0.5801 0.4953 0.5613 0.5350 0.4321 0.4149 0.4963 0.3667 0.6518 0.5835 0.5426 0.4674 0.4750 0.4053 0.2929 0.6649 0.7420 0.6844 0.7845 0.6726 0.7291 0.7773 0.8674 0.8710 1.0000 0.6545 0.5864 0.5849 0.6270 0.7321 0.7159 0.6628 0.6301 0.5730 0.5771 0.6046 0.4996 0.5831 0.3737 0.6895 0.6953 0.3370 0.3369 0.2496 0.2898 0.3805 0.3062 0.3705 0.2734 0.5829 0.4138 0.6503 0.6105 0.6910 0.6279
0.5378 0.5223 0.5649 0.5535 0.3867 0.6396 0.5547 0.2487 0.1536 0.6028 0.5898 0.6467 0.5045 0.3250 0.2458 0.6312 0.5724 0.5836 0.6283 0.5795 0.5720 0.4355 0.4179 0.4123 0.3958 0.4405 0.3399 0.6747 0.6802 0.5965 0.6635 0.6173 0.4739 0.1657 0.7623 0.7406 0.6939 0.6845 0.7917 0.8056 0.7276 0.6300 0.7482 0.6545 1.0000 0.8065 0.8529 0.7851 0.6589 0.4860 0.6415 0.5725 0.6468 0.5507 0.6665 0.5008 0.5117 0.3536 0.7289 0.7431 0.3380 0.3478 0.2723 0.2773 0.3576 0.3293 0.4850 0.4337 0.6765 0.3872 0.6705 0.5997 0.6894 0.6324
0.4223 0.4825 0.4176 0.3912 0.2736 0.4752 0.3893 0.0659 0.1696 0.5153 0.5730 0.4817 0.4371 0.1068 0.2093 0.4968 0.5411 0.5089 0.4912 0.4439 0.3982 0.2689 0.2900 0.2750 0.3447 0.2786 0.2254 0.5889 0.5699 0.5977 0.6097 0.5516 0.4544 0.1040 0.6299 0.6261 0.5577 0.5815 0.6023 0.6860 0.6013 0.5390 0.6323 0.5864 0.8065 1.0000 0.6450 0.7358 0.5152 0.4658 0.5367 0.4727 0.5290 0.4299 0.5007 0.4389 0.4507 0.3719 0.6493 0.6295 0.1865 0.3173 0.1205 0.1856 0.2073 0.2585 0.3392 0.3479 0.5464 0.3062 0.5423 0.6057 0.6678 0.7521
0.5699 0.5369 0.6309 0.6366 0.5505 0.6883 0.6111 0.4263 0.2950 0.5993 0.5992 0.6974 0.5705 0.4644 0.3942 0.6985 0.6281 0.5881 0.6592 0.6468 0.6872 0.5552 0.5133 0.5817 0.5541 0.5581 0.4843 0.6822 0.7450 0.6724 0.7365 0.7352 0.6240 0.2310 0.7757 0.7255 0.7392 0.6373 0.8828 0.8687 0.7134 0.5713 0.6749 0.5849 0.8529 0.6450 1.0000 0.8793 0.6997 0.5066 0.6619 0.5853 0.6601 0.6173 0.7122 0.5768 0.5043 0.3271 0.7605 0.7591 0.4233 0.4975 0.3821 0.5011 0.4553 0.4838 0.6356 0.5746 0.7620 0.5156 0.7303 0.6605 0.6486 0.6325
0.5325 0.5580 0.5357 0.4979 0.5752 0.5432 0.4390 0.4365 0.4480 0.5565 0.6399 0.6280 0.5668 0.4712 0.5058 0.6562 0.6935 0.5086 0.5282 0.5968 0.5844 0.5821 0.5372 0.5452 0.6289 0.5293 0.4842 0.6742 0.7149 0.7487 0.7884 0.7003 0.6690 0.3645 0.7154 0.6902 0.6862 0.5971 0.8347 0.8912 0.6785 0.5701 0.6334 0.6270 0.7851 0.7358 0.8793 1.0000 0.6479 0.5555 0.5762 0.5150 0.5744 0.5268 0.6157 0.5676 0.4673 0.2589 0.7424 0.7128 0.4338 0.5719 0.3418 0.5145 0.4314 0.5199 0.6109 0.5871 0.7016 0.5204 0.6611 0.7193 0.6346 0.7359
0.9260 0.8781 0.7680 0.6753 0.5139 0.7733 0.5352 0.4671 0.2257 0.7808 0.5902 0.8215 0.5335 0.5471 0.3524 0.8608 0.7498 0.7950 0.8059 0.7602 0.6701 0.6222 0.6402 0.4937 0.4632 0.6097 0.4313 0.8536 0.7861 0.6292 0.5347 0.6228 0.4664 0.2810 0.6742 0.6991 0.7323 0.7528 0.7268 0.7700 0.7630 0.7815 0.8080 0.7321 0.6589 0.5152 0.6997 0.6479 1.0000 0.8823 0.8142 0.7625 0.7442 0.6925 0.8302 0.6228 0.6929 0.3714 0.7976 0.7655 0.4257 0.4591 0.3511 0.4629 0.4881 0.4562 0.4917 0.3748 0.7525 0.4630 0.8333 0.6873 0.7822 0.6577
0.8737 0.9574 0.6705 0.5809 0.4233 0.6179 0.4103 0.3941 0.2497 0.6469 0.5162 0.6706 0.4451 0.4835 0.3359 0.7675 0.7242 0.7502 0.7133 0.6855 0.5508 0.5589 0.5938 0.3912 0.4007 0.5149 0.3517 0.7943 0.6987 0.6122 0.4518 0.5215 0.3851 0.2988 0.5760 0.6379 0.6620 0.7262 0.5991 0.6860 0.6936 0.7824 0.7209 0.7159 0.4860 0.4658 0.5066 0.5555 0.8823 1.0000 0.7201 0.7436 0.5778 0.6211 0.6820 0.5659 0.6543 0.3932 0.7597 0.7145 0.3477 0.4016 0.2459 0.3690 0.4001 0.3814 0.3512 0.2799 0.6058 0.4043 0.7122 0.6654 0.7186 0.6734
0.7554 0.7306 0.7624 0.7216 0.3653 0.8032 0.6647 0.2398 0.0665 0.6684 0.5251 0.7175 0.4373 0.3272 0.1835 0.6666 0.5535 0.8129 0.7688 0.6923 0.6302 0.4396 0.4742 0.3784 0.3172 0.4256 0.2668 0.7273 0.6734 0.6007 0.5161 0.6209 0.4076 0.0274 0.6644 0.6610 0.7242 0.7509 0.6575 0.7064 0.7428 0.7534 0.7664 0.6628 0.6415 0.5367 0.6619 0.5762 0.8142 0.7201 1.0000 0.8965 0.8532 0.7582 0.7600 0.5497 0.7767 0.6391 0.8485 0.8214 0.1912 0.2528 0.2183 0.2501 0.2582 0.2377 0.3954 0.2950 0.5973 0.3325 0.6954 0.5881 0.7383 0.6268
0.6765 0.7289 0.6668 0.6871 0.2619 0.7040 0.6646 0.1409 0.0029 0.5163 0.4844 0.5671 0.3652 0.2350 0.0809 0.5967 0.4952 0.7531 0.7546 0.5980 0.5755 0.3488 0.3797 0.3197 0.2244 0.3143 0.1668 0.6397 0.6030 0.4853 0.4273 0.5827 0.3887 -0.0215 0.5928 0.5646 0.6706 0.6981 0.6034 0.6568 0.6608 0.7197 0.6832 0.6301 0.5725 0.4727 0.5853 0.5150 0.7625 0.7436 0.8965 1.0000 0.7084 0.7954 0.6481 0.5760 0.6377 0.6557 0.7853 0.7902 0.0819 0.1373 0.1694 0.1408 0.1412 0.1143 0.2734 0.2115 0.4936 0.2616 0.6027 0.5316 0.6429 0.5585
0.6662 0.5929 0.6974 0.6538 0.4522 0.7834 0.6572 0.3081 0.1770 0.7482 0.6015 0.7839 0.5368 0.3608 0.2799 0.6154 0.5522 0.7351 0.6995 0.6481 0.6064 0.4216 0.4330 0.3837 0.3744 0.4324 0.3367 0.6791 0.6765 0.6004 0.5253 0.5628 0.3698 0.0413 0.5521 0.5595 0.5921 0.5837 0.5768 0.6163 0.6162 0.5846 0.6639 0.5730 0.6468 0.5290 0.6601 0.5744 0.7442 0.5778 0.8532 0.7084 1.0000 0.7702 0.8114 0.5864 0.7645 0.6316 0.7173 0.6824 0.2429 0.3455 0.2956 0.3501 0.3227 0.3277 0.4389 0.3333 0.6135 0.3623 0.6578 0.5475 0.6781 0.5456
0.5937 0.6419 0.6066 0.6865 0.4431 0.7093 0.7809 0.3073 0.1802 0.5897 0.6456 0.6670 0.5763 0.3412 0.2433 0.5979 0.5448 0.6642 0.6878 0.5521 0.6171 0.3832 0.3920 0.4530 0.3724 0.4062 0.3564 0.6281 0.6842 0.5388 0.4885 0.5327 0.4144 0.1045 0.5288 0.5141 0.5796 0.5511 0.5630 0.5800 0.5323 0.5539 0.6000 0.5771 0.5507 0.4299 0.6173 0.5268 0.6925 0.6211 0.7582 0.7954 0.7702 1.0000 0.6851 0.7598 0.5498 0.7097 0.6706 0.6662 0.2392 0.3412 0.3194 0.3535 0.3222 0.3265 0.4360 0.4043 0.5865 0.3807 0.5835 0.5771 0.5277 0.5250
0.7693 0.7065 0.7267 0.6894 0.5094 0.7817 0.6144 0.4178 0.2123 0.8103 0.6472 0.8255 0.6142 0.5150 0.3584 0.8156 0.7264 0.7668 0.7713 0.7681 0.7167 0.5837 0.5873 0.5593 0.5183 0.6491 0.5370 0.8361 0.8149 0.6684 0.5924 0.6116 0.4286 0.2050 0.6128 0.6635 0.6816 0.6717 0.6640 0.7163 0.7036 0.6691 0.6892 0.6046 0.6665 0.5007 0.7122 0.6157 0.8302 0.6820 0.7600 0.6481 0.8114 0.6851 1.0000 0.6683 0.7605 0.4703 0.7767 0.7586 0.4604 0.4782 0.3852 0.4544 0.4988 0.4586 0.5405 0.4239 0.7903 0.5338 0.8579 0.6948 0.7817 0.6318
0.4635 0.5520 0.4222 0.5036 0.4869 0.5096 0.5717 0.3428 0.3499 0.5854 0.7690 0.6199 0.7246 0.3510 0.3984 0.6576 0.7348 0.5021 0.5402 0.5055 0.5780 0.4026 0.4134 0.5687 0.5794 0.5446 0.6017 0.6744 0.7657 0.5501 0.4742 0.4624 0.4271 0.3197 0.4281 0.4781 0.5218 0.4652 0.4918 0.5602 0.4718 0.4513 0.5156 0.4996 0.5008 0.4389 0.5768 0.5676 0.6228 0.5659 0.5497 0.5760 0.5864 0.7598 0.6683 1.0000 0.3861 0.5103 0.5957 0.5794 0.3772 0.5109 0.3905 0.5037 0.4844 0.5213 0.4615 0.4521 0.6471 0.5807 0.6182 0.7183 0.4764 0.6426
0.7012 0.6566 0.7179 0.6310 0.3582 0.6935 0.4945 0.2323 0.0769 0.6205 0.4295 0.6436 0.3638 0.3375 0.1959 0.6017 0.5145 0.7058 0.6124 0.7262 0.5992 0.4827 0.5120 0.2980 0.2885 0.4469 0.2958 0.7034 0.6004 0.6673 0.5039 0.5158 0.2928 0.0796 0.5035 0.5362 0.6028 0.6341 0.5172 0.5868 0.6350 0.6713 0.6388 0.5831 0.5117 0.4507 0.5043 0.4673 0.6929 0.6543 0.7767 0.6377 0.7645 0.5498 0.7605 0.3861 1.0000 0.6129 0.7652 0.7128 0.2399 0.2832 0.1642 0.2444 0.2723 0.2614 0.3228 0.1823 0.5222 0.3149 0.6638 0.5097 0.7696 0.5831
0.3224 0.4003 0.4489 0.5524 0.1704 0.5041 0.6297 -0.0189 -0.0087 0.3464 0.4218 0.3743 0.3331 0.0173 0.0271 0.3172 0.2889 0.5274 0.4522 0.4184 0.4513 0.1359 0.1667 0.1955 0.1319 0.1729 0.1745 0.4296 0.4585 0.4611 0.3546 0.3619 0.2008 -0.0910 0.3024 0.3065 0.3872 0.3989 0.2668 0.3156 0.3358 0.3882 0.4053 0.3737 0.3536 0.3719 0.3271 0.2589 0.3714 0.3932 0.6391 0.6557 0.6316 0.7097 0.4703 0.5103 0.6129 1.0000 0.5417 0.5344 -0.0146 0.1155 0.0823 0.0905 0.0598 0.0964 0.1869 0.1461 0.2870 0.1866 0.3295 0.3601 0.4095 0.4446
0.7112 0.7512 0.6963 0.6878 0.4292 0.7236 0.5874 0.2857 0.1691 0.6390 0.6088 0.6989 0.5043 0.3821 0.2807 0.7568 0.6953 0.7752 0.7555 0.7515 0.6949 0.5520 0.5486 0.4681 0.4540 0.5357 0.4207 0.8464 0.8069 0.8127 0.7334 0.6721 0.5065 0.1666 0.8296 0.8154 0.8874 0.8450 0.8180 0.8720 0.8589 0.7979 0.7504 0.6895 0.7289 0.6493 0.7605 0.7424 0.7976 0.7597 0.8485 0.7853 0.7173 0.6706 0.7767 0.5957 0.7652 0.5417 1.0000 0.9634 0.3412 0.4146 0.2162 0.3090 0.3832 0.3743 0.5013 0.4324 0.7191 0.4872 0.7881 0.7344 0.8172 0.7917
0.6738 0.7239 0.6516 0.6931 0.3818 0.6980 0.6282 0.2324 0.1101 0.5944 0.6054 0.6547 0.4972 0.3535 0.2328 0.7433 0.6797 0.7447 0.7877 0.6944 0.6860 0.5140 0.5090 0.4807 0.4346 0.5072 0.4011 0.8249 0.7985 0.7218 0.7221 0.6765 0.4914 0.1279 0.8148 0.8255 0.8635 0.8551 0.8010 0.8594 0.8559 0.8018 0.7264 0.6953 0.7431 0.6295 0.7591 0.7128 0.7655 0.7145 0.8214 0.7902 0.6824 0.6662 0.7586 0.5794 0.7128 0.5344 0.9634 1.0000 0.3272 0.3530 0.2164 0.2575 0.3554 0.3152 0.4966 0.4320 0.7176 0.4868 0.7754 0.7035 0.7844 0.7454
0.3913 0.3775 0.3635 0.3309 0.6214 0.3431 0.2086 0.6398 0.4396 0.4826 0.4449 0.5554 0.5686 0.6715 0.5768 0.5190 0.5115 0.2790 0.3006 0.5027 0.4802 0.6497 0.6414 0.4833 0.5121 0.7308 0.6323 0.5467 0.5536 0.4164 0.4086 0.2624 0.3286 0.6782 0.4061 0.4269 0.3680 0.3191 0.4644 0.4296 0.3466 0.3217 0.3461 0.3370 0.3380 0.1865 0.4233 0.4338 0.4257 0.3477 0.1912 0.0819 0.2429 0.2392 0.4604 0.3772 0.2399 -0.0146 0.3412 0.3272 1.0000 0.7975 0.5653 0.6582 0.8050 0.7386 0.6424 0.5751 0.5228 0.4264 0.4853 0.4490 0.3280 0.3674
0.4189 0.4100 0.3901 0.3739 0.7346 0.3803 0.2262 0.6556 0.6131 0.5241 0.5486 0.5772 0.6356 0.5983 0.7104 0.5627 0.6225 0.3349 0.3018 0.5274 0.5186 0.6595 0.6643 0.5419 0.6591 0.7074 0.6911 0.5671 0.6240 0.5704 0.5331 0.3706 0.4593 0.5913 0.4253 0.4287 0.4035 0.3102 0.4938 0.4798 0.3566 0.2964 0.3875 0.3369 0.3478 0.3173 0.4975 0.5719 0.4591 0.4016 0.2528 0.1373 0.3455 0.3412 0.4782 0.5109 0.2832 0.1155 0.4146 0.3530 0.7975 1.0000 0.4837 0.8111 0.7206 0.8239 0.6432 0.6465 0.5856 0.5056 0.5059 0.5781 0.3480 0.5484
0.3254 0.2714 0.3076 0.2484 0.4167 0.2824 0.2531 0.4969 0.2855 0.4148 0.3157 0.4428 0.4281 0.5649 0.4094 0.4279 0.4169 0.2909 0.3388 0.3272 0.3358 0.4382 0.3823 0.4821 0.4317 0.4971 0.4804 0.4020 0.4326 0.2459 0.2411 0.3255 0.1998 0.4716 0.2103 0.2817 0.2516 0.2119 0.2890 0.2970 0.2372 0.1851 0.2162 0.2496 0.2723 0.1205 0.3821 0.3418 0.3511 0.2459 0.2183 0.1694 0.2956 0.3194 0.3852 0.3905 0.1642 0.0823 0.2162 0.2164 0.5653 0.4837 1.0000 0.6140 0.6099 0.4833 0.4868 0.4240 0.4502 0.4403 0.3747 0.3912 0.2393 0.2176
0.4424 0.3757 0.5063 0.4602 0.8013 0.4393 0.2880 0.7605 0.6523 0.4961 0.4886 0.5815 0.6193 0.6840 0.7565 0.5584 0.6047 0.3087 0.3060 0.5648 0.5929 0.6669 0.6670 0.5962 0.7151 0.7245 0.6876 0.4809 0.5709 0.4422 0.4204 0.3521 0.4347 0.5760 0.3269 0.3331 0.3520 0.2452 0.4449 0.4099 0.2983 0.2305 0.3511 0.2898 0.2773 0.1856 0.5011 0.5145 0.4629 0.3690 0.2501 0.1408 0.3501 0.3535 0.4544 0.5037 0.2444 0.0905 0.3090 0.2575 0.6582 0.8111 0.6140 1.0000 0.6859 0.8498 0.6172 0.5802 0.5822 0.5491 0.4768 0.5112 0.2586 0.4212
0.4457 0.4264 0.4128 0.3539 0.6204 0.4020 0.2494 0.6547 0.4299 0.5629 0.4769 0.6269 0.5819 0.6671 0.5646 0.5930 0.5678 0.3660 0.3563 0.5151 0.4966 0.5966 0.5853 0.4966 0.5269 0.7105 0.6510 0.5867 0.6120 0.4167 0.3435 0.2419 0.2507 0.6454 0.4117 0.4565 0.4188 0.3721 0.4500 0.4198 0.3896 0.3507 0.4073 0.3805 0.3576 0.2073 0.4553 0.4314 0.4881 0.4001 0.2582 0.1412 0.3227 0.3222 0.4988 0.4844 0.2723 0.0598 0.3832 0.3554 0.8050 0.7206 0.6099 0.6859 1.0000 0.7645 0.5974 0.5038 0.5858 0.5045 0.5185 0.5007 0.3412 0.3999
0.4111 0.3957 0.4306 0.4066 0.7398 0.4018 0.2653 0.6799 0.6037 0.5005 0.5463 0.5809 0.6534 0.6213 0.7052 0.5659 0.6164 0.3007 0.2745 0.5515 0.5480 0.6381 0.6297 0.5466 0.6631 0.7170 0.6811 0.5387 0.6118 0.5134 0.4615 0.2946 0.4108 0.6492 0.3888 0.3818 0.3864 0.2815 0.4726 0.4412 0.3258 0.2569 0.3708 0.3062 0.3293 0.2585 0.4838 0.5199 0.4562 0.3814 0.2377 0.1143 0.3277 0.3265 0.4586 0.5213 0.2614 0.0964 0.3743 0.3152 0.7386 0.8239 0.4833 0.8498 0.7645 1.0000 0.6245 0.6012 0.5908 0.5181 0.4887 0.5393 0.2921 0.4867
0.4426 0.3924 0.4640 0.4861 0.5704 0.4996 0.4555 0.5235 0.3951 0.4645 0.4725 0.5613 0.5291 0.5275 0.4782 0.5637 0.5261 0.3869 0.4415 0.5029 0.5389 0.5425 0.4967 0.5561 0.5636 0.5618 0.5019 0.5842 0.6508 0.6056 0.6737 0.4915 0.5368 0.4287 0.5559 0.5738 0.5133 0.4315 0.6094 0.5935 0.4522 0.3475 0.4170 0.3705 0.4850 0.3392 0.6356 0.6109 0.4917 0.3512 0.3954 0.2734 0.4389 0.4360 0.5405 0.4615 0.3228 0.1869 0.5013 0.4966 0.6424 0.6432 0.4868 0.6172 0.5974 0.6245 1.0000 0.8455 0.6438 0.4581 0.5147 0.4833 0.3640 0.4175
0.3393 0.3301 0.3392 0.4140 0.5212 0.4088 0.4559 0.4298 0.3988 0.3793 0.5104 0.4607 0.5782 0.4031 0.4574 0.4561 0.4886 0.3115 0.3714 0.3904 0.4606 0.4168 0.3853 0.4579 0.5075 0.4367 0.4269 0.5265 0.6175 0.5782 0.7111 0.4185 0.5182 0.4090 0.4956 0.4745 0.4451 0.3375 0.5555 0.5254 0.3411 0.2486 0.3013 0.2734 0.4337 0.3479 0.5746 0.5871 0.3748 0.2799 0.2950 0.2115 0.3333 0.4043 0.4239 0.4521 0.1823 0.1461 0.4324 0.4320 0.5751 0.6465 0.4240 0.5802 0.5038 0.6012 0.8455 1.0000 0.5659 0.3744 0.3866 0.4227 0.2328 0.4018
0.6722 0.6254 0.6208 0.5904 0.5754 0.6590 0.5185 0.5052 0.3544 0.7335 0.6527 0.7677 0.6341 0.5693 0.4649 0.8918 0.8024 0.6451 0.6895 0.6735 0.6838 0.6472 0.6216 0.7495 0.7044 0.7180 0.6501 0.8000 0.8393 0.6533 0.6447 0.6495 0.5518 0.3221 0.6837 0.7453 0.7070 0.6582 0.7136 0.7543 0.7145 0.5867 0.6540 0.5829 0.6765 0.5464 0.7620 0.7016 0.7525 0.6058 0.5973 0.4936 0.6135 0.5865 0.7903 0.6471 0.5222 0.2870 0.7191 0.7176 0.5228 0.5856 0.4502 0.5822 0.5858 0.5908 0.6438 0.5659 1.0000 0.7257 0.8920 0.7943 0.6878 0.6660
0.3746 0.3837 0.3612 0.3554 0.4897 0.3331 0.2539 0.4519 0.4373 0.4808 0.4927 0.5242 0.5198 0.4973 0.5253 0.7261 0.7578 0.3601 0.3790 0.4933 0.5369 0.5750 0.5060 0.8115 0.8317 0.6856 0.7844 0.5334 0.6152 0.4580 0.3712 0.4621 0.4713 0.3835 0.4214 0.5583 0.4901 0.4123 0.4665 0.5428 0.5027 0.3467 0.4017 0.4138 0.3872 0.3062 0.5156 0.5204 0.4630 0.4043 0.3325 0.2616 0.3623 0.3807 0.5338 0.5807 0.3149 0.1866 0.4872 0.4868 0.4264 0.5056 0.4403 0.5491 0.5045 0.5181 0.4581 0.3744 0.7257 1.0000 0.6909 0.7970 0.4376 0.5518
0.7524 0.7205 0.6731 0.6123 0.4997 0.6911 0.4778 0.4286 0.2329 0.7592 0.6127 0.7863 0.5736 0.5388 0.3868 0.9048 0.7931 0.7139 0.7329 0.7337 0.6834 0.6604 0.6519 0.7052 0.6447 0.7007 0.5928 0.8152 0.7847 0.6359 0.5550 0.6735 0.5567 0.3000 0.6902 0.7566 0.7358 0.7223 0.7238 0.7918 0.7788 0.6997 0.7247 0.6503 0.6705 0.5423 0.7303 0.6611 0.8333 0.7122 0.6954 0.6027 0.6578 0.5835 0.8579 0.6182 0.6638 0.3295 0.7881 0.7754 0.4853 0.5059 0.3747 0.4768 0.5185 0.4887 0.5147 0.3866 0.8920 0.6909 1.0000 0.8339 0.8571 0.7377
0.5795 0.6460 0.5008 0.4711 0.5105 0.5110 0.3818 0.3875 0.4036 0.6596 0.6813 0.6702 0.6194 0.4620 0.5060 0.8273 0.8521 0.5918 0.5754 0.6046 0.5788 0.6127 0.5920 0.7360 0.7672 0.6551 0.6658 0.7356 0.7557 0.6745 0.5447 0.6399 0.6090 0.3894 0.6259 0.7191 0.6598 0.6259 0.6478 0.7621 0.6785 0.5918 0.6351 0.6105 0.5997 0.6057 0.6605 0.7193 0.6873 0.6654 0.5881 0.5316 0.5475 0.5771 0.6948 0.7183 0.5097 0.3601 0.7344 0.7035 0.4490 0.5781 0.3912 0.5112 0.5007 0.5393 0.4833 0.4227 0.7943 0.7970 0.8339 1.0000 0.7125 0.8569
0.7127 0.7146 0.6286 0.5202 0.3574 0.6226 0.3843 0.2630 0.1121 0.6818 0.5174 0.6783 0.4371 0.3906 0.2596 0.7236 0.6563 0.6844 0.6766 0.6638 0.5329 0.5132 0.5229 0.4170 0.4060 0.4864 0.3427 0.7561 0.6482 0.6571 0.5424 0.6255 0.3965 0.1764 0.6681 0.7198 0.7048 0.7582 0.6520 0.7520 0.7765 0.7673 0.7436 0.6910 0.6894 0.6678 0.6486 0.6346 0.7822 0.7186 0.7383 0.6429 0.6781 0.5277 0.7817 0.4764 0.7696 0.4095 0.8172 0.7844 0.3280 0.3480 0.2393 0.2586 0.3412 0.2921 0.3640 0.2328 0.6878 0.4376 0.8571 0.7125 1.0000 0.7816
0.5625 0.6607 0.5010 0.4643 0.4604 0.5014 0.3586 0.2723 0.3469 0.6013 0.6824 0.6031 0.5785 0.3238 0.4342 0.7117 0.7637 0.5827 0.5341 0.5893 0.5325 0.5094 0.5269 0.5163 0.5998 0.5163 0.4892 0.7312 0.7146 0.7418 0.6272 0.5856 0.5379 0.3442 0.6486 0.6975 0.6768 0.6768 0.6431 0.7585 0.6890 0.6529 0.6798 0.6279 0.6324 0.7521 0.6325 0.7359 0.6577 0.6734 0.6268 0.5585 0.5456 0.5250 0.6318 0.6426 0.5831 0.4446 0.7917 0.7454 0.3674 0.5484 0.2176 0.4212 0.3999 0.4867 0.4175 0.4018 0.6660 0.5518 0.7377 0.8569 0.7816 1.0000
