1.0000 0.5969 0.6384 0.6092 0.2332 0.7986 0.4958 0.4644 0.4246 0.7013 0.5075 0.6326 0.4704 0.4911 0.5760 0.6800 0.6613 0.7695 0.7715 0.5934 0.4419 0.4246 0.3530 0.5818 0.5349 0.4828 0.3362 0.5540 0.4679 0.5883 0.4790 0.5561 0.4881 0.4746 0.6899 0.6375 0.5981 0.6582 0.6703 0.7023 0.6782 0.5317 0.6514 0.6038 0.6029 0.6365 0.7135 0.7157 0.8427 0.7267 0.7081 0.6369 0.6814 0.4086 0.7642 0.6175 0.5327 0.5426 0.6444 0.6333 0.5929 0.5717 0.5838 0.5352 0.4215 0.3948 0.6438 0.5927 0.3700 0.4966 0.7193 0.6532 0.6880 0.5932
0.5969 1.0000 0.3821 0.5957 0.2703 0.5341 0.6547 0.4422 0.3601 0.4370 0.5035 0.4663 0.4714 0.4244 0.5440 0.5127 0.5925 0.5439 0.6268 0.4404 0.2934 0.4092 0.4025 0.4153 0.4392 0.4174 0.3717 0.2399 0.2056 0.4369 0.3504 0.4438 0.4326 0.3709 0.5734 0.5339 0.4849 0.5249 0.5672 0.6019 0.4994 0.4170 0.5387 0.5422 0.4653 0.4883 0.4505 0.5413 0.5315 0.7122 0.3895 0.4364 0.5376 0.0105 0.5076 0.3786 0.4536 0.3084 0.5268 0.3804 0.4143 0.4222 0.4421 0.4067 0.3072 0.2440 0.4738 0.4656 0.2688 0.4532 0.5133 0.6028 0.4901 0.5075
0.6384 0.3821 1.0000 0.8161 0.2553 0.7900 0.4261 0.4323 0.3965 0.4708 0.3157 0.5707 0.4772 0.4488 0.5561 0.3792 0.4159 0.7021 0.6212 0.8842 0.8405 0.4898 0.4233 0.3423 0.3539 0.4838 0.4977 0.5534 0.5342 0.4325 0.2947 0.2762 0.2924 0.1934 0.5134 0.4310 0.4384 0.4259 0.4410 0.4816 0.4738 0.4781 0.4485 0.3956 0.3438 0.4328 0.4019 0.4918 0.5980 0.6560 0.6439 0.5908 0.3787 0.5824 0.3699 0.5311 0.5249 0.6182 0.6651 0.5660 0.4964 0.5351 0.4461 0.4217 0.3849 0.3613 0.4787 0.4242 0.1951 0.3239 0.4107 0.4861 0.4963 0.4916
0.6092 0.5957 0.8161 1.0000 0.2725 0.7707 0.7370 0.4531 0.5089 0.4819 0.5196 0.5833 0.5951 0.4847 0.6365 0.4270 0.5268 0.6927 0.7007 0.8099 0.8300 0.4606 0.4696 0.3939 0.4353 0.5646 0.6372 0.5328 0.5498 0.5212 0.3654 0.3420 0.3901 0.2774 0.5601 0.4937 0.4842 0.5060 0.5064 0.5533 0.4807 0.5337 0.5238 0.4788 0.4373 0.4679 0.4174 0.5367 0.5316 0.6667 0.6030 0.6246 0.4727 0.4455 0.4225 0.5067 0.5216 0.5986 0.6973 0.5945 0.4893 0.5849 0.4545 0.4554 0.3593 0.2923 0.4680 0.4566 0.2326 0.3842 0.4658 0.5785 0.5060 0.5735
0.2332 0.2703 0.2553 0.2725 1.0000 0.2615 0.2386 0.6570 0.5326 0.1580 -0.0300 0.2012 0.3114 0.2773 0.6068 0.2256 0.1492 0.2234 0.1184 0.2198 0.2929 0.5705 0.7883 0.1423 0.1103 0.1279 0.2904 0.2550 0.2860 0.1922 0.0335 0.2130 0.0711 0.0241 0.2843 0.2315 0.3511 0.2424 0.2401 0.2746 0.3138 0.3136 0.3611 0.3432 0.1822 0.2566 0.0813 0.2703 0.2852 0.3504 0.2502 0.1102 0.2458 0.1708 0.2393 0.2998 0.2303 0.2563 0.3566 0.2266 0.0816 0.1676 0.1409 0.1390 0.0941 0.0473 0.1322 0.1736 0.1173 0.0610 0.2063 0.2304 0.1845 0.2396
0.7986 0.5341 0.7900 0.7707 0.2615 1.0000 0.6682 0.5203 0.4990 0.6625 0.4923 0.7080 0.5575 0.4819 0.6039 0.5624 0.6210 0.7003 0.6811 0.7550 0.6415 0.4970 0.3902 0.5007 0.4922 0.5735 0.4891 0.5942 0.5588 0.6498 0.4994 0.4216 0.3902 0.3234 0.6741 0.5876 0.6484 0.6259 0.5951 0.6335 0.6941 0.5605 0.6513 0.5570 0.5066 0.5675 0.5795 0.6189 0.6563 0.6534 0.6743 0.5810 0.6162 0.4737 0.6596 0.6696 0.6508 0.6912 0.7308 0.6989 0.6164 0.6253 0.5442 0.4985 0.4228 0.3855 0.5897 0.5462 0.2970 0.4236 0.6231 0.6298 0.6444 0.5918
0.4958 0.6547 0.4261 0.7370 0.2386 0.6682 1.0000 0.4126 0.5316 0.5617 0.7462 0.6146 0.7181 0.4370 0.5727 0.5018 0.6138 0.4560 0.4978 0.5233 0.4866 0.3494 0.3635 0.4656 0.5177 0.5943 0.6495 0.3932 0.4076 0.5280 0.3725 0.3429 0.3481 0.2847 0.4917 0.4490 0.5556 0.5518 0.4369 0.4645 0.5591 0.5324 0.5603 0.5094 0.4111 0.4013 0.3965 0.4590 0.3308 0.4537 0.3812 0.3810 0.5923 0.1536 0.5397 0.3909 0.5433 0.4604 0.5100 0.4520 0.4501 0.5831 0.4685 0.4932 0.3230 0.2389 0.4102 0.3868 0.3011 0.4146 0.5030 0.5767 0.4655 0.5508
0.4644 0.4422 0.4323 0.4531 0.6570 0.5203 0.4126 1.0000 0.7353 0.4298 0.2424 0.5004 0.4321 0.6176 0.7462 0.4533 0.4020 0.4509 0.4055 0.3885 0.3929 0.7777 0.7041 0.3758 0.3386 0.2935 0.2899 0.3406 0.3265 0.4021 0.3001 0.2608 0.2409 0.1367 0.4820 0.4160 0.3945 0.3808 0.4730 0.5291 0.4317 0.3820 0.5044 0.4836 0.4326 0.4239 0.3784 0.4608 0.5385 0.5449 0.4988 0.4100 0.4628 0.3032 0.4180 0.3925 0.3985 0.3961 0.5354 0.4654 0.2621 0.2316 0.2911 0.2214 0.2337 0.1231 0.3723 0.3577 0.2755 0.3023 0.4456 0.4399 0.4476 0.4368
0.4246 0.3601 0.3965 0.5089 0.5326 0.4990 0.5316 0.7353 1.0000 0.3912 0.3774 0.5315 0.5420 0.5073 0.7860 0.4346 0.3846 0.4189 0.4232 0.3604 0.4053 0.6326 0.6479 0.4432 0.4765 0.4633 0.4523 0.3105 0.3352 0.3710 0.2630 0.2284 0.2811 0.1278 0.4268 0.4009 0.3822 0.3525 0.4041 0.4341 0.4305 0.3882 0.4641 0.4279 0.4022 0.3484 0.3110 0.4012 0.4212 0.4127 0.4246 0.3837 0.4275 0.2913 0.3712 0.3438 0.3554 0.4201 0.4616 0.4156 0.2639 0.3442 0.2880 0.3159 0.1156 0.0697 0.2629 0.3029 0.3544 0.3307 0.4462 0.4468 0.4305 0.4914
0.7013 0.4370 0.4708 0.4819 0.1580 0.6625 0.5617 0.4298 0.3912 1.0000 0.6666 0.8435 0.6355 0.5645 0.5513 0.7480 0.6353 0.5850 0.5508 0.5184 0.3932 0.3493 0.2994 0.7355 0.6738 0.5023 0.4421 0.4119 0.3350 0.4759 0.3366 0.4615 0.4210 0.4413 0.4930 0.4914 0.4339 0.5271 0.4733 0.4971 0.4958 0.3794 0.5832 0.3962 0.5105 0.4850 0.6147 0.6065 0.5516 0.4513 0.5191 0.4197 0.6238 0.2730 0.6699 0.4620 0.5102 0.4167 0.4364 0.4445 0.4203 0.5016 0.6033 0.6057 0.3529 0.3420 0.4077 0.2944 0.5119 0.5593 0.7030 0.6744 0.6392 0.6042
0.5075 0.5035 0.3157 0.5196 -0.0300 0.4923 0.7462 0.2424 0.3774 0.6666 1.0000 0.6593 0.7142 0.4186 0.4728 0.6535 0.6965 0.4859 0.5390 0.4238 0.3625 0.1932 0.1480 0.6407 0.6967 0.6372 0.5536 0.4149 0.3710 0.4521 0.3404 0.3636 0.4286 0.3822 0.4493 0.4688 0.4263 0.5282 0.4388 0.4269 0.4628 0.4616 0.5047 0.4292 0.4507 0.3994 0.5139 0.4760 0.3910 0.3918 0.3537 0.4004 0.6325 0.1759 0.6107 0.2905 0.4693 0.2765 0.4093 0.4195 0.4145 0.5440 0.5423 0.6055 0.3010 0.3164 0.3603 0.2948 0.5120 0.6138 0.6144 0.6356 0.5284 0.5893
0.6326 0.4663 0.5707 0.5833 0.2012 0.7080 0.6146 0.5004 0.5315 0.8435 0.6593 1.0000 0.7207 0.5874 0.6142 0.6683 0.5877 0.5720 0.5655 0.6005 0.5223 0.4146 0.3929 0.6865 0.6902 0.6657 0.5897 0.3514 0.2957 0.4809 0.3243 0.4065 0.4359 0.3570 0.5336 0.5324 0.4430 0.4912 0.4837 0.5038 0.4715 0.3654 0.5492 0.3792 0.4494 0.4603 0.5423 0.5486 0.5044 0.4832 0.4871 0.4351 0.5543 0.2898 0.5375 0.4456 0.5386 0.4685 0.4969 0.4607 0.4229 0.5572 0.5585 0.6276 0.3001 0.2960 0.4160 0.3131 0.5243 0.5676 0.6712 0.7159 0.6959 0.6841
0.4704 0.4714 0.4772 0.5951 0.3114 0.5575 0.7181 0.4321 0.5420 0.6355 0.7142 0.7207 1.0000 0.4448 0.6859 0.5955 0.6353 0.4369 0.4174 0.5177 0.5167 0.3984 0.4657 0.5933 0.6707 0.5611 0.6748 0.4027 0.4128 0.4045 0.1635 0.2901 0.3298 0.2525 0.3838 0.3970 0.4740 0.4218 0.3464 0.3531 0.4653 0.4058 0.4842 0.3163 0.3825 0.3458 0.3683 0.4193 0.3878 0.4782 0.3698 0.3241 0.4938 0.2852 0.4876 0.4752 0.5017 0.4581 0.4443 0.3737 0.2943 0.5346 0.5297 0.6428 0.2671 0.2723 0.2382 0.1595 0.4755 0.5502 0.5614 0.6604 0.5039 0.6166
0.4911 0.4244 0.4488 0.4847 0.2773 0.4819 0.4370 0.6176 0.5073 0.5645 0.4186 0.5874 0.4448 1.0000 0.6076 0.5069 0.4738 0.5083 0.4726 0.4589 0.4338 0.5392 0.5536 0.6377 0.5460 0.4400 0.4277 0.2894 0.2537 0.3543 0.2920 0.3190 0.6067 0.3817 0.5069 0.4297 0.3605 0.4269 0.6034 0.4958 0.3853 0.3615 0.4342 0.3942 0.6237 0.4714 0.4715 0.5926 0.4559 0.4818 0.4499 0.4139 0.4110 0.2773 0.4346 0.3487 0.3865 0.3231 0.4615 0.4153 0.4398 0.3319 0.5286 0.3934 0.3196 0.1278 0.3678 0.4063 0.3230 0.3830 0.5414 0.5572 0.5253 0.4780
0.5760 0.5440 0.5561 0.6365 0.6068 0.6039 0.5727 0.7462 0.7860 0.5513 0.4728 0.6142 0.6859 0.6076 1.0000 0.6265 0.5845 0.5923 0.5505 0.5561 0.5524 0.6492 0.7551 0.6185 0.6427 0.5237 0.5380 0.4367 0.4456 0.4773 0.2999 0.3851 0.4219 0.2981 0.5707 0.5319 0.5209 0.5024 0.5628 0.5725 0.5355 0.4872 0.5924 0.4757 0.5824 0.4959 0.4658 0.6019 0.5607 0.6449 0.5454 0.4754 0.5095 0.3705 0.5267 0.5467 0.4922 0.5277 0.6374 0.5198 0.3758 0.4846 0.5135 0.5228 0.2768 0.2649 0.3340 0.3661 0.4534 0.4908 0.6205 0.6868 0.5481 0.6653
0.6800 0.5127 0.3792 0.4270 0.2256 0.5624 0.5018 0.4533 0.4346 0.7480 0.6535 0.6683 0.5955 0.5069 0.6265 1.0000 0.8295 0.6117 0.6413 0.3938 0.2886 0.3329 0.3599 0.8408 0.8148 0.5493 0.4129 0.4054 0.3452 0.4634 0.3591 0.5067 0.5050 0.4996 0.5561 0.5695 0.5056 0.5583 0.5556 0.5834 0.5559 0.4129 0.6338 0.4355 0.6259 0.5810 0.6733 0.6913 0.6383 0.5817 0.5175 0.4382 0.5550 0.2748 0.7173 0.5185 0.4399 0.4183 0.5547 0.5699 0.3865 0.4451 0.6095 0.6744 0.3228 0.3911 0.3689 0.3034 0.7732 0.8132 0.8867 0.7917 0.6891 0.7087
0.6613 0.5925 0.4159 0.5268 0.1492 0.6210 0.6138 0.4020 0.3846 0.6353 0.6965 0.5877 0.6353 0.4738 0.5845 0.8295 1.0000 0.6192 0.6600 0.4557 0.3536 0.2946 0.3192 0.6985 0.7318 0.5482 0.4698 0.4562 0.4124 0.5184 0.4291 0.5079 0.5081 0.5236 0.5850 0.6024 0.5786 0.6231 0.5716 0.5912 0.6198 0.4897 0.6344 0.5205 0.5931 0.5428 0.6246 0.6418 0.5910 0.6678 0.5122 0.4738 0.5605 0.3025 0.7498 0.6196 0.4978 0.4537 0.5990 0.6066 0.4977 0.5683 0.5980 0.6279 0.3306 0.3357 0.5000 0.4534 0.5473 0.7309 0.8180 0.8249 0.6608 0.7170
0.7695 0.5439 0.7021 0.6927 0.2234 0.7003 0.4560 0.4509 0.4189 0.5850 0.4859 0.5720 0.4369 0.5083 0.5923 0.6117 0.6192 1.0000 0.9049 0.6638 0.5440 0.3684 0.3738 0.5442 0.5090 0.4975 0.3867 0.5470 0.4769 0.5190 0.4328 0.5209 0.4717 0.4862 0.6768 0.6175 0.4644 0.5649 0.6341 0.7185 0.4960 0.4551 0.5626 0.5244 0.5884 0.6968 0.6430 0.7502 0.7337 0.7169 0.7196 0.7509 0.5686 0.5337 0.6152 0.5378 0.4665 0.4947 0.7412 0.6751 0.5359 0.5307 0.5265 0.4725 0.3752 0.3184 0.5841 0.5355 0.3426 0.4717 0.6700 0.6550 0.6527 0.6139
0.7715 0.6268 0.6212 0.7007 0.1184 0.6811 0.4978 0.4055 0.4232 0.5508 0.5390 0.5655 0.4174 0.4726 0.5505 0.6413 0.6600 0.9049 1.0000 0.5631 0.4650 0.3294 0.2930 0.5492 0.5398 0.5065 0.3398 0.4842 0.4277 0.5116 0.4805 0.5059 0.5167 0.5064 0.6483 0.6128 0.4186 0.5736 0.6451 0.7263 0.4884 0.4161 0.5343 0.4867 0.6065 0.6646 0.6698 0.7185 0.7256 0.7118 0.6880 0.7652 0.5798 0.4418 0.6187 0.5153 0.4234 0.4685 0.7067 0.7031 0.5193 0.5087 0.4726 0.4607 0.3422 0.3129 0.5594 0.5244 0.3643 0.5162 0.6743 0.6455 0.6325 0.5935
0.5934 0.4404 0.8842 0.8099 0.2198 0.7550 0.5233 0.3885 0.3604 0.5184 0.4238 0.6005 0.5177 0.4589 0.5561 0.3938 0.4557 0.6638 0.5631 1.0000 0.8907 0.4691 0.4099 0.3719 0.3752 0.5694 0.5797 0.6231 0.6029 0.5236 0.3187 0.3693 0.3240 0.2872 0.5488 0.4611 0.4562 0.4666 0.4578 0.4845 0.4296 0.5105 0.4601 0.4391 0.3928 0.4480 0.4102 0.4984 0.5425 0.5934 0.5729 0.4679 0.4234 0.4985 0.4191 0.5115 0.6013 0.5737 0.6605 0.5412 0.5165 0.5645 0.4929 0.4656 0.3896 0.3468 0.4876 0.4228 0.2081 0.3244 0.4522 0.5429 0.5431 0.5438
0.4419 0.2934 0.8405 0.8300 0.2929 0.6415 0.4866 0.3929 0.4053 0.3932 0.3625 0.5223 0.5167 0.4338 0.5524 0.2886 0.3536 0.5440 0.4650 0.8907 1.0000 0.4598 0.4591 0.3047 0.3266 0.4894 0.6140 0.5743 0.5935 0.4141 0.2222 0.2313 0.2538 0.1722 0.4005 0.3403 0.3420 0.3572 0.3369 0.3564 0.3274 0.4561 0.3492 0.3376 0.2881 0.3188 0.2685 0.3758 0.4409 0.5067 0.5222 0.4568 0.3033 0.5216 0.2665 0.4279 0.4361 0.5256 0.5772 0.4843 0.4096 0.5007 0.4011 0.4147 0.3377 0.2866 0.3536 0.3215 0.1618 0.2314 0.3350 0.4414 0.4079 0.4747
0.4246 0.4092 0.4898 0.4606 0.5705 0.4970 0.3494 0.7777 0.6326 0.3493 0.1932 0.4146 0.3984 0.5392 0.6492 0.3329 0.2946 0.3684 0.3294 0.4691 0.4598 1.0000 0.7387 0.3211 0.3251 0.2982 0.2871 0.3065 0.2957 0.3597 0.2736 0.1807 0.1713 0.0892 0.4068 0.3323 0.3717 0.3497 0.4120 0.4105 0.3926 0.3209 0.3680 0.3616 0.3417 0.2912 0.2875 0.3424 0.4769 0.4626 0.3772 0.3190 0.3667 0.2222 0.3412 0.3073 0.4222 0.3312 0.4466 0.3852 0.2090 0.1888 0.2670 0.2077 0.2078 0.0761 0.2447 0.2415 0.1899 0.2245 0.3284 0.3785 0.3772 0.3632
0.3530 0.4025 0.4233 0.4696 0.7883 0.3902 0.3635 0.7041 0.6479 0.2994 0.1480 0.3929 0.4657 0.5536 0.7551 0.3599 0.3192 0.3738 0.2930 0.4099 0.4591 0.7387 1.0000 0.3993 0.4084 0.3803 0.4963 0.2712 0.2944 0.2765 0.1196 0.2775 0.2880 0.1723 0.4364 0.3956 0.4459 0.3476 0.4382 0.4164 0.3930 0.3820 0.4094 0.3916 0.3606 0.3380 0.1987 0.4069 0.3756 0.4666 0.3196 0.3010 0.2782 0.2008 0.3118 0.3790 0.3066 0.3361 0.4806 0.3433 0.1927 0.2728 0.3288 0.3364 0.1274 0.0669 0.1507 0.2346 0.2632 0.2549 0.3796 0.4910 0.3350 0.4586
0.5818 0.4153 0.3423 0.3939 0.1423 0.5007 0.4656 0.3758 0.4432 0.7355 0.6407 0.6865 0.5933 0.6377 0.6185 0.8408 0.6985 0.5442 0.5492 0.3719 0.3047 0.3211 0.3993 1.0000 0.8923 0.6224 0.4667 0.3434 0.2980 0.3567 0.2714 0.4310 0.5771 0.4856 0.4698 0.4988 0.4275 0.5014 0.4884 0.4674 0.4922 0.3786 0.5224 0.3061 0.6378 0.5275 0.5930 0.6615 0.4935 0.4633 0.4477 0.4111 0.4723 0.2499 0.6102 0.4415 0.3554 0.3164 0.4381 0.4633 0.3770 0.4460 0.7375 0.7547 0.3535 0.4031 0.2193 0.2305 0.6978 0.6737 0.8306 0.7550 0.6341 0.6491
0.5349 0.4392 0.3539 0.4353 0.1103 0.4922 0.5177 0.3386 0.4765 0.6738 0.6967 0.6902 0.6707 0.5460 0.6427 0.8148 0.7318 0.5090 0.5398 0.3752 0.3266 0.3251 0.4084 0.8923 1.0000 0.6389 0.5020 0.3029 0.2843 0.3175 0.2492 0.3773 0.5008 0.4131 0.4302 0.4870 0.4269 0.4781 0.5003 0.4526 0.4992 0.3613 0.4898 0.2794 0.5387 0.4517 0.5357 0.5666 0.4529 0.4852 0.4068 0.4291 0.4239 0.2657 0.5435 0.4501 0.3243 0.3500 0.4422 0.4629 0.3137 0.4339 0.6352 0.7655 0.2387 0.3391 0.1397 0.1397 0.7299 0.7376 0.7732 0.8108 0.5970 0.6916
0.4828 0.4174 0.4838 0.5646 0.1279 0.5735 0.5943 0.2935 0.4633 0.5023 0.6372 0.6657 0.5611 0.4400 0.5237 0.5493 0.5482 0.4975 0.5065 0.5694 0.4894 0.2982 0.3803 0.6224 0.6389 1.0000 0.7934 0.3815 0.3634 0.4023 0.2692 0.3120 0.4428 0.2422 0.5268 0.5195 0.4812 0.4795 0.4346 0.4017 0.4567 0.5012 0.4706 0.4228 0.4416 0.4123 0.4065 0.4649 0.3651 0.4252 0.2783 0.3389 0.3871 0.2219 0.4828 0.3728 0.4367 0.3312 0.4446 0.4209 0.5020 0.6137 0.5464 0.5860 0.2557 0.2666 0.3762 0.3651 0.5338 0.5688 0.5978 0.6493 0.5926 0.6192
0.3362 0.3717 0.4977 0.6372 0.2904 0.4891 0.6495 0.2899 0.4523 0.4421 0.5536 0.5897 0.6748 0.4277 0.5380 0.4129 0.4698 0.3867 0.3398 0.5797 0.6140 0.2871 0.4963 0.4667 0.5020 0.7934 1.0000 0.3398 0.3665 0.3543 0.1221 0.2679 0.3563 0.1510 0.4139 0.4090 0.4752 0.3654 0.3202 0.2921 0.3752 0.4626 0.4318 0.3869 0.3290 0.3010 0.2328 0.3624 0.2422 0.3798 0.2071 0.2388 0.3033 0.2067 0.3590 0.3452 0.4110 0.3520 0.4020 0.2900 0.4226 0.6239 0.4565 0.5297 0.1719 0.1703 0.3343 0.3062 0.3980 0.4322 0.4533 0.5559 0.4719 0.5890
0.5540 0.2399 0.5534 0.5328 0.2550 0.5942 0.3932 0.3406 0.3105 0.4119 0.4149 0.3514 0.4027 0.2894 0.4367 0.4054 0.4562 0.5470 0.4842 0.6231 0.5743 0.3065 0.2712 0.3434 0.3029 0.3815 0.3398 1.0000 0.9618 0.5389 0.3703 0.3831 0.2712 0.3368 0.4700 0.4172 0.4001 0.4395 0.4247 0.4536 0.4258 0.5869 0.4339 0.4443 0.4040 0.4304 0.4739 0.4843 0.6284 0.5153 0.6277 0.3800 0.6273 0.5636 0.6336 0.5693 0.4071 0.5045 0.6540 0.6612 0.4156 0.4169 0.3881 0.3175 0.2711 0.2500 0.4239 0.4039 0.2238 0.2754 0.4997 0.4386 0.4572 0.4310
0.4679 0.2056 0.5342 0.5498 0.2860 0.5588 0.4076 0.3265 0.3352 0.3350 0.3710 0.2957 0.4128 0.2537 0.4456 0.3452 0.4124 0.4769 0.4277 0.6029 0.5935 0.2957 0.2944 0.2980 0.2843 0.3634 0.3665 0.9618 1.0000 0.4987 0.3365 0.3142 0.2339 0.2777 0.4123 0.3649 0.3808 0.3993 0.3782 0.3927 0.3991 0.5878 0.4025 0.3972 0.3641 0.3752 0.4011 0.4237 0.5591 0.4976 0.6039 0.3291 0.5564 0.6123 0.5515 0.6029 0.3540 0.5332 0.6287 0.6426 0.3390 0.3788 0.3451 0.2899 0.2308 0.1996 0.3474 0.3462 0.2063 0.2513 0.4276 0.4029 0.3914 0.4043
0.5883 0.4369 0.4325 0.5212 0.1922 0.6498 0.5280 0.4021 0.3710 0.4759 0.4521 0.4809 0.4045 0.3543 0.4773 0.4634 0.5184 0.5190 0.5116 0.5236 0.4141 0.3597 0.2765 0.3567 0.3175 0.4023 0.3543 0.5389 0.4987 1.0000 0.7841 0.5208 0.4417 0.4634 0.6817 0.6061 0.6404 0.6257 0.5961 0.5797 0.5378 0.4678 0.6349 0.5877 0.5606 0.4916 0.6369 0.5610 0.5387 0.4687 0.5260 0.3956 0.5982 0.2912 0.6436 0.4274 0.6768 0.5831 0.6932 0.6886 0.5633 0.5164 0.3854 0.3433 0.3187 0.2387 0.6034 0.5716 0.2702 0.3405 0.5775 0.5509 0.6310 0.6124
0.4790 0.3504 0.2947 0.3654 0.0335 0.4994 0.3725 0.3001 0.2630 0.3366 0.3404 0.3243 0.1635 0.2920 0.2999 0.3591 0.4291 0.4328 0.4805 0.3187 0.2222 0.2736 0.1196 0.2714 0.2492 0.2692 0.1221 0.3703 0.3365 0.7841 1.0000 0.3895 0.4192 0.4193 0.6177 0.5494 0.4751 0.5470 0.6004 0.5827 0.4810 0.3837 0.5285 0.4993 0.5140 0.4365 0.6758 0.5112 0.4512 0.3759 0.4544 0.4075 0.4336 0.2449 0.5258 0.3130 0.4608 0.4871 0.6003 0.7099 0.5153 0.3423 0.2349 0.1852 0.2396 0.1735 0.5453 0.5898 0.1472 0.2618 0.4474 0.4208 0.4758 0.4778
0.5561 0.4438 0.2762 0.3420 0.2130 0.4216 0.3429 0.2608 0.2284 0.4615 0.3636 0.4065 0.2901 0.3190 0.3851 0.5067 0.5079 0.5209 0.5059 0.3693 0.2313 0.1807 0.2775 0.4310 0.3773 0.3120 0.2679 0.3831 0.3142 0.5208 0.3895 1.0000 0.5983 0.7117 0.6121 0.6220 0.3881 0.4678 0.6091 0.6175 0.3541 0.3320 0.5677 0.5207 0.5359 0.5058 0.6317 0.6294 0.5042 0.4554 0.4641 0.3606 0.4891 0.1783 0.5327 0.3779 0.3968 0.3157 0.5488 0.4990 0.4523 0.4258 0.3867 0.3257 0.1263 0.1117 0.5287 0.5314 0.3357 0.3499 0.6179 0.5486 0.6151 0.5621
0.4881 0.4326 0.2924 0.3901 0.0711 0.3902 0.3481 0.2409 0.2811 0.4210 0.4286 0.4359 0.3298 0.6067 0.4219 0.5050 0.5081 0.4717 0.5167 0.3240 0.2538 0.1713 0.2880 0.5771 0.5008 0.4428 0.3563 0.2712 0.2339 0.4417 0.4192 0.5983 1.0000 0.6523 0.5951 0.6006 0.3424 0.4533 0.6591 0.5718 0.3414 0.3291 0.5154 0.4471 0.6791 0.4946 0.5651 0.6670 0.4225 0.4407 0.3928 0.4005 0.3637 0.1671 0.4399 0.3218 0.3163 0.3003 0.4870 0.4916 0.4245 0.4021 0.4514 0.3878 0.1472 0.1044 0.4532 0.4956 0.4253 0.4777 0.6166 0.5865 0.5879 0.5436
0.4746 0.3709 0.1934 0.2774 0.0241 0.3234 0.2847 0.1367 0.1278 0.4413 0.3822 0.3570 0.2525 0.3817 0.2981 0.4996 0.5236 0.4862 0.5064 0.2872 0.1722 0.0892 0.1723 0.4856 0.4131 0.2422 0.1510 0.3368 0.2777 0.4634 0.4193 0.7117 0.6523 1.0000 0.4901 0.4779 0.2839 0.3987 0.5111 0.5030 0.2825 0.2242 0.4264 0.3508 0.5614 0.4366 0.5788 0.6046 0.4178 0.3800 0.4343 0.3523 0.4323 0.1684 0.5087 0.3459 0.2910 0.2409 0.4650 0.4585 0.3693 0.3510 0.4692 0.3869 0.2700 0.1914 0.4095 0.4216 0.3008 0.3608 0.6053 0.5291 0.5081 0.4579
0.6899 0.5734 0.5134 0.5601 0.2843 0.6741 0.4917 0.4820 0.4268 0.4930 0.4493 0.5336 0.3838 0.5069 0.5707 0.5561 0.5850 0.6768 0.6483 0.5488 0.4005 0.4068 0.4364 0.4698 0.4302 0.5268 0.4139 0.4700 0.4123 0.6817 0.6177 0.6121 0.5951 0.4901 1.0000 0.9164 0.7432 0.7601 0.8770 0.8826 0.6577 0.6387 0.7833 0.7463 0.7150 0.7582 0.7336 0.7829 0.5889 0.6124 0.5761 0.5352 0.5441 0.3030 0.6258 0.5157 0.5848 0.5065 0.7846 0.7308 0.6059 0.5305 0.4592 0.3967 0.3029 0.2272 0.6805 0.6835 0.3642 0.4486 0.6799 0.6758 0.7459 0.7009
0.6375 0.5339 0.4310 0.4937 0.2315 0.5876 0.4490 0.4160 0.4009 0.4914 0.4688 0.5324 0.3970 0.4297 0.5319 0.5695 0.6024 0.6175 0.6128 0.4611 0.3403 0.3323 0.3956 0.4988 0.4870 0.5195 0.4090 0.4172 0.3649 0.6061 0.5494 0.6220 0.6006 0.4779 0.9164 1.0000 0.6853 0.7668 0.8352 0.8556 0.6289 0.6306 0.7461 0.7174 0.6769 0.7137 0.7118 0.7514 0.5462 0.5681 0.5448 0.5392 0.5026 0.2803 0.5785 0.4807 0.5006 0.4631 0.7062 0.7018 0.4927 0.4715 0.3914 0.3878 0.1580 0.1610 0.6150 0.6053 0.4486 0.5145 0.6899 0.6892 0.7356 0.7370
0.5981 0.4849 0.4384 0.4842 0.3511 0.6484 0.5556 0.3945 0.3822 0.4339 0.4263 0.4430 0.4740 0.3605 0.5209 0.5056 0.5786 0.4644 0.4186 0.4562 0.3420 0.3717 0.4459 0.4275 0.4269 0.4812 0.4752 0.4001 0.3808 0.6404 0.4751 0.3881 0.3424 0.2839 0.7432 0.6853 1.0000 0.8099 0.6165 0.5728 0.8481 0.7098 0.7525 0.6841 0.5240 0.5006 0.5260 0.5470 0.4633 0.5265 0.4271 0.3656 0.4879 0.2526 0.6239 0.5417 0.6158 0.5466 0.6333 0.5841 0.5305 0.5540 0.5029 0.5085 0.3836 0.3354 0.4949 0.5009 0.3046 0.3954 0.5600 0.5729 0.5556 0.5748
0.6582 0.5249 0.4259 0.5060 0.2424 0.6259 0.5518 0.3808 0.3525 0.5271 0.5282 0.4912 0.4218 0.4269 0.5024 0.5583 0.6231 0.5649 0.5736 0.4666 0.3572 0.3497 0.3476 0.5014 0.4781 0.4795 0.3654 0.4395 0.3993 0.6257 0.5470 0.4678 0.4533 0.3987 0.7601 0.7668 0.8099 1.0000 0.6944 0.6700 0.7943 0.7402 0.7174 0.6610 0.5987 0.5876 0.6543 0.6299 0.5190 0.5111 0.5214 0.4991 0.5850 0.2631 0.6430 0.4597 0.6059 0.4936 0.6229 0.6882 0.5243 0.5322 0.5289 0.5094 0.4133 0.3408 0.4996 0.4986 0.3099 0.4386 0.6039 0.6052 0.5980 0.5687
0.6703 0.5672 0.4410 0.5064 0.2401 0.5951 0.4369 0.4730 0.4041 0.4733 0.4388 0.4837 0.3464 0.6034 0.5628 0.5556 0.5716 0.6341 0.6451 0.4578 0.3369 0.4120 0.4382 0.4884 0.5003 0.4346 0.3202 0.4247 0.3782 0.5961 0.6004 0.6091 0.6591 0.5111 0.8770 0.8352 0.6165 0.6944 1.0000 0.8792 0.6136 0.5652 0.6741 0.6646 0.7349 0.6867 0.7770 0.7610 0.6121 0.6128 0.5889 0.5883 0.5248 0.2934 0.5778 0.4684 0.4742 0.4493 0.7361 0.7123 0.5604 0.4452 0.4083 0.3561 0.2179 0.1960 0.6196 0.6466 0.3436 0.4468 0.6346 0.6841 0.6562 0.6338
0.7023 0.6019 0.4816 0.5533 0.2746 0.6335 0.4645 0.5291 0.4341 0.4971 0.4269 0.5038 0.3531 0.4958 0.5725 0.5834 0.5912 0.7185 0.7263 0.4845 0.3564 0.4105 0.4164 0.4674 0.4526 0.4017 0.2921 0.4536 0.3927 0.5797 0.5827 0.6175 0.5718 0.5030 0.8826 0.8556 0.5728 0.6700 0.8792 1.0000 0.5897 0.5610 0.7177 0.7027 0.7148 0.8469 0.7514 0.8385 0.6233 0.6475 0.6340 0.6396 0.5412 0.3051 0.5909 0.4926 0.4813 0.4897 0.7980 0.7571 0.5155 0.4324 0.3673 0.3154 0.2384 0.2132 0.6379 0.6486 0.3542 0.4399 0.6664 0.6422 0.6832 0.6573
0.6782 0.4994 0.4738 0.4807 0.3138 0.6941 0.5591 0.4317 0.4305 0.4958 0.4628 0.4715 0.4653 0.3853 0.5355 0.5559 0.6198 0.4960 0.4884 0.4296 0.3274 0.3926 0.3930 0.4922 0.4992 0.4567 0.3752 0.4258 0.3991 0.5378 0.4810 0.3541 0.3414 0.2825 0.6577 0.6289 0.8481 0.7943 0.6136 0.5897 1.0000 0.7626 0.7389 0.6658 0.4909 0.5346 0.5785 0.5623 0.5326 0.5651 0.5441 0.4654 0.5424 0.3077 0.6440 0.5479 0.5410 0.5518 0.6016 0.6133 0.5645 0.5563 0.5247 0.5110 0.4235 0.4098 0.4905 0.5162 0.3052 0.4127 0.5698 0.5512 0.5158 0.5295
0.5317 0.4170 0.4781 0.5337 0.3136 0.5605 0.5324 0.3820 0.3882 0.3794 0.4616 0.3654 0.4058 0.3615 0.4872 0.4129 0.4897 0.4551 0.4161 0.5105 0.4561 0.3209 0.3820 0.3786 0.3613 0.5012 0.4626 0.5869 0.5878 0.4678 0.3837 0.3320 0.3291 0.2242 0.6387 0.6306 0.7098 0.7402 0.5652 0.5610 0.7626 1.0000 0.6625 0.7208 0.4591 0.5266 0.4868 0.5311 0.4472 0.5232 0.5129 0.4003 0.5091 0.3563 0.5539 0.4717 0.4787 0.4775 0.5917 0.5750 0.5471 0.5053 0.4472 0.3775 0.3582 0.2755 0.4710 0.5242 0.2623 0.3565 0.4690 0.4766 0.4767 0.5099
0.6514 0.5387 0.4485 0.5238 0.3611 0.6513 0.5603 0.5044 0.4641 0.5832 0.5047 0.5492 0.4842 0.4342 0.5924 0.6338 0.6344 0.5626 0.5343 0.4601 0.3492 0.3680 0.4094 0.5224 0.4898 0.4706 0.4318 0.4339 0.4025 0.6349 0.5285 0.5677 0.5154 0.4264 0.7833 0.7461 0.7525 0.7174 0.6741 0.7177 0.7389 0.6625 1.0000 0.7787 0.6668 0.6536 0.6901 0.7221 0.5501 0.5857 0.5826 0.4496 0.5888 0.2932 0.6715 0.5080 0.6315 0.5650 0.6949 0.6685 0.5163 0.5022 0.4502 0.4226 0.2752 0.2331 0.5741 0.5614 0.4677 0.5091 0.6905 0.6162 0.7260 0.6958
0.6038 0.5422 0.3956 0.4788 0.3432 0.5570 0.5094 0.4836 0.4279 0.3962 0.4292 0.3792 0.3163 0.3942 0.4757 0.4355 0.5205 0.5244 0.4867 0.4391 0.3376 0.3616 0.3916 0.3061 0.2794 0.4228 0.3869 0.4443 0.3972 0.5877 0.4993 0.5207 0.4471 0.3508 0.7463 0.7174 0.6841 0.6610 0.6646 0.7027 0.6658 0.7208 0.7787 1.0000 0.5418 0.6310 0.5491 0.6308 0.5280 0.5694 0.4954 0.4622 0.5515 0.2559 0.6166 0.4084 0.5192 0.4818 0.6272 0.5836 0.5799 0.4879 0.3280 0.2268 0.2329 0.1219 0.6700 0.6864 0.2741 0.3577 0.5231 0.4866 0.6002 0.5906
0.6029 0.4653 0.3438 0.4373 0.1822 0.5066 0.4111 0.4326 0.4022 0.5105 0.4507 0.4494 0.3825 0.6237 0.5824 0.6259 0.5931 0.5884 0.6065 0.3928 0.2881 0.3417 0.3606 0.6378 0.5387 0.4416 0.3290 0.4040 0.3641 0.5606 0.5140 0.5359 0.6791 0.5614 0.7150 0.6769 0.5240 0.5987 0.7349 0.7148 0.4909 0.4591 0.6668 0.5418 1.0000 0.6516 0.7695 0.8341 0.5494 0.4961 0.5360 0.4665 0.5024 0.2769 0.6136 0.4697 0.4784 0.4075 0.6294 0.6259 0.4712 0.3835 0.5193 0.4336 0.2858 0.2177 0.4617 0.4829 0.4270 0.4765 0.7000 0.6083 0.6694 0.5994
0.6365 0.4883 0.4328 0.4679 0.2566 0.5675 0.4013 0.4239 0.3484 0.4850 0.3994 0.4603 0.3458 0.4714 0.4959 0.5810 0.5428 0.6968 0.6646 0.4480 0.3188 0.2912 0.3380 0.5275 0.4517 0.4123 0.3010 0.4304 0.3752 0.4916 0.4365 0.5058 0.4946 0.4366 0.7582 0.7137 0.5006 0.5876 0.6867 0.8469 0.5346 0.5266 0.6536 0.6310 0.6516 1.0000 0.6574 0.8268 0.5293 0.5690 0.5744 0.5304 0.4799 0.3372 0.5660 0.4723 0.4227 0.4326 0.6847 0.6442 0.4893 0.4030 0.4342 0.3606 0.3361 0.2331 0.5090 0.5056 0.3968 0.4268 0.6682 0.5786 0.6672 0.6248
0.7135 0.4505 0.4019 0.4174 0.0813 0.5795 0.3965 0.3784 0.3110 0.6147 0.5139 0.5423 0.3683 0.4715 0.4658 0.6733 0.6246 0.6430 0.6698 0.4102 0.2685 0.2875 0.1987 0.5930 0.5357 0.4065 0.2328 0.4739 0.4011 0.6369 0.6758 0.6317 0.5651 0.5788 0.7336 0.7118 0.5260 0.6543 0.7770 0.7514 0.5785 0.4868 0.6901 0.5491 0.7695 0.6574 1.0000 0.8021 0.6596 0.5181 0.6490 0.5266 0.6114 0.3153 0.6895 0.4605 0.5245 0.4462 0.6619 0.7271 0.5350 0.4150 0.4788 0.4311 0.3101 0.2903 0.5899 0.5645 0.4274 0.5009 0.7231 0.6326 0.7444 0.6345
0.7157 0.5413 0.4918 0.5367 0.2703 0.6189 0.4590 0.4608 0.4012 0.6065 0.4760 0.5486 0.4193 0.5926 0.6019 0.6913 0.6418 0.7502 0.7185 0.4984 0.3758 0.3424 0.4069 0.6615 0.5666 0.4649 0.3624 0.4843 0.4237 0.5610 0.5112 0.6294 0.6670 0.6046 0.7829 0.7514 0.5470 0.6299 0.7610 0.8385 0.5623 0.5311 0.7221 0.6308 0.8341 0.8268 0.8021 1.0000 0.6346 0.6271 0.6409 0.5619 0.5627 0.3507 0.6664 0.5307 0.4906 0.4727 0.7295 0.6904 0.5287 0.4546 0.5436 0.4631 0.3350 0.2689 0.5568 0.5680 0.4544 0.5179 0.7631 0.6832 0.7448 0.6843
0.8427 0.5315 0.5980 0.5316 0.2852 0.6563 0.3308 0.5385 0.4212 0.5516 0.3910 0.5044 0.3878 0.4559 0.5607 0.6383 0.5910 0.7337 0.7256 0.5425 0.4409 0.4769 0.3756 0.4935 0.4529 0.3651 0.2422 0.6284 0.5591 0.5387 0.4512 0.5042 0.4225 0.4178 0.5889 0.5462 0.4633 0.5190 0.6121 0.6233 0.5326 0.4472 0.5501 0.5280 0.5494 0.5293 0.6596 0.6346 1.0000 0.7664 0.7422 0.6026 0.6640 0.5333 0.6880 0.5925 0.4363 0.5202 0.6537 0.6417 0.4465 0.3949 0.4636 0.4051 0.3266 0.3019 0.5759 0.5196 0.3789 0.5024 0.6557 0.5919 0.6178 0.5409
0.7267 0.7122 0.6560 0.6667 0.3504 0.6534 0.4537 0.5449 0.4127 0.4513 0.3918 0.4832 0.4782 0.4818 0.6449 0.5817 0.6678 0.7169 0.7118 0.5934 0.5067 0.4626 0.4666 0.4633 0.4852 0.4252 0.3798 0.5153 0.4976 0.4687 0.3759 0.4554 0.4407 0.3800 0.6124 0.5681 0.5265 0.5111 0.6128 0.6475 0.5651 0.5232 0.5857 0.5694 0.4961 0.5690 0.5181 0.6271 0.7664 1.0000 0.6797 0.6327 0.4809 0.5184 0.5708 0.6860 0.3872 0.5595 0.6980 0.6000 0.4797 0.4975 0.4740 0.4133 0.3394 0.2818 0.5444 0.5487 0.3368 0.5079 0.6067 0.6808 0.5668 0.6226
0.7081 0.3895 0.6439 0.6030 0.2502 0.6743 0.3812 0.4988 0.4246 0.5191 0.3537 0.4871 0.3698 0.4499 0.5454 0.5175 0.5122 0.7196 0.6880 0.5729 0.5222 0.3772 0.3196 0.4477 0.4068 0.2783 0.2071 0.6277 0.6039 0.5260 0.4544 0.4641 0.3928 0.4343 0.5761 0.5448 0.4271 0.5214 0.5889 0.6340 0.5441 0.5129 0.5826 0.4954 0.5360 0.5744 0.6490 0.6409 0.7422 0.6797 1.0000 0.7288 0.6556 0.7007 0.5712 0.5916 0.4445 0.6342 0.7527 0.7410 0.4580 0.4230 0.4180 0.3486 0.3526 0.3046 0.5272 0.5061 0.2663 0.3452 0.5658 0.5194 0.5585 0.5269
0.6369 0.4364 0.5908 0.6246 0.1102 0.5810 0.3810 0.4100 0.3837 0.4197 0.4004 0.4351 0.3241 0.4139 0.4754 0.4382 0.4738 0.7509 0.7652 0.4679 0.4568 0.3190 0.3010 0.4111 0.4291 0.3389 0.2388 0.3800 0.3291 0.3956 0.4075 0.3606 0.4005 0.3523 0.5352 0.5392 0.3656 0.4991 0.5883 0.6396 0.4654 0.4003 0.4496 0.4622 0.4665 0.5304 0.5266 0.5619 0.6026 0.6327 0.7288 1.0000 0.4693 0.5112 0.4238 0.4194 0.2843 0.4992 0.6676 0.6709 0.4003 0.4175 0.3620 0.3454 0.2791 0.2862 0.4505 0.4365 0.2304 0.3488 0.4723 0.5093 0.4498 0.4788
0.6814 0.5376 0.3787 0.4727 0.2458 0.6162 0.5923 0.4628 0.4275 0.6238 0.6325 0.5543 0.4938 0.4110 0.5095 0.5550 0.5605 0.5686 0.5798 0.4234 0.3033 0.3667 0.2782 0.4723 0.4239 0.3871 0.3033 0.6273 0.5564 0.5982 0.4336 0.4891 0.3637 0.4323 0.5441 0.5026 0.4879 0.5850 0.5248 0.5412 0.5424 0.5091 0.5888 0.5515 0.5024 0.4799 0.6114 0.5627 0.6640 0.4809 0.6556 0.4693 1.0000 0.3221 0.7726 0.3878 0.6425 0.4360 0.5755 0.5541 0.4643 0.4356 0.4685 0.4001 0.3420 0.2745 0.5127 0.4645 0.2972 0.3981 0.5937 0.5136 0.5706 0.4736
0.4086 0.0105 0.5824 0.4455 0.1708 0.4737 0.1536 0.3032 0.2913 0.2730 0.1759 0.2898 0.2852 0.2773 0.3705 0.2748 0.3025 0.5337 0.4418 0.4985 0.5216 0.2222 0.2008 0.2499 0.2657 0.2219 0.2067 0.5636 0.6123 0.2912 0.2449 0.1783 0.1671 0.1684 0.3030 0.2803 0.2526 0.2631 0.2934 0.3051 0.3077 0.3563 0.2932 0.2559 0.2769 0.3372 0.3153 0.3507 0.5333 0.5184 0.7007 0.5112 0.3221 1.0000 0.2839 0.6198 0.2067 0.6828 0.5170 0.5783 0.2472 0.2553 0.2640 0.2153 0.2334 0.1388 0.2929 0.2783 0.1563 0.2293 0.3118 0.3319 0.3268 0.3658
0.7642 0.5076 0.3699 0.4225 0.2393 0.6596 0.5397 0.4180 0.3712 0.6699 0.6107 0.5375 0.4876 0.4346 0.5267 0.7173 0.7498 0.6152 0.6187 0.4191 0.2665 0.3412 0.3118 0.6102 0.5435 0.4828 0.3590 0.6336 0.5515 0.6436 0.5258 0.5327 0.4399 0.5087 0.6258 0.5785 0.6239 0.6430 0.5778 0.5909 0.6440 0.5539 0.6715 0.6166 0.6136 0.5660 0.6895 0.6664 0.6880 0.5708 0.5712 0.4238 0.7726 0.2839 1.0000 0.6034 0.5443 0.4220 0.6001 0.6133 0.5702 0.5204 0.5448 0.5065 0.3481 0.3094 0.5658 0.5291 0.4209 0.5057 0.7711 0.6584 0.6562 0.6009
0.6175 0.3786 0.5311 0.5067 0.2998 0.6696 0.3909 0.3925 0.3438 0.4620 0.2905 0.4456 0.4752 0.3487 0.5467 0.5185 0.6196 0.5378 0.5153 0.5115 0.4279 0.3073 0.3790 0.4415 0.4501 0.3728 0.3452 0.5693 0.6029 0.4274 0.3130 0.3779 0.3218 0.3459 0.5157 0.4807 0.5417 0.4597 0.4684 0.4926 0.5479 0.4717 0.5080 0.4084 0.4697 0.4723 0.4605 0.5307 0.5925 0.6860 0.5916 0.4194 0.3878 0.6198 0.6034 1.0000 0.3057 0.6707 0.6179 0.6063 0.3507 0.4088 0.4437 0.4010 0.2734 0.2226 0.4321 0.4140 0.3043 0.4252 0.5604 0.6093 0.4902 0.5511
0.5327 0.4536 0.5249 0.5216 0.2303 0.6508 0.5433 0.3985 0.3554 0.5102 0.4693 0.5386 0.5017 0.3865 0.4922 0.4399 0.4978 0.4665 0.4234 0.6013 0.4361 0.4222 0.3066 0.3554 0.3243 0.4367 0.4110 0.4071 0.3540 0.6768 0.4608 0.3968 0.3163 0.2910 0.5848 0.5006 0.6158 0.6059 0.4742 0.4813 0.5410 0.4787 0.6315 0.5192 0.4784 0.4227 0.5245 0.4906 0.4363 0.3872 0.4445 0.2843 0.6425 0.2067 0.5443 0.3057 1.0000 0.5384 0.5724 0.5188 0.4962 0.4955 0.4264 0.3909 0.3245 0.2648 0.4971 0.4381 0.2640 0.3632 0.4979 0.4765 0.6281 0.5180
0.5426 0.3084 0.6182 0.5986 0.2563 0.6912 0.4604 0.3961 0.4201 0.4167 0.2765 0.4685 0.4581 0.3231 0.5277 0.4183 0.4537 0.4947 0.4685 0.5737 0.5256 0.3312 0.3361 0.3164 0.3500 0.3312 0.3520 0.5045 0.5332 0.5831 0.4871 0.3157 0.3003 0.2409 0.5065 0.4631 0.5466 0.4936 0.4493 0.4897 0.5518 0.4775 0.5650 0.4818 0.4075 0.4326 0.4462 0.4727 0.5202 0.5595 0.6342 0.4992 0.4360 0.6828 0.4220 0.6707 0.5384 1.0000 0.6688 0.7146 0.4029 0.4467 0.3230 0.3231 0.2482 0.2229 0.4264 0.4198 0.2644 0.3599 0.4547 0.4825 0.4903 0.5549
0.6444 0.5268 0.6651 0.6973 0.3566 0.7308 0.5100 0.5354 0.4616 0.4364 0.4093 0.4969 0.4443 0.4615 0.6374 0.5547 0.5990 0.7412 0.7067 0.6605 0.5772 0.4466 0.4806 0.4381 0.4422 0.4446 0.4020 0.6540 0.6287 0.6932 0.6003 0.5488 0.4870 0.4650 0.7846 0.7062 0.6333 0.6229 0.7361 0.7980 0.6016 0.5917 0.6949 0.6272 0.6294 0.6847 0.6619 0.7295 0.6537 0.6980 0.7527 0.6676 0.5755 0.5170 0.6001 0.6179 0.5724 0.6688 1.0000 0.8821 0.5168 0.4842 0.4103 0.3736 0.2993 0.2565 0.5727 0.5863 0.3175 0.4213 0.6307 0.6554 0.6496 0.6888
0.6333 0.3804 0.5660 0.5945 0.2266 0.6989 0.4520 0.4654 0.4156 0.4445 0.4195 0.4607 0.3737 0.4153 0.5198 0.5699 0.6066 0.6751 0.7031 0.5412 0.4843 0.3852 0.3433 0.4633 0.4629 0.4209 0.2900 0.6612 0.6426 0.6886 0.7099 0.4990 0.4916 0.4585 0.7308 0.7018 0.5841 0.6882 0.7123 0.7571 0.6133 0.5750 0.6685 0.5836 0.6259 0.6442 0.7271 0.6904 0.6417 0.6000 0.7410 0.6709 0.5541 0.5783 0.6133 0.6063 0.5188 0.7146 0.8821 1.0000 0.4948 0.4393 0.3811 0.3565 0.2805 0.2610 0.5417 0.5591 0.3513 0.4495 0.6432 0.6058 0.6275 0.6258
0.5929 0.4143 0.4964 0.4893 0.0816 0.6164 0.4501 0.2621 0.2639 0.4203 0.4145 0.4229 0.2943 0.4398 0.3758 0.3865 0.4977 0.5359 0.5193 0.5165 0.4096 0.2090 0.1927 0.3770 0.3137 0.5020 0.4226 0.4156 0.3390 0.5633 0.5153 0.4523 0.4245 0.3693 0.6059 0.4927 0.5305 0.5243 0.5604 0.5155 0.5645 0.5471 0.5163 0.5799 0.4712 0.4893 0.5350 0.5287 0.4465 0.4797 0.4580 0.4003 0.4643 0.2472 0.5702 0.3507 0.4962 0.4029 0.5168 0.4948 1.0000 0.7365 0.5515 0.4089 0.4824 0.4114 0.6652 0.7362 0.1315 0.2423 0.4961 0.4504 0.4792 0.4306
0.5717 0.4222 0.5351 0.5849 0.1676 0.6253 0.5831 0.2316 0.3442 0.5016 0.5440 0.5572 0.5346 0.3319 0.4846 0.4451 0.5683 0.5307 0.5087 0.5645 0.5007 0.1888 0.2728 0.4460 0.4339 0.6137 0.6239 0.4169 0.3788 0.5164 0.3423 0.4258 0.4021 0.3510 0.5305 0.4715 0.5540 0.5322 0.4452 0.4324 0.5563 0.5053 0.5022 0.4879 0.3835 0.4030 0.4150 0.4546 0.3949 0.4975 0.4230 0.4175 0.4356 0.2553 0.5204 0.4088 0.4955 0.4467 0.4842 0.4393 0.7365 1.0000 0.5971 0.6059 0.4149 0.4768 0.5608 0.5343 0.2590 0.3406 0.5240 0.5386 0.4842 0.5285
0.5838 0.4421 0.4461 0.4545 0.1409 0.5442 0.4685 0.2911 0.2880 0.6033 0.5423 0.5585 0.5297 0.5286 0.5135 0.6095 0.5980 0.5265 0.4726 0.4929 0.4011 0.2670 0.3288 0.7375 0.6352 0.5464 0.4565 0.3881 0.3451 0.3854 0.2349 0.3867 0.4514 0.4692 0.4592 0.3914 0.5029 0.5289 0.4083 0.3673 0.5247 0.4472 0.4502 0.3280 0.5193 0.4342 0.4788 0.5436 0.4636 0.4740 0.4180 0.3620 0.4685 0.2640 0.5448 0.4437 0.4264 0.3230 0.4103 0.3811 0.5515 0.5971 1.0000 0.8105 0.7309 0.6076 0.3336 0.3382 0.3940 0.4656 0.6456 0.6296 0.5038 0.4574
0.5352 0.4067 0.4217 0.4554 0.1390 0.4985 0.4932 0.2214 0.3159 0.6057 0.6055 0.6276 0.6428 0.3934 0.5228 0.6744 0.6279 0.4725 0.4607 0.4656 0.4147 0.2077 0.3364 0.7547 0.7655 0.5860 0.5297 0.3175 0.2899 0.3433 0.1852 0.3257 0.3878 0.3869 0.3967 0.3878 0.5085 0.5094 0.3561 0.3154 0.5110 0.3775 0.4226 0.2268 0.4336 0.3606 0.4311 0.4631 0.4051 0.4133 0.3486 0.3454 0.4001 0.2153 0.5065 0.4010 0.3909 0.3231 0.3736 0.3565 0.4089 0.6059 0.8105 1.0000 0.5256 0.6512 0.1856 0.1355 0.5278 0.5513 0.6740 0.7031 0.4922 0.5317
0.4215 0.3072 0.3849 0.3593 0.0941 0.4228 0.3230 0.2337 0.1156 0.3529 0.3010 0.3001 0.2671 0.3196 0.2768 0.3228 0.3306 0.3752 0.3422 0.3896 0.3377 0.2078 0.1274 0.3535 0.2387 0.2557 0.1719 0.2711 0.2308 0.3187 0.2396 0.1263 0.1472 0.2700 0.3029 0.1580 0.3836 0.4133 0.2179 0.2384 0.4235 0.3582 0.2752 0.2329 0.2858 0.3361 0.3101 0.3350 0.3266 0.3394 0.3526 0.2791 0.3420 0.2334 0.3481 0.2734 0.3245 0.2482 0.2993 0.2805 0.4824 0.4149 0.7309 0.5256 1.0000 0.6643 0.3184 0.3081 0.0622 0.1850 0.3237 0.2938 0.2287 0.1359
0.3948 0.2440 0.3613 0.2923 0.0473 0.3855 0.2389 0.1231 0.0697 0.3420 0.3164 0.2960 0.2723 0.1278 0.2649 0.3911 0.3357 0.3184 0.3129 0.3468 0.2866 0.0761 0.0669 0.4031 0.3391 0.2666 0.1703 0.2500 0.1996 0.2387 0.1735 0.1117 0.1044 0.1914 0.2272 0.1610 0.3354 0.3408 0.1960 0.2132 0.4098 0.2755 0.2331 0.1219 0.2177 0.2331 0.2903 0.2689 0.3019 0.2818 0.3046 0.2862 0.2745 0.1388 0.3094 0.2226 0.2648 0.2229 0.2565 0.2610 0.4114 0.4768 0.6076 0.6512 0.6643 1.0000 0.2024 0.1895 0.1886 0.2517 0.3753 0.3060 0.1420 0.1092
0.6438 0.4738 0.4787 0.4680 0.1322 0.5897 0.4102 0.3723 0.2629 0.4077 0.3603 0.4160 0.2382 0.3678 0.3340 0.3689 0.5000 0.5841 0.5594 0.4876 0.3536 0.2447 0.1507 0.2193 0.1397 0.3762 0.3343 0.4239 0.3474 0.6034 0.5453 0.5287 0.4532 0.4095 0.6805 0.6150 0.4949 0.4996 0.6196 0.6379 0.4905 0.4710 0.5741 0.6700 0.4617 0.5090 0.5899 0.5568 0.5759 0.5444 0.5272 0.4505 0.5127 0.2929 0.5658 0.4321 0.4971 0.4264 0.5727 0.5417 0.6652 0.5608 0.3336 0.1856 0.3184 0.2024 1.0000 0.8536 0.1503 0.3115 0.4894 0.4266 0.5847 0.4854
0.5927 0.4656 0.4242 0.4566 0.1736 0.5462 0.3868 0.3577 0.3029 0.2944 0.2948 0.3131 0.1595 0.4063 0.3661 0.3034 0.4534 0.5355 0.5244 0.4228 0.3215 0.2415 0.2346 0.2305 0.1397 0.3651 0.3062 0.4039 0.3462 0.5716 0.5898 0.5314 0.4956 0.4216 0.6835 0.6053 0.5009 0.4986 0.6466 0.6486 0.5162 0.5242 0.5614 0.6864 0.4829 0.5056 0.5645 0.5680 0.5196 0.5487 0.5061 0.4365 0.4645 0.2783 0.5291 0.4140 0.4381 0.4198 0.5863 0.5591 0.7362 0.5343 0.3382 0.1355 0.3081 0.1895 0.8536 1.0000 0.0690 0.2480 0.4464 0.3963 0.4759 0.4255
0.3700 0.2688 0.1951 0.2326 0.1173 0.2970 0.3011 0.2755 0.3544 0.5119 0.5120 0.5243 0.4755 0.3230 0.4534 0.7732 0.5473 0.3426 0.3643 0.2081 0.1618 0.1899 0.2632 0.6978 0.7299 0.5338 0.3980 0.2238 0.2063 0.2702 0.1472 0.3357 0.4253 0.3008 0.3642 0.4486 0.3046 0.3099 0.3436 0.3542 0.3052 0.2623 0.4677 0.2741 0.4270 0.3968 0.4274 0.4544 0.3789 0.3368 0.2663 0.2304 0.2972 0.1563 0.4209 0.3043 0.2640 0.2644 0.3175 0.3513 0.1315 0.2590 0.3940 0.5278 0.0622 0.1886 0.1503 0.0690 1.0000 0.8325 0.7301 0.6260 0.6178 0.6089
0.4966 0.4532 0.3239 0.3842 0.0610 0.4236 0.4146 0.3023 0.3307 0.5593 0.6138 0.5676 0.5502 0.3830 0.4908 0.8132 0.7309 0.4717 0.5162 0.3244 0.2314 0.2245 0.2549 0.6737 0.7376 0.5688 0.4322 0.2754 0.2513 0.3405 0.2618 0.3499 0.4777 0.3608 0.4486 0.5145 0.3954 0.4386 0.4468 0.4399 0.4127 0.3565 0.5091 0.3577 0.4765 0.4268 0.5009 0.5179 0.5024 0.5079 0.3452 0.3488 0.3981 0.2293 0.5057 0.4252 0.3632 0.3599 0.4213 0.4495 0.2423 0.3406 0.4656 0.5513 0.1850 0.2517 0.3115 0.2480 0.8325 1.0000 0.7217 0.7287 0.6077 0.6460
0.7193 0.5133 0.4107 0.4658 0.2063 0.6231 0.5030 0.4456 0.4462 0.7030 0.6144 0.6712 0.5614 0.5414 0.6205 0.8867 0.8180 0.6700 0.6743 0.4522 0.3350 0.3284 0.3796 0.8306 0.7732 0.5978 0.4533 0.4997 0.4276 0.5775 0.4474 0.6179 0.6166 0.6053 0.6799 0.6899 0.5600 0.6039 0.6346 0.6664 0.5698 0.4690 0.6905 0.5231 0.7000 0.6682 0.7231 0.7631 0.6557 0.6067 0.5658 0.4723 0.5937 0.3118 0.7711 0.5604 0.4979 0.4547 0.6307 0.6432 0.4961 0.5240 0.6456 0.6740 0.3237 0.3753 0.4894 0.4464 0.7301 0.7217 1.0000 0.8497 0.8156 0.7715
0.6532 0.6028 0.4861 0.5785 0.2304 0.6298 0.5767 0.4399 0.4468 0.6744 0.6356 0.7159 0.6604 0.5572 0.6868 0.7917 0.8249 0.6550 0.6455 0.5429 0.4414 0.3785 0.4910 0.7550 0.8108 0.6493 0.5559 0.4386 0.4029 0.5509 0.4208 0.5486 0.5865 0.5291 0.6758 0.6892 0.5729 0.6052 0.6841 0.6422 0.5512 0.4766 0.6162 0.4866 0.6083 0.5786 0.6326 0.6832 0.5919 0.6808 0.5194 0.5093 0.5136 0.3319 0.6584 0.6093 0.4765 0.4825 0.6554 0.6058 0.4504 0.5386 0.6296 0.7031 0.2938 0.3060 0.4266 0.3963 0.6260 0.7287 0.8497 1.0000 0.7437 0.8473
0.6880 0.4901 0.4963 0.5060 0.1845 0.6444 0.4655 0.4476 0.4305 0.6392 0.5284 0.6959 0.5039 0.5253 0.5481 0.6891 0.6608 0.6527 0.6325 0.5431 0.4079 0.3772 0.3350 0.6341 0.5970 0.5926 0.4719 0.4572 0.3914 0.6310 0.4758 0.6151 0.5879 0.5081 0.7459 0.7356 0.5556 0.5980 0.6562 0.6832 0.5158 0.4767 0.7260 0.6002 0.6694 0.6672 0.7444 0.7448 0.6178 0.5668 0.5585 0.4498 0.5706 0.3268 0.6562 0.4902 0.6281 0.4903 0.6496 0.6275 0.4792 0.4842 0.5038 0.4922 0.2287 0.1420 0.5847 0.4759 0.6178 0.6077 0.8156 0.7437 1.0000 0.8252
0.5932 0.5075 0.4916 0.5735 0.2396 0.5918 0.5508 0.4368 0.4914 0.6042 0.5893 0.6841 0.6166 0.4780 0.6653 0.7087 0.7170 0.6139 0.5935 0.5438 0.4747 0.3632 0.4586 0.6491 0.6916 0.6192 0.5890 0.4310 0.4043 0.6124 0.4778 0.5621 0.5436 0.4579 0.7009 0.7370 0.5748 0.5687 0.6338 0.6573 0.5295 0.5099 0.6958 0.5906 0.5994 0.6248 0.6345 0.6843 0.5409 0.6226 0.5269 0.4788 0.4736 0.3658 0.6009 0.5511 0.5180 0.5549 0.6888 0.6258 0.4306 0.5285 0.4574 0.5317 0.1359 0.1092 0.4854 0.4255 0.6089 0.6460 0.7715 0.8473 0.8252 1.0000
