1.0000 0.5922 0.6895 0.6413 0.2784 0.6870 0.5482 0.1935 0.2208 0.6799 0.3109 0.6329 0.4404 0.2379 0.0980 0.5734 0.3183 0.6223 0.5838 0.5567 0.5265 0.2011 0.2423 0.4548 0.1527 0.3242 0.3629 0.6894 0.6062 0.5290 0.5002 -0.0121 0.1811 -0.1750 0.3773 0.4690 0.6471 0.5980 0.4555 0.3249 0.6436 0.5689 0.6405 0.4964 0.3902 0.0935 0.0889 0.2693 0.8744 0.4636 0.5845 0.4109 0.7584 0.3513 0.7572 0.3858 0.6650 0.5686 0.6761 0.6297 0.3961 0.4475 0.4661 0.4382 0.4858 0.4733 0.4176 0.4616 0.2059 0.2672 0.3054 0.4078 0.3062 0.1826
0.5922 1.0000 0.5528 0.6607 0.2271 0.5117 0.5922 0.1885 0.1284 0.2411 0.7174 0.2132 0.5695 0.0569 0.1822 0.3640 0.6698 0.5731 0.5698 0.4367 0.4513 0.1464 0.1443 0.2347 0.3161 0.2676 0.3162 0.5802 0.5473 0.4557 0.4199 -0.1014 0.1585 -0.1634 0.2713 0.4447 0.5504 0.5584 0.3163 0.2846 0.5667 0.5481 0.5161 0.5694 0.2600 0.1697 0.0571 0.2557 0.4375 0.8085 0.5899 0.4359 0.5669 0.3449 0.4566 0.6793 0.5409 0.5940 0.5996 0.5668 0.2944 0.4264 0.3258 0.5480 0.3957 0.5244 0.3190 0.4690 0.1120 0.3395 0.2396 0.5185 0.1947 0.3748
0.6895 0.5528 1.0000 0.7818 0.2969 0.9212 0.6700 0.1435 0.1604 0.2952 0.3577 0.3599 0.5261 -0.0312 0.0976 0.5271 0.3139 0.6956 0.6061 0.8646 0.7953 0.2234 0.3473 0.4307 0.2241 0.4657 0.5025 0.7316 0.6520 0.6458 0.5949 0.1280 0.2750 -0.2322 0.4778 0.4678 0.6006 0.5493 0.5267 0.3759 0.5129 0.4981 0.6495 0.4394 0.5017 0.1322 0.2854 0.3484 0.4823 0.4145 0.4338 0.3356 0.6006 0.3695 0.6247 0.3794 0.6660 0.5866 0.7090 0.6060 0.4914 0.5394 0.4886 0.5163 0.5416 0.5063 0.5178 0.5054 0.2711 0.2847 0.3733 0.4011 0.3576 0.2942
0.6413 0.6607 0.7818 1.0000 0.3586 0.6716 0.8910 0.3173 0.2520 0.3170 0.3449 0.3001 0.6077 0.1470 0.0745 0.4335 0.2662 0.7116 0.6182 0.7896 0.8209 0.2845 0.3690 0.3451 0.2030 0.4071 0.5345 0.6410 0.6490 0.5408 0.5799 0.0151 0.2435 -0.1963 0.3029 0.4479 0.5143 0.5738 0.3645 0.3326 0.5086 0.5410 0.5169 0.5236 0.2985 0.1166 0.1022 0.3818 0.5312 0.4110 0.5302 0.3572 0.6095 0.2932 0.5547 0.2818 0.5852 0.6223 0.6607 0.6303 0.4055 0.5655 0.3670 0.5031 0.4065 0.4981 0.4185 0.5209 0.1668 0.3220 0.2902 0.3991 0.2595 0.1983
0.2784 0.2271 0.2969 0.3586 1.0000 0.2818 0.3404 0.6044 0.8556 0.3055 0.3076 0.4043 0.4943 0.4326 0.7381 0.4355 0.2908 0.0905 0.1362 0.4312 0.4118 0.7030 0.6500 0.4759 0.4274 0.5249 0.5488 0.3816 0.4207 0.2925 0.3346 0.2054 0.3364 0.0200 0.1097 0.2748 0.5008 0.3670 0.2480 0.1079 0.4424 0.5131 0.3839 0.4333 0.0733 -0.0764 -0.0727 0.0562 0.3268 0.3038 0.2848 0.2356 0.4480 0.3379 0.4192 0.3311 0.4144 0.4460 0.3154 0.3900 0.4272 0.5522 0.4014 0.4623 0.4432 0.4021 0.3545 0.3553 0.2760 0.2510 0.3519 0.3831 0.2224 0.1348
0.6870 0.5117 0.9212 0.6716 0.2818 1.0000 0.5996 0.1464 0.1967 0.2771 0.3629 0.3746 0.5070 -0.0898 0.1048 0.5543 0.3247 0.5933 0.5203 0.7474 0.6666 0.1937 0.2771 0.4282 0.2134 0.4292 0.4560 0.7159 0.6388 0.5739 0.5053 0.0706 0.2421 -0.2774 0.4583 0.4588 0.6304 0.5760 0.5329 0.3242 0.6106 0.5387 0.7251 0.4289 0.5142 0.0770 0.2463 0.2746 0.4666 0.4073 0.4647 0.3677 0.6774 0.4026 0.6736 0.4061 0.6951 0.5791 0.6644 0.6133 0.4640 0.5011 0.4866 0.4852 0.5532 0.4875 0.4644 0.4783 0.3045 0.2566 0.4014 0.3801 0.3429 0.2562
0.5482 0.5922 0.6700 0.8910 0.3404 0.5996 1.0000 0.3147 0.2676 0.3328 0.3378 0.3007 0.7045 0.0891 0.0946 0.4344 0.2490 0.5998 0.5357 0.7341 0.7907 0.2291 0.3629 0.4073 0.2490 0.4126 0.5398 0.6108 0.6688 0.4969 0.5688 0.0241 0.3715 -0.1943 0.3201 0.4733 0.4491 0.5549 0.3480 0.3860 0.3931 0.4827 0.4358 0.5291 0.2743 0.2162 0.1751 0.4396 0.4642 0.3288 0.4470 0.2837 0.5284 0.2476 0.5288 0.2336 0.5030 0.5700 0.6044 0.5705 0.4611 0.6371 0.4324 0.5359 0.4622 0.5654 0.4421 0.5594 0.1952 0.3203 0.2951 0.4426 0.2656 0.2362
0.1935 0.1885 0.1435 0.3173 0.6044 0.1464 0.3147 1.0000 0.6421 0.3527 0.1952 0.4364 0.3529 0.7175 0.5138 0.4181 0.2716 -0.0462 0.2095 0.3391 0.3662 0.7848 0.6285 0.4846 0.3577 0.5604 0.4617 0.2889 0.3169 0.1485 0.3026 0.2495 0.2838 0.1372 -0.0475 0.1815 0.3446 0.3577 0.0622 0.0603 0.2866 0.4844 0.1550 0.3940 -0.1041 -0.1089 -0.0464 0.0897 0.2935 0.2593 0.2401 0.2170 0.3939 0.2298 0.3889 0.2035 0.3523 0.4225 0.2097 0.4684 0.4986 0.4252 0.4231 0.3928 0.3668 0.3449 0.3766 0.3663 0.2392 0.2200 0.3638 0.2554 0.3337 -0.0927
0.2208 0.1284 0.1604 0.2520 0.8556 0.1967 0.2676 0.6421 1.0000 0.2952 0.2455 0.4144 0.5203 0.5106 0.8159 0.3710 0.2156 0.0120 0.0268 0.2815 0.2614 0.6698 0.5996 0.4020 0.3444 0.4534 0.4734 0.2704 0.3122 0.1831 0.2178 0.2241 0.2655 0.1079 0.0182 0.2110 0.4367 0.3399 0.1538 0.0443 0.4052 0.5108 0.2790 0.4087 -0.0122 -0.1198 -0.1153 -0.0038 0.2886 0.1907 0.2576 0.1999 0.4626 0.2714 0.3539 0.1944 0.3873 0.3917 0.2278 0.3524 0.3646 0.4553 0.3473 0.3566 0.3549 0.2865 0.2910 0.2895 0.2224 0.2084 0.2874 0.3003 0.1705 0.0577
0.6799 0.2411 0.2952 0.3170 0.3055 0.2771 0.3328 0.3527 0.2952 1.0000 0.2528 0.8986 0.3962 0.5205 0.2274 0.4598 0.2551 0.2444 0.2697 0.3770 0.3611 0.3091 0.3649 0.5864 0.2018 0.3744 0.3776 0.4173 0.4128 0.3008 0.3263 0.1182 0.2951 -0.0186 0.1951 0.2997 0.3063 0.3562 0.1841 0.2151 0.2362 0.3205 0.2599 0.3254 0.1444 0.1454 0.1083 0.2104 0.7242 0.2020 0.2212 0.1205 0.3952 0.1464 0.6449 0.2058 0.3662 0.3054 0.3841 0.3912 0.4743 0.4419 0.5545 0.3865 0.4482 0.3587 0.4579 0.4243 0.1457 0.2082 0.1507 0.3261 0.3665 0.2093
0.3109 0.7174 0.3577 0.3449 0.3076 0.3629 0.3378 0.1952 0.2455 0.2528 1.0000 0.3087 0.7082 0.0983 0.5305 0.3748 0.8804 0.3199 0.3002 0.3859 0.3874 0.2204 0.2995 0.3690 0.5927 0.4392 0.4699 0.4674 0.4746 0.3753 0.3524 0.1566 0.3226 -0.0431 0.2546 0.3622 0.3433 0.4112 0.2714 0.2581 0.3354 0.3860 0.3807 0.4283 0.2378 0.2080 0.2243 0.1942 0.1869 0.6964 0.2666 0.1932 0.3135 0.2635 0.3848 0.7532 0.3970 0.4032 0.3955 0.3943 0.4275 0.5112 0.4765 0.6811 0.4888 0.5314 0.4441 0.5116 0.2364 0.4305 0.3322 0.6364 0.3836 0.6457
0.6329 0.2132 0.3599 0.3001 0.4043 0.3746 0.3007 0.4364 0.4144 0.8986 0.3087 1.0000 0.4660 0.5734 0.3722 0.5392 0.3054 0.1831 0.2765 0.4547 0.4290 0.4646 0.4974 0.6443 0.3151 0.5581 0.5129 0.4897 0.4666 0.3894 0.3641 0.2086 0.3352 0.0187 0.2730 0.3873 0.4203 0.4497 0.2904 0.2592 0.3371 0.4563 0.3674 0.4568 0.2059 0.1720 0.1344 0.2348 0.6500 0.2136 0.2263 0.1400 0.4545 0.2134 0.6641 0.2377 0.4878 0.4179 0.4089 0.4682 0.5862 0.5311 0.6319 0.4969 0.5369 0.4351 0.5259 0.4708 0.2646 0.2930 0.2635 0.3982 0.4718 0.2797
0.4404 0.5695 0.5261 0.6077 0.4943 0.5070 0.7045 0.3529 0.5203 0.3962 0.7082 0.4660 1.0000 0.1674 0.5433 0.5253 0.5810 0.4516 0.3245 0.6322 0.6426 0.3694 0.5256 0.5203 0.4970 0.6047 0.7072 0.6289 0.6863 0.5406 0.5172 0.2167 0.5004 -0.0990 0.3550 0.5320 0.4411 0.5764 0.3669 0.3965 0.4115 0.5222 0.4962 0.5968 0.3107 0.2907 0.2830 0.3787 0.3309 0.3957 0.3226 0.1199 0.4751 0.1832 0.5854 0.4305 0.5884 0.5002 0.5407 0.5209 0.6313 0.7787 0.6395 0.7368 0.6423 0.6533 0.5999 0.6664 0.3160 0.4760 0.4087 0.6842 0.4874 0.6007
0.2379 0.0569 -0.0312 0.1470 0.4326 -0.0898 0.0891 0.7175 0.5106 0.5205 0.0983 0.5734 0.1674 1.0000 0.4420 0.2890 0.1721 -0.0622 0.1657 0.1765 0.2055 0.6420 0.4793 0.4022 0.2632 0.3922 0.2867 0.1580 0.1452 0.0937 0.2152 0.3241 0.1908 0.4249 -0.0994 0.0743 0.2340 0.2067 0.0030 -0.0024 0.1309 0.3180 -0.0165 0.2633 -0.1732 -0.1099 -0.1646 0.0591 0.3886 0.1647 0.1182 0.1434 0.2778 0.1716 0.2836 0.1073 0.1777 0.2839 0.1206 0.3074 0.3273 0.2518 0.2767 0.2415 0.1405 0.1740 0.2946 0.2442 0.1448 0.1292 0.2298 0.1605 0.2384 -0.1230
0.0980 0.1822 0.0976 0.0745 0.7381 0.1048 0.0946 0.5138 0.8159 0.2274 0.5305 0.3722 0.5433 0.4420 1.0000 0.3243 0.4760 -0.0501 0.0183 0.2107 0.2064 0.5603 0.5645 0.4046 0.5721 0.4466 0.4355 0.2195 0.2464 0.1868 0.2072 0.3561 0.3464 0.1578 0.0824 0.2065 0.3174 0.2624 0.1745 0.1007 0.2586 0.3886 0.2194 0.3504 0.0276 -0.0165 0.0392 0.0021 0.1373 0.3344 0.1296 0.1442 0.2820 0.2832 0.2570 0.4030 0.2963 0.3091 0.1677 0.2753 0.3790 0.4349 0.3799 0.4728 0.3712 0.3131 0.3549 0.3235 0.2545 0.2902 0.3182 0.4248 0.2779 0.3178
0.5734 0.3640 0.5271 0.4335 0.4355 0.5543 0.4344 0.4181 0.3710 0.4598 0.3748 0.5392 0.5253 0.2890 0.3243 1.0000 0.4962 0.3957 0.3758 0.5590 0.5473 0.4179 0.4847 0.8409 0.6214 0.5834 0.6207 0.6642 0.6294 0.6058 0.6091 0.4596 0.6347 -0.0966 0.4965 0.6396 0.5694 0.5836 0.6515 0.5047 0.5049 0.4821 0.6218 0.4873 0.4428 0.2013 0.3845 0.4584 0.4513 0.2803 0.3389 0.1515 0.5195 0.1542 0.7444 0.3375 0.6104 0.4112 0.5662 0.5822 0.6787 0.6691 0.7563 0.6825 0.7469 0.6755 0.6941 0.6959 0.8209 0.7248 0.8496 0.7410 0.7013 0.3809
0.3183 0.6698 0.3139 0.2662 0.2908 0.3247 0.2490 0.2716 0.2156 0.2551 0.8804 0.3054 0.5810 0.1721 0.4760 0.4962 1.0000 0.2305 0.3351 0.3317 0.3468 0.2501 0.2901 0.4224 0.6643 0.4690 0.4755 0.4451 0.4308 0.3728 0.3853 0.2365 0.3842 -0.0301 0.2519 0.3682 0.3787 0.4112 0.2946 0.2619 0.3435 0.3957 0.3556 0.4056 0.2173 0.1544 0.2488 0.2066 0.2175 0.7477 0.2854 0.2700 0.2983 0.2869 0.4201 0.7970 0.4062 0.4129 0.3983 0.4607 0.4518 0.4827 0.5027 0.6892 0.5070 0.5498 0.4930 0.5551 0.3807 0.5834 0.4346 0.7157 0.4139 0.5534
0.6223 0.5731 0.6956 0.7116 0.0905 0.5933 0.5998 -0.0462 0.0120 0.2444 0.3199 0.1831 0.4516 -0.0622 -0.0501 0.3957 0.2305 1.0000 0.6425 0.6067 0.5587 -0.0460 0.0840 0.2163 0.0489 0.1934 0.3154 0.6419 0.5850 0.6233 0.5169 0.0127 0.1787 -0.2068 0.4643 0.4624 0.4344 0.4393 0.4791 0.4957 0.3448 0.2336 0.4925 0.3589 0.4831 0.3443 0.2933 0.4609 0.3858 0.2443 0.3267 0.0656 0.4042 0.0528 0.4671 0.2072 0.4774 0.3470 0.6965 0.3512 0.2766 0.4301 0.2989 0.3767 0.3247 0.3668 0.4087 0.4304 0.1290 0.3135 0.2860 0.4341 0.2874 0.4090
0.5838 0.5698 0.6061 0.6182 0.1362 0.5203 0.5357 0.2095 0.0268 0.2697 0.3002 0.2765 0.3245 0.1657 0.0183 0.3758 0.3351 0.6425 1.0000 0.5596 0.6110 0.1912 0.2474 0.2484 0.1896 0.3932 0.3421 0.6683 0.6018 0.4699 0.5265 0.0679 0.1256 -0.0689 0.3444 0.3821 0.4743 0.5010 0.3839 0.3684 0.3569 0.4687 0.3466 0.4303 0.3013 0.2201 0.2234 0.3427 0.4293 0.5061 0.4129 0.4628 0.4506 0.4591 0.4197 0.4285 0.4118 0.6148 0.6258 0.6522 0.4158 0.4289 0.3526 0.4303 0.3516 0.4379 0.4487 0.4759 0.1760 0.3010 0.3091 0.3966 0.2792 0.1902
0.5567 0.4367 0.8646 0.7896 0.4312 0.7474 0.7341 0.3391 0.2815 0.3770 0.3859 0.4547 0.6322 0.1765 0.2107 0.5590 0.3317 0.6067 0.5596 1.0000 0.9449 0.4456 0.5758 0.5495 0.3293 0.6853 0.7088 0.7496 0.7191 0.6606 0.6809 0.2747 0.4293 -0.1146 0.4480 0.4782 0.5491 0.5623 0.4776 0.4352 0.3873 0.4902 0.5107 0.4776 0.4173 0.2281 0.3583 0.4454 0.4299 0.3160 0.3465 0.2337 0.5048 0.2915 0.6280 0.3164 0.6284 0.5785 0.7000 0.6177 0.6745 0.7170 0.6123 0.6267 0.6106 0.5863 0.6603 0.6236 0.3173 0.3477 0.4358 0.4756 0.4860 0.3559
0.5265 0.4513 0.7953 0.8209 0.4118 0.6666 0.7907 0.3662 0.2614 0.3611 0.3874 0.4290 0.6426 0.2055 0.2064 0.5473 0.3468 0.5587 0.6110 0.9449 1.0000 0.4047 0.5834 0.5214 0.3710 0.6925 0.7390 0.7267 0.7232 0.6459 0.7049 0.2743 0.4622 -0.0998 0.4452 0.5028 0.5023 0.5815 0.4514 0.4460 0.3637 0.5134 0.4743 0.5153 0.3792 0.2371 0.3391 0.4973 0.4150 0.3321 0.3274 0.2561 0.4722 0.3182 0.5861 0.3089 0.5719 0.6132 0.6482 0.6514 0.6719 0.7378 0.5880 0.6648 0.5950 0.6427 0.6465 0.6572 0.3325 0.3997 0.4400 0.4863 0.4868 0.3217
0.2011 0.1464 0.2234 0.2845 0.7030 0.1937 0.2291 0.7848 0.6698 0.3091 0.2204 0.4646 0.3694 0.6420 0.5603 0.4179 0.2501 -0.0460 0.1912 0.4456 0.4047 1.0000 0.8468 0.5205 0.4350 0.6796 0.5282 0.3210 0.3040 0.2135 0.3062 0.3365 0.2485 0.1993 0.0222 0.1889 0.4333 0.3423 0.1975 0.0745 0.3540 0.5021 0.2366 0.3989 -0.0028 -0.0781 0.0077 0.0425 0.2739 0.2709 0.2736 0.2641 0.3945 0.3086 0.3589 0.2480 0.3894 0.4370 0.2925 0.4665 0.5142 0.4417 0.4289 0.3931 0.3782 0.2905 0.3783 0.3060 0.2827 0.2328 0.3969 0.2898 0.3336 0.0225
0.2423 0.1443 0.3473 0.3690 0.6500 0.2771 0.3629 0.6285 0.5996 0.3649 0.2995 0.4974 0.5256 0.4793 0.5645 0.4847 0.2901 0.0840 0.2474 0.5758 0.5834 0.8468 1.0000 0.6002 0.5499 0.7452 0.6662 0.4109 0.4107 0.3440 0.4426 0.4494 0.4337 0.0773 0.2246 0.3475 0.3864 0.4185 0.3487 0.2895 0.2882 0.4651 0.2918 0.4385 0.1587 0.1134 0.2642 0.2560 0.2706 0.2079 0.2010 0.1792 0.3252 0.2615 0.3969 0.2147 0.4105 0.4206 0.3756 0.5014 0.6242 0.5945 0.5290 0.5148 0.4607 0.3851 0.4931 0.4216 0.3920 0.3741 0.4795 0.4239 0.4925 0.2301
0.4548 0.2347 0.4307 0.3451 0.4759 0.4282 0.4073 0.4846 0.4020 0.5864 0.3690 0.6443 0.5203 0.4022 0.4046 0.8409 0.4224 0.2163 0.2484 0.5495 0.5214 0.5205 0.6002 1.0000 0.7111 0.5889 0.5620 0.5661 0.5690 0.4966 0.5574 0.5743 0.7110 0.1046 0.4206 0.5378 0.4022 0.4689 0.5815 0.4686 0.2856 0.3768 0.4352 0.4009 0.3476 0.2249 0.4397 0.4492 0.4098 0.1912 0.1692 0.0457 0.3536 0.0895 0.6531 0.2612 0.4328 0.2937 0.4303 0.4956 0.7248 0.6641 0.8145 0.6535 0.7527 0.6220 0.7020 0.6639 0.7131 0.5531 0.7529 0.6618 0.7135 0.4234
0.1527 0.3161 0.2241 0.2030 0.4274 0.2134 0.2490 0.3577 0.3444 0.2018 0.5927 0.3151 0.4970 0.2632 0.5721 0.6214 0.6643 0.0489 0.1896 0.3293 0.3710 0.4350 0.5499 0.7111 1.0000 0.4740 0.4668 0.3283 0.3385 0.3023 0.3990 0.5904 0.6307 0.1008 0.3023 0.4143 0.2365 0.3161 0.5051 0.3798 0.1881 0.3049 0.2768 0.3336 0.2235 0.1435 0.3645 0.3094 0.1176 0.3961 0.1116 0.1274 0.1593 0.1626 0.3125 0.4502 0.2434 0.2326 0.2391 0.3844 0.4688 0.4769 0.5322 0.6687 0.5119 0.5321 0.4952 0.5074 0.7095 0.7086 0.7111 0.7245 0.5728 0.4752
0.3242 0.2676 0.4657 0.4071 0.5249 0.4292 0.4126 0.5604 0.4534 0.3744 0.4392 0.5581 0.6047 0.3922 0.4466 0.5834 0.4690 0.1934 0.3932 0.6853 0.6925 0.6796 0.7452 0.5889 0.4740 1.0000 0.9084 0.6427 0.6340 0.5068 0.5111 0.3428 0.4395 0.0465 0.3392 0.4375 0.4860 0.5574 0.3454 0.3167 0.3777 0.5622 0.4043 0.5291 0.2803 0.2032 0.3016 0.3275 0.2669 0.2807 0.2000 0.1806 0.3736 0.2739 0.5684 0.3705 0.5167 0.5383 0.4348 0.6020 0.7896 0.7328 0.7122 0.6958 0.6657 0.6278 0.6501 0.6136 0.4209 0.4652 0.4885 0.5540 0.5807 0.3569
0.3629 0.3162 0.5025 0.5345 0.5488 0.4560 0.5398 0.4617 0.4734 0.3776 0.4699 0.5129 0.7072 0.2867 0.4355 0.6207 0.4755 0.3154 0.3421 0.7088 0.7390 0.5282 0.6662 0.5620 0.4668 0.9084 1.0000 0.6320 0.6667 0.5399 0.5282 0.2911 0.4969 -0.0905 0.3708 0.4924 0.4733 0.5683 0.3511 0.3560 0.4119 0.5206 0.4604 0.5329 0.3154 0.2226 0.2814 0.3765 0.2992 0.2373 0.2272 0.1263 0.3860 0.1874 0.6136 0.3339 0.5339 0.5069 0.4657 0.5564 0.7231 0.7729 0.6816 0.7129 0.6631 0.6470 0.6413 0.6428 0.4637 0.5821 0.4692 0.6205 0.5427 0.4243
0.6894 0.5802 0.7316 0.6410 0.3816 0.7159 0.6108 0.2889 0.2704 0.4173 0.4674 0.4897 0.6289 0.1580 0.2195 0.6642 0.4451 0.6419 0.6683 0.7496 0.7267 0.3210 0.4109 0.5661 0.3283 0.6427 0.6320 1.0000 0.9494 0.8013 0.7305 0.2373 0.4699 -0.1490 0.6125 0.7033 0.7197 0.7861 0.6332 0.5820 0.5807 0.6638 0.6904 0.6765 0.5377 0.3852 0.3845 0.5471 0.5003 0.4027 0.3940 0.2290 0.6203 0.2864 0.7540 0.4437 0.7294 0.6695 0.7635 0.7408 0.7298 0.7772 0.7284 0.7272 0.7522 0.7632 0.7254 0.7632 0.3749 0.3847 0.5563 0.6590 0.6019 0.4877
0.6062 0.5473 0.6520 0.6490 0.4207 0.6388 0.6688 0.3169 0.3122 0.4128 0.4746 0.4666 0.6863 0.1452 0.2464 0.6294 0.4308 0.5850 0.6018 0.7191 0.7232 0.3040 0.4107 0.5690 0.3385 0.6340 0.6667 0.9494 1.0000 0.7397 0.7038 0.2101 0.5227 -0.1857 0.5536 0.6812 0.6442 0.7545 0.5698 0.5639 0.5255 0.6333 0.6285 0.6671 0.4696 0.3901 0.3582 0.5531 0.4603 0.3523 0.3566 0.1774 0.5692 0.2318 0.7310 0.4101 0.6671 0.6317 0.6987 0.7018 0.7341 0.8234 0.7287 0.7394 0.7541 0.7843 0.6999 0.7799 0.3500 0.3769 0.5289 0.6760 0.5856 0.5078
0.5290 0.4557 0.6458 0.5408 0.2925 0.5739 0.4969 0.1485 0.1831 0.3008 0.3753 0.3894 0.5406 0.0937 0.1868 0.6058 0.3728 0.6233 0.4699 0.6606 0.6459 0.2135 0.3440 0.4966 0.3023 0.5068 0.5399 0.8013 0.7397 1.0000 0.8521 0.3580 0.5709 -0.0531 0.7830 0.7761 0.6492 0.6993 0.7218 0.7287 0.4343 0.4626 0.6741 0.5956 0.6756 0.5371 0.5162 0.7216 0.3075 0.2221 0.1689 -0.0388 0.3982 0.0509 0.6093 0.2521 0.6893 0.5063 0.7634 0.5857 0.6525 0.7006 0.6326 0.6733 0.6811 0.6975 0.7436 0.7450 0.3851 0.4305 0.5161 0.6270 0.6348 0.5872
0.5002 0.4199 0.5949 0.5799 0.3346 0.5053 0.5688 0.3026 0.2178 0.3263 0.3524 0.3641 0.5172 0.2152 0.2072 0.6091 0.3853 0.5169 0.5265 0.6809 0.7049 0.3062 0.4426 0.5574 0.3990 0.5111 0.5282 0.7305 0.7038 0.8521 1.0000 0.4398 0.6158 -0.0008 0.6416 0.6931 0.5948 0.6680 0.6328 0.6836 0.3461 0.4522 0.5000 0.5272 0.5050 0.4386 0.5063 0.6913 0.3903 0.2846 0.1917 0.0764 0.4038 0.1324 0.5778 0.2678 0.5731 0.5298 0.7247 0.6924 0.6768 0.6969 0.6163 0.6686 0.6269 0.6792 0.7635 0.7762 0.4102 0.4375 0.5538 0.5908 0.5980 0.4439
-0.0121 -0.1014 0.1280 0.0151 0.2054 0.0706 0.0241 0.2495 0.2241 0.1182 0.1566 0.2086 0.2167 0.3241 0.3561 0.4596 0.2365 0.0127 0.0679 0.2747 0.2743 0.3365 0.4494 0.5743 0.5904 0.3428 0.2911 0.2373 0.2101 0.3580 0.4398 1.0000 0.6975 0.3296 0.3741 0.3331 0.1160 0.1794 0.4881 0.4330 -0.0726 0.0419 0.0900 0.0964 0.2895 0.2263 0.5619 0.4626 -0.0318 -0.0510 -0.2191 -0.1665 -0.0575 -0.0749 0.1878 0.0299 0.1197 0.0407 0.1818 0.2268 0.4770 0.3555 0.4693 0.3938 0.4001 0.3165 0.6072 0.4798 0.5658 0.4049 0.6326 0.4266 0.5978 0.3220
0.1811 0.1585 0.2750 0.2435 0.3364 0.2421 0.3715 0.2838 0.2655 0.2951 0.3226 0.3352 0.5004 0.1908 0.3464 0.6347 0.3842 0.1787 0.1256 0.4293 0.4622 0.2485 0.4337 0.7110 0.6307 0.4395 0.4969 0.4699 0.5227 0.5709 0.6158 0.6975 1.0000 0.0384 0.5288 0.5834 0.2507 0.4021 0.5570 0.5991 0.0815 0.1718 0.3218 0.3311 0.3972 0.4078 0.5931 0.6768 0.1312 0.0286 -0.0590 -0.1943 0.0991 -0.1426 0.4578 0.1156 0.3267 0.1455 0.3486 0.3435 0.6587 0.6872 0.6931 0.6901 0.6601 0.6702 0.7252 0.7461 0.5974 0.5184 0.6613 0.6614 0.7170 0.5455
-0.1750 -0.1634 -0.2322 -0.1963 0.0200 -0.2774 -0.1943 0.1372 0.1079 -0.0186 -0.0431 0.0187 -0.0990 0.4249 0.1578 -0.0966 -0.0301 -0.2068 -0.0689 -0.1146 -0.0998 0.1993 0.0773 0.1046 0.1008 0.0465 -0.0905 -0.1490 -0.1857 -0.0531 -0.0008 0.3296 0.0384 1.0000 -0.0999 -0.1307 -0.1559 -0.1336 -0.0731 -0.1111 -0.2317 -0.0928 -0.2375 -0.1085 -0.0804 -0.0619 0.0523 0.0424 -0.1168 -0.0671 -0.2220 -0.0910 -0.1683 -0.0361 -0.1841 -0.0953 -0.2234 -0.1214 -0.1993 -0.0697 0.0454 -0.0678 0.0052 -0.0301 -0.0710 -0.0375 0.0449 0.0026 -0.0259 -0.1043 0.0384 -0.0850 0.0375 -0.0648
0.3773 0.2713 0.4778 0.3029 0.1097 0.4583 0.3201 -0.0475 0.0182 0.1951 0.2546 0.2730 0.3550 -0.0994 0.0824 0.4965 0.2519 0.4643 0.3444 0.4480 0.4452 0.0222 0.2246 0.4206 0.3023 0.3392 0.3708 0.6125 0.5536 0.7830 0.6416 0.3741 0.5288 -0.0999 1.0000 0.8661 0.5139 0.6487 0.8591 0.8961 0.3470 0.3035 0.6740 0.5311 0.8658 0.7445 0.6338 0.7963 0.1423 0.0372 -0.0572 -0.2118 0.1756 -0.1258 0.4390 0.0794 0.4515 0.2327 0.5610 0.3933 0.4876 0.5029 0.5047 0.4995 0.5345 0.5361 0.5824 0.5696 0.4272 0.4097 0.4690 0.5215 0.5780 0.5907
0.4690 0.4447 0.4678 0.4479 0.2748 0.4588 0.4733 0.1815 0.2110 0.2997 0.3622 0.3873 0.5320 0.0743 0.2065 0.6396 0.3682 0.4624 0.3821 0.4782 0.5028 0.1889 0.3475 0.5378 0.4143 0.4375 0.4924 0.7033 0.6812 0.7761 0.6931 0.3331 0.5834 -0.1307 0.8661 1.0000 0.6290 0.8321 0.7975 0.8767 0.5301 0.5437 0.7190 0.7853 0.6651 0.7165 0.4953 0.7886 0.2974 0.1661 0.2066 -0.0923 0.3834 -0.0921 0.5544 0.1504 0.6001 0.3955 0.6298 0.5739 0.5832 0.6495 0.5929 0.6387 0.6221 0.6627 0.6252 0.6790 0.5260 0.5490 0.5764 0.6800 0.6263 0.6024
0.6471 0.5504 0.6006 0.5143 0.5008 0.6304 0.4491 0.3446 0.4367 0.3063 0.3433 0.4203 0.4411 0.2340 0.3174 0.5694 0.3787 0.4344 0.4743 0.5491 0.5023 0.4333 0.3864 0.4022 0.2365 0.4860 0.4733 0.7197 0.6442 0.6492 0.5948 0.1160 0.2507 -0.1559 0.5139 0.6290 1.0000 0.7955 0.5759 0.4556 0.8333 0.7571 0.7413 0.7166 0.4352 0.2198 0.1012 0.3537 0.5601 0.4872 0.5620 0.4185 0.7493 0.3904 0.6494 0.4556 0.7479 0.7175 0.7739 0.7230 0.4412 0.5050 0.4420 0.4713 0.5184 0.4991 0.4679 0.4883 0.3074 0.3274 0.3997 0.4761 0.2895 0.2266
0.5980 0.5584 0.5493 0.5738 0.3670 0.5760 0.5549 0.3577 0.3399 0.3562 0.4112 0.4497 0.5764 0.2067 0.2624 0.5836 0.4112 0.4393 0.5010 0.5623 0.5815 0.3423 0.4185 0.4689 0.3161 0.5574 0.5683 0.7861 0.7545 0.6993 0.6680 0.1794 0.4021 -0.1336 0.6487 0.8321 0.7955 1.0000 0.6269 0.6444 0.7541 0.8361 0.7494 0.8701 0.5137 0.4701 0.2949 0.5779 0.4608 0.3745 0.4840 0.2676 0.6469 0.2108 0.6440 0.3390 0.7175 0.6593 0.7143 0.8215 0.5832 0.6444 0.5653 0.6259 0.6021 0.6598 0.5813 0.6521 0.3669 0.4159 0.4788 0.5959 0.4980 0.4033
0.4555 0.3163 0.5267 0.3645 0.2480 0.5329 0.3480 0.0622 0.1538 0.1841 0.2714 0.2904 0.3669 0.0030 0.1745 0.6515 0.2946 0.4791 0.3839 0.4776 0.4514 0.1975 0.3487 0.5815 0.5051 0.3454 0.3511 0.6332 0.5698 0.7218 0.6328 0.4881 0.5570 -0.0731 0.8591 0.7975 0.5759 0.6269 1.0000 0.8282 0.4715 0.3835 0.7182 0.5066 0.8152 0.5315 0.6029 0.7024 0.2315 0.1397 0.1313 -0.0170 0.3323 0.0200 0.4869 0.1623 0.5134 0.2988 0.6050 0.4680 0.4781 0.4989 0.5057 0.5052 0.5405 0.5203 0.5506 0.5365 0.5960 0.5029 0.7068 0.6264 0.6201 0.5182
0.3249 0.2846 0.3759 0.3326 0.1079 0.3242 0.3860 0.0603 0.0443 0.2151 0.2581 0.2592 0.3965 -0.0024 0.1007 0.5047 0.2619 0.4957 0.3684 0.4352 0.4460 0.0745 0.2895 0.4686 0.3798 0.3167 0.3560 0.5820 0.5639 0.7287 0.6836 0.4330 0.5991 -0.1111 0.8961 0.8767 0.4556 0.6444 0.8282 1.0000 0.2592 0.2657 0.5146 0.5760 0.7027 0.8560 0.6620 0.8867 0.1482 0.0083 0.0028 -0.2574 0.1335 -0.2426 0.3792 0.0123 0.3892 0.1940 0.5975 0.3934 0.4921 0.5348 0.4772 0.4951 0.4700 0.4990 0.5987 0.5852 0.4431 0.4876 0.5330 0.6084 0.5984 0.6412
0.6436 0.5667 0.5129 0.5086 0.4424 0.6106 0.3931 0.2866 0.4052 0.2362 0.3354 0.3371 0.4115 0.1309 0.2586 0.5049 0.3435 0.3448 0.3569 0.3873 0.3637 0.3540 0.2882 0.2856 0.1881 0.3777 0.4119 0.5807 0.5255 0.4343 0.3461 -0.0726 0.0815 -0.2317 0.3470 0.5301 0.8333 0.7541 0.4715 0.2592 1.0000 0.8114 0.8329 0.6846 0.3846 0.0248 -0.0546 0.1554 0.5439 0.5023 0.7208 0.5272 0.8285 0.4245 0.6117 0.4393 0.7437 0.6506 0.5853 0.6755 0.2720 0.3683 0.2987 0.3818 0.3971 0.4112 0.2303 0.3323 0.2786 0.3022 0.3544 0.3856 0.2157 0.1140
0.5689 0.5481 0.4981 0.5410 0.5131 0.5387 0.4827 0.4844 0.5108 0.3205 0.3860 0.4563 0.5222 0.3180 0.3886 0.4821 0.3957 0.2336 0.4687 0.4902 0.5134 0.5021 0.4651 0.3768 0.3049 0.5622 0.5206 0.6638 0.6333 0.4626 0.4522 0.0419 0.1718 -0.0928 0.3035 0.5437 0.7571 0.8361 0.3835 0.2657 0.8114 1.0000 0.6472 0.8250 0.2338 0.0813 -0.0250 0.2142 0.5023 0.5488 0.6438 0.5745 0.7703 0.5242 0.5748 0.4816 0.7084 0.8112 0.5636 0.8272 0.4696 0.5215 0.4515 0.5539 0.5090 0.5631 0.4017 0.4793 0.2580 0.2881 0.3605 0.4507 0.2985 0.1281
0.6405 0.5161 0.6495 0.5169 0.3839 0.7251 0.4358 0.1550 0.2790 0.2599 0.3807 0.3674 0.4962 -0.0165 0.2194 0.6218 0.3556 0.4925 0.3466 0.5107 0.4743 0.2366 0.2918 0.4352 0.2768 0.4043 0.4604 0.6904 0.6285 0.6741 0.5000 0.0900 0.3218 -0.2375 0.6740 0.7190 0.7413 0.7494 0.7182 0.5146 0.8329 0.6472 1.0000 0.6419 0.7245 0.2606 0.2551 0.4128 0.4210 0.3556 0.4350 0.2112 0.6638 0.2349 0.7023 0.3625 0.7553 0.5011 0.6189 0.5789 0.4379 0.5245 0.4856 0.5283 0.5818 0.5623 0.4317 0.5072 0.4052 0.3652 0.4987 0.5002 0.4766 0.3690
0.4964 0.5694 0.4394 0.5236 0.4333 0.4289 0.5291 0.3940 0.4087 0.3254 0.4283 0.4568 0.5968 0.2633 0.3504 0.4873 0.4056 0.3589 0.4303 0.4776 0.5153 0.3989 0.4385 0.4009 0.3336 0.5291 0.5329 0.6765 0.6671 0.5956 0.5272 0.0964 0.3311 -0.1085 0.5311 0.7853 0.7166 0.8701 0.5066 0.5760 0.6846 0.8250 0.6419 1.0000 0.3488 0.5053 0.1637 0.5133 0.3884 0.3844 0.4918 0.2223 0.5802 0.1809 0.5225 0.3269 0.6625 0.6504 0.6079 0.6689 0.4958 0.6050 0.4874 0.6269 0.5206 0.6054 0.4687 0.5314 0.2878 0.4142 0.3856 0.5930 0.4087 0.4180
0.3902 0.2600 0.5017 0.2985 0.0733 0.5142 0.2743 -0.1041 -0.0122 0.1444 0.2378 0.2059 0.3107 -0.1732 0.0276 0.4428 0.2173 0.4831 0.3013 0.4173 0.3792 -0.0028 0.1587 0.3476 0.2235 0.2803 0.3154 0.5377 0.4696 0.6756 0.5050 0.2895 0.3972 -0.0804 0.8658 0.6651 0.4352 0.5137 0.8152 0.7027 0.3846 0.2338 0.7245 0.3488 1.0000 0.5149 0.6691 0.6133 0.1194 0.0529 -0.0469 -0.1294 0.1881 -0.0390 0.4484 0.1085 0.4381 0.1711 0.4827 0.3128 0.4052 0.4082 0.4302 0.4033 0.4656 0.4348 0.4734 0.4639 0.3493 0.3356 0.4263 0.4160 0.5655 0.5046
0.0935 0.1697 0.1322 0.1166 -0.0764 0.0770 0.2162 -0.1089 -0.1198 0.1454 0.2080 0.1720 0.2907 -0.1099 -0.0165 0.2013 0.1544 0.3443 0.2201 0.2281 0.2371 -0.0781 0.1134 0.2249 0.1435 0.2032 0.2226 0.3852 0.3901 0.5371 0.4386 0.2263 0.4078 -0.0619 0.7445 0.7165 0.2198 0.4701 0.5315 0.8560 0.0248 0.0813 0.2606 0.5053 0.5149 1.0000 0.5779 0.7808 -0.0623 -0.1275 -0.1300 -0.4206 -0.1175 -0.4055 0.1393 -0.0969 0.1633 0.0176 0.4072 0.1450 0.3456 0.3936 0.3251 0.3276 0.2906 0.3107 0.4272 0.3947 0.1770 0.2959 0.2114 0.4295 0.4123 0.6865
0.0889 0.0571 0.2854 0.1022 -0.0727 0.2463 0.1751 -0.0464 -0.1153 0.1083 0.2243 0.1344 0.2830 -0.1646 0.0392 0.3845 0.2488 0.2933 0.2234 0.3583 0.3391 0.0077 0.2642 0.4397 0.3645 0.3016 0.2814 0.3845 0.3582 0.5162 0.5063 0.5619 0.5931 0.0523 0.6338 0.4953 0.1012 0.2949 0.6029 0.6620 -0.0546 -0.0250 0.2551 0.1637 0.6691 0.5779 1.0000 0.6559 -0.0989 -0.0796 -0.1822 -0.2492 -0.1482 -0.1988 0.2292 0.0097 0.2151 -0.0166 0.3681 0.2171 0.5020 0.4328 0.4855 0.4134 0.4413 0.3725 0.5672 0.4977 0.3907 0.3974 0.4855 0.4667 0.6993 0.6067
0.2693 0.2557 0.3484 0.3818 0.0562 0.2746 0.4396 0.0897 -0.0038 0.2104 0.1942 0.2348 0.3787 0.0591 0.0021 0.4584 0.2066 0.4609 0.3427 0.4454 0.4973 0.0425 0.2560 0.4492 0.3094 0.3275 0.3765 0.5471 0.5531 0.7216 0.6913 0.4626 0.6768 0.0424 0.7963 0.7886 0.3537 0.5779 0.7024 0.8867 0.1554 0.2142 0.4128 0.5133 0.6133 0.7808 0.6559 1.0000 0.1348 -0.0541 -0.0429 -0.2866 0.0840 -0.2891 0.3711 -0.0583 0.3296 0.1844 0.5266 0.3769 0.5088 0.5581 0.4794 0.5183 0.4565 0.5394 0.6069 0.6398 0.3970 0.4453 0.4910 0.5568 0.6056 0.5710
0.8744 0.4375 0.4823 0.5312 0.3268 0.4666 0.4642 0.2935 0.2886 0.7242 0.1869 0.6500 0.3309 0.3886 0.1373 0.4513 0.2175 0.3858 0.4293 0.4299 0.4150 0.2739 0.2706 0.4098 0.1176 0.2669 0.2992 0.5003 0.4603 0.3075 0.3903 -0.0318 0.1312 -0.1168 0.1423 0.2974 0.5601 0.4608 0.2315 0.1482 0.5439 0.5023 0.4210 0.3884 0.1194 -0.0623 -0.0989 0.1348 1.0000 0.4143 0.5654 0.4370 0.7421 0.3743 0.7080 0.3288 0.5332 0.5208 0.5089 0.5617 0.2964 0.3307 0.3534 0.3091 0.3336 0.3398 0.3072 0.3536 0.1236 0.1642 0.1707 0.2614 0.1544 -0.0081
0.4636 0.8085 0.4145 0.4110 0.3038 0.4073 0.3288 0.2593 0.1907 0.2020 0.6964 0.2136 0.3957 0.1647 0.3344 0.2803 0.7477 0.2443 0.5061 0.3160 0.3321 0.2709 0.2079 0.1912 0.3961 0.2807 0.2373 0.4027 0.3523 0.2221 0.2846 -0.0510 0.0286 -0.0671 0.0372 0.1661 0.4872 0.3745 0.1397 0.0083 0.5023 0.5488 0.3556 0.3844 0.0529 -0.1275 -0.0796 -0.0541 0.4143 1.0000 0.5976 0.7051 0.5433 0.6779 0.3609 0.9045 0.4266 0.6499 0.4553 0.5765 0.2261 0.2794 0.2332 0.4549 0.3010 0.3769 0.2340 0.3230 0.0856 0.2337 0.1808 0.3850 0.0686 0.1550
0.5845 0.5899 0.4338 0.5302 0.2848 0.4647 0.4470 0.2401 0.2576 0.2212 0.2666 0.2263 0.3226 0.1182 0.1296 0.3389 0.2854 0.3267 0.4129 0.3465 0.3274 0.2736 0.2010 0.1692 0.1116 0.2000 0.2272 0.3940 0.3566 0.1689 0.1917 -0.2191 -0.0590 -0.2220 -0.0572 0.2066 0.5620 0.4840 0.1313 0.0028 0.7208 0.6438 0.4350 0.4918 -0.0469 -0.1300 -0.1822 -0.0429 0.5654 0.5976 1.0000 0.7505 0.7824 0.5105 0.4175 0.4675 0.5788 0.6144 0.5685 0.6085 0.1174 0.2450 0.1165 0.2422 0.1883 0.2293 0.0687 0.1776 0.1112 0.1832 0.1876 0.2553 -0.0102 -0.0388
0.4109 0.4359 0.3356 0.3572 0.2356 0.3677 0.2837 0.2170 0.1999 0.1205 0.1932 0.1400 0.1199 0.1434 0.1442 0.1515 0.2700 0.0656 0.4628 0.2337 0.2561 0.2641 0.1792 0.0457 0.1274 0.1806 0.1263 0.2290 0.1774 -0.0388 0.0764 -0.1665 -0.1943 -0.0910 -0.2118 -0.0923 0.4185 0.2676 -0.0170 -0.2574 0.5272 0.5745 0.2112 0.2223 -0.1294 -0.4206 -0.2492 -0.2866 0.4370 0.7051 0.7505 1.0000 0.6067 0.8650 0.2320 0.6052 0.3374 0.6781 0.3336 0.5854 0.0390 0.0649 0.0141 0.1265 0.0755 0.1187 -0.0078 0.0612 0.0177 0.0537 0.0456 0.0681 -0.1533 -0.2880
0.7584 0.5669 0.6006 0.6095 0.4480 0.6774 0.5284 0.3939 0.4626 0.3952 0.3135 0.4545 0.4751 0.2778 0.2820 0.5195 0.2983 0.4042 0.4506 0.5048 0.4722 0.3945 0.3252 0.3536 0.1593 0.3736 0.3860 0.6203 0.5692 0.3982 0.4038 -0.0575 0.0991 -0.1683 0.1756 0.3834 0.7493 0.6469 0.3323 0.1335 0.8285 0.7703 0.6638 0.5802 0.1881 -0.1175 -0.1482 0.0840 0.7421 0.5433 0.7824 0.6067 1.0000 0.5475 0.7196 0.4642 0.7682 0.7156 0.6127 0.7101 0.3429 0.4147 0.3549 0.3955 0.4121 0.4234 0.3029 0.3793 0.2101 0.1736 0.3302 0.3040 0.1725 -0.0070
0.3513 0.3449 0.3695 0.2932 0.3379 0.4026 0.2476 0.2298 0.2714 0.1464 0.2635 0.2134 0.1832 0.1716 0.2832 0.1542 0.2869 0.0528 0.4591 0.2915 0.3182 0.3086 0.2615 0.0895 0.1626 0.2739 0.1874 0.2864 0.2318 0.0509 0.1324 -0.0749 -0.1426 -0.0361 -0.1258 -0.0921 0.3904 0.2108 0.0200 -0.2426 0.4245 0.5242 0.2349 0.1809 -0.0390 -0.4055 -0.1988 -0.2891 0.3743 0.6779 0.5105 0.8650 0.5475 1.0000 0.2733 0.6697 0.3340 0.7131 0.2741 0.5121 0.1609 0.1635 0.1145 0.2120 0.1655 0.1804 0.1128 0.1186 0.0125 -0.0017 0.0611 0.0659 -0.0723 -0.2124
0.7572 0.4566 0.6247 0.5547 0.4192 0.6736 0.5288 0.3889 0.3539 0.6449 0.3848 0.6641 0.5854 0.2836 0.2570 0.7444 0.4201 0.4671 0.4197 0.6280 0.5861 0.3589 0.3969 0.6531 0.3125 0.5684 0.6136 0.7540 0.7310 0.6093 0.5778 0.1878 0.4578 -0.1841 0.4390 0.5544 0.6494 0.6440 0.4869 0.3792 0.6117 0.5748 0.7023 0.5225 0.4484 0.1393 0.2292 0.3711 0.7080 0.3609 0.4175 0.2320 0.7196 0.2733 1.0000 0.4212 0.7366 0.5443 0.6200 0.6416 0.6453 0.6627 0.7140 0.6236 0.7020 0.6418 0.6533 0.6727 0.4185 0.3850 0.5088 0.5487 0.5568 0.3056
0.3858 0.6793 0.3794 0.2818 0.3311 0.4061 0.2336 0.2035 0.1944 0.2058 0.7532 0.2377 0.4305 0.1073 0.4030 0.3375 0.7970 0.2072 0.4285 0.3164 0.3089 0.2480 0.2147 0.2612 0.4502 0.3705 0.3339 0.4437 0.4101 0.2521 0.2678 0.0299 0.1156 -0.0953 0.0794 0.1504 0.4556 0.3390 0.1623 0.0123 0.4393 0.4816 0.3625 0.3269 0.1085 -0.0969 0.0097 -0.0583 0.3288 0.9045 0.4675 0.6052 0.4642 0.6697 0.4212 1.0000 0.3884 0.5918 0.4107 0.5001 0.2973 0.3446 0.3421 0.5162 0.3991 0.4250 0.3275 0.3784 0.1616 0.2773 0.2480 0.4741 0.1611 0.2774
0.6650 0.5409 0.6660 0.5852 0.4144 0.6951 0.5030 0.3523 0.3873 0.3662 0.3970 0.4878 0.5884 0.1777 0.2963 0.6104 0.4062 0.4774 0.4118 0.6284 0.5719 0.3894 0.4105 0.4328 0.2434 0.5167 0.5339 0.7294 0.6671 0.6893 0.5731 0.1197 0.3267 -0.2234 0.4515 0.6001 0.7479 0.7175 0.5134 0.3892 0.7437 0.7084 0.7553 0.6625 0.4381 0.1633 0.2151 0.3296 0.5332 0.4266 0.5788 0.3374 0.7682 0.3340 0.7366 0.3884 1.0000 0.7137 0.7272 0.6950 0.5601 0.5991 0.5505 0.5885 0.6016 0.5890 0.5212 0.5512 0.3342 0.3406 0.4515 0.5029 0.4984 0.3249
0.5686 0.5940 0.5866 0.6223 0.4460 0.5791 0.5700 0.4225 0.3917 0.3054 0.4032 0.4179 0.5002 0.2839 0.3091 0.4112 0.4129 0.3470 0.6148 0.5785 0.6132 0.4370 0.4206 0.2937 0.2326 0.5383 0.5069 0.6695 0.6317 0.5063 0.5298 0.0407 0.1455 -0.1214 0.2327 0.3955 0.7175 0.6593 0.2988 0.1940 0.6506 0.8112 0.5011 0.6504 0.1711 0.0176 -0.0166 0.1844 0.5208 0.6499 0.6144 0.6781 0.7156 0.7131 0.5443 0.5918 0.7137 1.0000 0.6575 0.8117 0.4645 0.5131 0.4096 0.5298 0.4658 0.5232 0.4349 0.4893 0.1597 0.2393 0.2678 0.3991 0.2210 0.1227
0.6761 0.5996 0.7090 0.6607 0.3154 0.6644 0.6044 0.2097 0.2278 0.3841 0.3955 0.4089 0.5407 0.1206 0.1677 0.5662 0.3983 0.6965 0.6258 0.7000 0.6482 0.2925 0.3756 0.4303 0.2391 0.4348 0.4657 0.7635 0.6987 0.7634 0.7247 0.1818 0.3486 -0.1993 0.5610 0.6298 0.7739 0.7143 0.6050 0.5975 0.5853 0.5636 0.6189 0.6079 0.4827 0.4072 0.3681 0.5266 0.5089 0.4553 0.5685 0.3336 0.6127 0.2741 0.6200 0.4107 0.7272 0.6575 1.0000 0.7321 0.5132 0.6033 0.4809 0.5237 0.5202 0.5011 0.5884 0.5924 0.2871 0.3819 0.4144 0.5574 0.4034 0.4332
0.6297 0.5668 0.6060 0.6303 0.3900 0.6133 0.5705 0.4684 0.3524 0.3912 0.3943 0.4682 0.5209 0.3074 0.2753 0.5822 0.4607 0.3512 0.6522 0.6177 0.6514 0.4665 0.5014 0.4956 0.3844 0.6020 0.5564 0.7408 0.7018 0.5857 0.6924 0.2268 0.3435 -0.0697 0.3933 0.5739 0.7230 0.8215 0.4680 0.3934 0.6755 0.8272 0.5789 0.6689 0.3128 0.1450 0.2171 0.3769 0.5617 0.5765 0.6085 0.5854 0.7101 0.5121 0.6416 0.5001 0.6950 0.8117 0.7321 1.0000 0.6184 0.6115 0.5610 0.6145 0.5825 0.6257 0.5901 0.6717 0.3665 0.3867 0.4763 0.5206 0.4516 0.1991
0.3961 0.2944 0.4914 0.4055 0.4272 0.4640 0.4611 0.4986 0.3646 0.4743 0.4275 0.5862 0.6313 0.3273 0.3790 0.6787 0.4518 0.2766 0.4158 0.6745 0.6719 0.5142 0.6242 0.7248 0.4688 0.7896 0.7231 0.7298 0.7341 0.6525 0.6768 0.4770 0.6587 0.0454 0.4876 0.5832 0.4412 0.5832 0.4781 0.4921 0.2720 0.4696 0.4379 0.4958 0.4052 0.3456 0.5020 0.5088 0.2964 0.2261 0.1174 0.0390 0.3429 0.1609 0.6453 0.2973 0.5601 0.4645 0.5132 0.6184 1.0000 0.8852 0.9031 0.7749 0.8381 0.7609 0.8508 0.8219 0.4787 0.4229 0.5859 0.6269 0.7647 0.4906
0.4475 0.4264 0.5394 0.5655 0.5522 0.5011 0.6371 0.4252 0.4553 0.4419 0.5112 0.5311 0.7787 0.2518 0.4349 0.6691 0.4827 0.4301 0.4289 0.7170 0.7378 0.4417 0.5945 0.6641 0.4769 0.7328 0.7729 0.7772 0.8234 0.7006 0.6969 0.3555 0.6872 -0.0678 0.5029 0.6495 0.5050 0.6444 0.4989 0.5348 0.3683 0.5215 0.5245 0.6050 0.4082 0.3936 0.4328 0.5581 0.3307 0.2794 0.2450 0.0649 0.4147 0.1635 0.6627 0.3446 0.5991 0.5131 0.6033 0.6115 0.8852 1.0000 0.8223 0.8442 0.8050 0.8104 0.8005 0.8451 0.4376 0.4762 0.5608 0.7169 0.6862 0.5763
0.4661 0.3258 0.4886 0.3670 0.4014 0.4866 0.4324 0.4231 0.3473 0.5545 0.4765 0.6319 0.6395 0.2767 0.3799 0.7563 0.5027 0.2989 0.3526 0.6123 0.5880 0.4289 0.5290 0.8145 0.5322 0.7122 0.6816 0.7284 0.7287 0.6326 0.6163 0.4693 0.6931 0.0052 0.5047 0.5929 0.4420 0.5653 0.5057 0.4772 0.2987 0.4515 0.4856 0.4874 0.4302 0.3251 0.4855 0.4794 0.3534 0.2332 0.1165 0.0141 0.3549 0.1145 0.7140 0.3421 0.5505 0.4096 0.4809 0.5610 0.9031 0.8223 1.0000 0.8196 0.9179 0.7964 0.8437 0.8223 0.5442 0.4828 0.6148 0.6911 0.7711 0.5396
0.4382 0.5480 0.5163 0.5031 0.4623 0.4852 0.5359 0.3928 0.3566 0.3865 0.6811 0.4969 0.7368 0.2415 0.4728 0.6825 0.6892 0.3767 0.4303 0.6267 0.6648 0.3931 0.5148 0.6535 0.6687 0.6958 0.7129 0.7272 0.7394 0.6733 0.6686 0.3938 0.6901 -0.0301 0.4995 0.6387 0.4713 0.6259 0.5052 0.4951 0.3818 0.5539 0.5283 0.6269 0.4033 0.3276 0.4134 0.5183 0.3091 0.4549 0.2422 0.1265 0.3955 0.2120 0.6236 0.5162 0.5885 0.5298 0.5237 0.6145 0.7749 0.8442 0.8196 1.0000 0.8055 0.8894 0.7713 0.8321 0.4962 0.5967 0.6073 0.7904 0.7103 0.6058
0.4858 0.3957 0.5416 0.4065 0.4432 0.5532 0.4622 0.3668 0.3549 0.4482 0.4888 0.5369 0.6423 0.1405 0.3712 0.7469 0.5070 0.3247 0.3516 0.6106 0.5950 0.3782 0.4607 0.7527 0.5119 0.6657 0.6631 0.7522 0.7541 0.6811 0.6269 0.4001 0.6601 -0.0710 0.5345 0.6221 0.5184 0.6021 0.5405 0.4700 0.3971 0.5090 0.5818 0.5206 0.4656 0.2906 0.4413 0.4565 0.3336 0.3010 0.1883 0.0755 0.4121 0.1655 0.7020 0.3991 0.6016 0.4658 0.5202 0.5825 0.8381 0.8050 0.9179 0.8055 1.0000 0.8337 0.7965 0.8083 0.5295 0.4690 0.5994 0.6778 0.7052 0.5237
0.4733 0.5244 0.5063 0.4981 0.4021 0.4875 0.5654 0.3449 0.2865 0.3587 0.5314 0.4351 0.6533 0.1740 0.3131 0.6755 0.5498 0.3668 0.4379 0.5863 0.6427 0.2905 0.3851 0.6220 0.5321 0.6278 0.6470 0.7632 0.7843 0.6975 0.6792 0.3165 0.6702 -0.0375 0.5361 0.6627 0.4991 0.6598 0.5203 0.4990 0.4112 0.5631 0.5623 0.6054 0.4348 0.3107 0.3725 0.5394 0.3398 0.3769 0.2293 0.1187 0.4234 0.1804 0.6418 0.4250 0.5890 0.5232 0.5011 0.6257 0.7609 0.8104 0.7964 0.8894 0.8337 1.0000 0.7193 0.8283 0.4871 0.4950 0.5854 0.7069 0.6580 0.4893
0.4176 0.3190 0.5178 0.4185 0.3545 0.4644 0.4421 0.3766 0.2910 0.4579 0.4441 0.5259 0.5999 0.2946 0.3549 0.6941 0.4930 0.4087 0.4487 0.6603 0.6465 0.3783 0.4931 0.7020 0.4952 0.6501 0.6413 0.7254 0.6999 0.7436 0.7635 0.6072 0.7252 0.0449 0.5824 0.6252 0.4679 0.5813 0.5506 0.5987 0.2303 0.4017 0.4317 0.4687 0.4734 0.4272 0.5672 0.6069 0.3072 0.2340 0.0687 -0.0078 0.3029 0.1128 0.6533 0.3275 0.5212 0.4349 0.5884 0.5901 0.8508 0.8005 0.8437 0.7713 0.7965 0.7193 1.0000 0.8879 0.5067 0.5039 0.6082 0.6881 0.7506 0.5629
0.4616 0.4690 0.5054 0.5209 0.3553 0.4783 0.5594 0.3663 0.2895 0.4243 0.5116 0.4708 0.6664 0.2442 0.3235 0.6959 0.5551 0.4304 0.4759 0.6236 0.6572 0.3060 0.4216 0.6639 0.5074 0.6136 0.6428 0.7632 0.7799 0.7450 0.7762 0.4798 0.7461 0.0026 0.5696 0.6790 0.4883 0.6521 0.5365 0.5852 0.3323 0.4793 0.5072 0.5314 0.4639 0.3947 0.4977 0.6398 0.3536 0.3230 0.1776 0.0612 0.3793 0.1186 0.6727 0.3784 0.5512 0.4893 0.5924 0.6717 0.8219 0.8451 0.8223 0.8321 0.8083 0.8283 0.8879 1.0000 0.4879 0.5331 0.6028 0.7354 0.7233 0.5652
0.2059 0.1120 0.2711 0.1668 0.2760 0.3045 0.1952 0.2392 0.2224 0.1457 0.2364 0.2646 0.3160 0.1448 0.2545 0.8209 0.3807 0.1290 0.1760 0.3173 0.3325 0.2827 0.3920 0.7131 0.7095 0.4209 0.4637 0.3749 0.3500 0.3851 0.4102 0.5658 0.5974 -0.0259 0.4272 0.5260 0.3074 0.3669 0.5960 0.4431 0.2786 0.2580 0.4052 0.2878 0.3493 0.1770 0.3907 0.3970 0.1236 0.0856 0.1112 0.0177 0.2101 0.0125 0.4185 0.1616 0.3342 0.1597 0.2871 0.3665 0.4787 0.4376 0.5442 0.4962 0.5295 0.4871 0.5067 0.4879 1.0000 0.7618 0.8457 0.6517 0.6173 0.3272
0.2672 0.3395 0.2847 0.3220 0.2510 0.2566 0.3203 0.2200 0.2084 0.2082 0.4305 0.2930 0.4760 0.1292 0.2902 0.7248 0.5834 0.3135 0.3010 0.3477 0.3997 0.2328 0.3741 0.5531 0.7086 0.4652 0.5821 0.3847 0.3769 0.4305 0.4375 0.4049 0.5184 -0.1043 0.4097 0.5490 0.3274 0.4159 0.5029 0.4876 0.3022 0.2881 0.3652 0.4142 0.3356 0.2959 0.3974 0.4453 0.1642 0.2337 0.1832 0.0537 0.1736 -0.0017 0.3850 0.2773 0.3406 0.2393 0.3819 0.3867 0.4229 0.4762 0.4828 0.5967 0.4690 0.4950 0.5039 0.5331 0.7618 1.0000 0.6559 0.8028 0.5581 0.4947
0.3054 0.2396 0.3733 0.2902 0.3519 0.4014 0.2951 0.3638 0.2874 0.1507 0.3322 0.2635 0.4087 0.2298 0.3182 0.8496 0.4346 0.2860 0.3091 0.4358 0.4400 0.3969 0.4795 0.7529 0.7111 0.4885 0.4692 0.5563 0.5289 0.5161 0.5538 0.6326 0.6613 0.0384 0.4690 0.5764 0.3997 0.4788 0.7068 0.5330 0.3544 0.3605 0.4987 0.3856 0.4263 0.2114 0.4855 0.4910 0.1707 0.1808 0.1876 0.0456 0.3302 0.0611 0.5088 0.2480 0.4515 0.2678 0.4144 0.4763 0.5859 0.5608 0.6148 0.6073 0.5994 0.5854 0.6082 0.6028 0.8457 0.6559 1.0000 0.7190 0.7520 0.3836
0.4078 0.5185 0.4011 0.3991 0.3831 0.3801 0.4426 0.2554 0.3003 0.3261 0.6364 0.3982 0.6842 0.1605 0.4248 0.7410 0.7157 0.4341 0.3966 0.4756 0.4863 0.2898 0.4239 0.6618 0.7245 0.5540 0.6205 0.6590 0.6760 0.6270 0.5908 0.4266 0.6614 -0.0850 0.5215 0.6800 0.4761 0.5959 0.6264 0.6084 0.3856 0.4507 0.5002 0.5930 0.4160 0.4295 0.4667 0.5568 0.2614 0.3850 0.2553 0.0681 0.3040 0.0659 0.5487 0.4741 0.5029 0.3991 0.5574 0.5206 0.6269 0.7169 0.6911 0.7904 0.6778 0.7069 0.6881 0.7354 0.6517 0.8028 0.7190 1.0000 0.6793 0.7269
0.3062 0.1947 0.3576 0.2595 0.2224 0.3429 0.2656 0.3337 0.1705 0.3665 0.3836 0.4718 0.4874 0.2384 0.2779 0.7013 0.4139 0.2874 0.2792 0.4860 0.4868 0.3336 0.4925 0.7135 0.5728 0.5807 0.5427 0.6019 0.5856 0.6348 0.5980 0.5978 0.7170 0.0375 0.5780 0.6263 0.2895 0.4980 0.6201 0.5984 0.2157 0.2985 0.4766 0.4087 0.5655 0.4123 0.6993 0.6056 0.1544 0.0686 -0.0102 -0.1533 0.1725 -0.0723 0.5568 0.1611 0.4984 0.2210 0.4034 0.4516 0.7647 0.6862 0.7711 0.7103 0.7052 0.6580 0.7506 0.7233 0.6173 0.5581 0.7520 0.6793 1.0000 0.5940
0.1826 0.3748 0.2942 0.1983 0.1348 0.2562 0.2362 -0.0927 0.0577 0.2093 0.6457 0.2797 0.6007 -0.1230 0.3178 0.3809 0.5534 0.4090 0.1902 0.3559 0.3217 0.0225 0.2301 0.4234 0.4752 0.3569 0.4243 0.4877 0.5078 0.5872 0.4439 0.3220 0.5455 -0.0648 0.5907 0.6024 0.2266 0.4033 0.5182 0.6412 0.1140 0.1281 0.3690 0.4180 0.5046 0.6865 0.6067 0.5710 -0.0081 0.1550 -0.0388 -0.2880 -0.0070 -0.2124 0.3056 0.2774 0.3249 0.1227 0.4332 0.1991 0.4906 0.5763 0.5396 0.6058 0.5237 0.4893 0.5629 0.5652 0.3272 0.4947 0.3836 0.7269 0.5940 1.0000
