1.0000 0.1810 0.8001 0.0937 -0.0630 0.8499 0.1157 -0.0002 0.1763 0.5832 0.0988 0.6837 0.0262 0.1889 0.0494 0.5690 0.2608 0.5767 0.4316 0.5164 0.3402 -0.1626 -0.0263 0.0827 0.4810 0.1719 0.2237 0.5095 0.3317 -0.0013 0.1262 -0.1768 0.1421 -0.3964 0.1063 0.0738 0.3285 0.1078 0.2703 0.0918 0.4129 -0.0194 0.3497 -0.0145 0.1383 -0.0742 0.3318 -0.0505 0.8808 0.2619 0.6752 0.2154 0.7793 0.0999 0.6616 0.1239 0.5120 0.0339 0.2642 0.1135 0.2194 0.4692 -0.4246 0.3037 -0.3945 -0.2259 0.2202 0.0618 0.1715 0.0726 0.5551 -0.1645 0.3652 -0.1389
0.1810 1.0000 0.2397 0.5049 -0.4114 0.1569 0.7204 -0.3061 -0.2381 0.0544 0.5356 0.0059 0.5129 -0.1361 -0.2225 0.1015 0.5890 0.2422 0.4020 0.2291 0.2349 -0.3571 -0.4149 0.0908 -0.0793 -0.0949 -0.1591 0.2608 0.3442 0.0891 0.0835 -0.0718 -0.2796 -0.1534 0.0877 0.0792 0.2903 0.1599 0.1534 0.1686 0.1844 0.3784 -0.1369 0.3231 -0.1877 -0.0331 0.0958 0.1876 0.1401 0.8777 0.2923 0.5108 0.1658 0.7827 -0.1026 0.5578 -0.0364 0.5905 0.4705 0.3438 -0.0322 0.0208 0.0922 -0.0955 0.1165 0.0138 0.0836 0.1801 0.0111 0.0978 -0.1093 0.2353 -0.1859 0.1151
0.8001 0.2397 1.0000 0.3280 -0.1697 0.9454 0.2825 -0.1494 0.2179 0.5366 0.1699 0.6853 0.1177 0.1545 0.0484 0.4889 0.2384 0.6163 0.4163 0.7722 0.6499 -0.3702 -0.1941 0.0718 0.4492 0.1107 0.1478 0.4463 0.4191 0.0906 0.2665 -0.1320 0.1503 -0.4579 0.2574 0.1312 0.4778 -0.0491 0.3381 0.0891 0.1567 0.1333 0.2231 0.1089 0.1173 0.0538 0.0923 0.1695 0.6015 0.2704 0.5295 0.1698 0.5842 0.3264 0.4845 0.2040 0.3619 0.2734 0.3316 0.1600 0.1804 0.5694 -0.4550 0.1715 -0.3012 -0.2888 0.1410 0.0546 0.1526 -0.0128 0.4475 -0.1821 0.3288 -0.0737
0.0937 0.5049 0.3280 1.0000 -0.1043 0.2282 0.7535 0.0939 0.0056 0.0586 0.3064 0.1250 0.2422 0.1256 0.0037 0.0163 0.0878 0.2172 0.5264 0.3446 0.6646 -0.1146 -0.0764 0.1090 -0.0511 -0.0897 0.0521 0.1903 0.5093 0.3146 0.2472 0.0705 -0.2969 -0.0192 0.0974 0.1080 0.3533 0.1289 0.2403 0.1844 -0.0741 0.3711 -0.2491 0.2010 -0.2582 -0.1472 -0.1572 0.2396 0.0465 0.3894 0.2602 0.4740 0.1857 0.4742 -0.0970 -0.0196 0.0348 0.4901 0.5012 0.4879 0.0818 0.1016 0.2148 -0.0637 0.1598 -0.1022 0.0686 0.3120 -0.0498 0.0246 -0.1050 0.0012 -0.1720 -0.1457
-0.0630 -0.4114 -0.1697 -0.1043 1.0000 -0.0631 -0.2973 0.4199 0.8231 -0.0696 0.0409 0.0984 0.0550 0.3588 0.7832 0.0130 -0.2529 -0.2129 -0.1778 -0.2077 0.0097 0.6512 0.8353 0.0629 0.4184 0.3178 0.5856 -0.0092 0.0717 0.1449 0.0920 0.0097 0.4083 0.1335 -0.0309 0.0612 -0.0418 -0.0243 0.0265 -0.0446 -0.0660 -0.0939 0.0661 -0.0965 0.0001 -0.0272 -0.0289 -0.0307 -0.0387 -0.4048 -0.0154 -0.2935 0.0353 -0.2598 0.0491 -0.2588 0.0891 -0.0986 -0.0564 -0.0000 0.2866 0.3760 0.1150 0.4832 -0.0638 0.0390 0.0778 0.1982 0.0409 -0.0322 0.0911 0.0024 0.0689 0.1521
0.8499 0.1569 0.9454 0.2282 -0.0631 1.0000 0.2219 -0.0420 0.2960 0.6111 0.1917 0.7919 0.1176 0.1979 0.1377 0.5331 0.1885 0.5247 0.3128 0.6930 0.5819 -0.3212 -0.0687 0.0294 0.5187 0.1220 0.2474 0.4994 0.4353 0.1299 0.2781 -0.1920 0.1843 -0.4846 0.2549 0.1314 0.4752 -0.0353 0.3273 0.0347 0.2140 0.1124 0.3459 0.0800 0.1801 0.0454 0.1276 0.0515 0.6998 0.1761 0.5762 0.0649 0.7011 0.2463 0.5819 0.1411 0.5142 0.2383 0.3233 0.1376 0.1988 0.6271 -0.5054 0.3007 -0.3981 -0.3205 0.1589 0.0491 0.1682 -0.0097 0.5417 -0.2083 0.3769 -0.0828
0.1157 0.7204 0.2825 0.7535 -0.2973 0.2219 1.0000 -0.0249 -0.1188 0.0749 0.4215 0.1175 0.4385 0.0230 -0.1618 0.0626 0.2789 0.1718 0.2886 0.2859 0.4266 -0.2289 -0.2504 0.0973 -0.0776 -0.0473 -0.0679 0.2671 0.3657 0.1613 0.1239 -0.0580 -0.4319 -0.1193 0.0527 -0.0497 0.3699 -0.0114 0.1499 -0.0177 -0.0259 0.3372 -0.2001 0.1430 -0.2779 -0.2070 -0.1398 0.1073 0.1134 0.5868 0.2303 0.4397 0.1548 0.5894 -0.0697 0.1317 -0.0384 0.4624 0.4396 0.3704 0.0561 0.1620 0.0367 -0.1249 -0.0031 -0.2176 0.0766 0.0974 -0.0324 0.0611 -0.0590 -0.0349 -0.1766 -0.2467
-0.0002 -0.3061 -0.1494 0.0939 0.4199 -0.0420 -0.0249 1.0000 0.2890 0.4175 0.1302 0.4152 0.0993 0.7054 0.4070 0.1655 -0.1984 -0.0594 0.0170 -0.1224 0.0315 0.5851 0.4961 0.1339 0.1287 0.3940 0.3216 0.1731 0.0880 0.2352 0.0781 0.3726 0.0613 0.4267 -0.1533 -0.0664 -0.2049 0.0268 -0.0152 -0.0501 -0.2258 -0.1943 0.0049 -0.1928 -0.0085 -0.2405 -0.0414 -0.1996 0.2254 -0.3220 0.0447 -0.0891 0.2251 -0.3227 0.4393 -0.4197 0.2690 -0.1781 -0.0732 0.1292 0.4903 0.1577 0.1733 0.1984 0.0137 -0.0386 0.2064 0.2187 0.0666 0.0363 0.3408 0.0029 0.2943 -0.0820
0.1763 -0.2381 0.2179 0.0056 0.8231 0.2960 -0.1188 0.2890 1.0000 0.1502 0.1933 0.3844 0.2158 0.4178 0.8697 0.1884 -0.1138 0.0301 -0.0917 0.1413 0.2569 0.3825 0.6348 0.0747 0.6400 0.3689 0.5882 0.1415 0.2123 0.1512 0.1799 -0.0478 0.5198 -0.0256 0.0887 0.0596 0.1854 -0.2018 0.1258 -0.0935 -0.1051 -0.0433 0.1105 -0.0292 0.0273 0.0152 -0.0745 0.0483 0.0982 -0.2547 0.1099 -0.2736 0.1699 -0.0009 0.1950 -0.0964 0.1452 0.0866 0.0422 -0.0100 0.3694 0.6696 -0.1479 0.5107 -0.2319 -0.1012 0.1302 0.1782 0.1261 -0.0631 0.2787 -0.0855 0.2139 0.1779
0.5832 0.0544 0.5366 0.0586 -0.0696 0.6111 0.0749 0.4175 0.1502 1.0000 0.1576 0.8135 0.0999 0.3621 0.1190 0.6375 0.1647 0.4379 0.2742 0.3568 0.2332 -0.1239 -0.0464 0.1172 0.3835 0.1903 0.1623 0.3839 0.2684 0.0595 0.1537 0.0617 0.1864 -0.1034 0.2391 0.1256 0.2619 -0.0321 0.3176 0.1075 0.1249 0.0203 0.3758 0.0713 0.2922 0.1088 0.1428 -0.0446 0.6351 0.0558 0.3087 -0.0390 0.5259 0.0683 0.8358 0.0879 0.4460 0.0573 0.0839 0.0168 0.2891 0.3759 -0.2778 0.1954 -0.2007 -0.0812 0.2240 0.1274 0.2353 0.0659 0.6663 -0.0467 0.4959 -0.0289
0.0988 0.5356 0.1699 0.3064 0.0409 0.1917 0.4215 0.1302 0.1933 0.1576 1.0000 0.2753 0.9034 0.2718 0.3944 0.0940 0.5540 0.0473 0.1749 0.1802 0.2985 0.0053 0.0330 0.0716 0.2498 0.2423 0.2994 0.3026 0.4036 0.2975 0.2454 0.0877 0.1517 0.0991 0.0184 0.1305 0.0890 0.2006 0.0986 0.0370 0.0133 0.1949 0.0086 0.2359 -0.0480 0.0023 0.1015 0.0087 0.1486 0.5042 0.2442 0.1223 0.2559 0.5379 0.0739 0.5141 0.1821 0.5748 0.3686 0.3941 0.2820 0.3594 0.0613 0.2709 -0.0153 -0.0547 0.1952 0.2653 0.0173 0.0192 0.1185 0.3947 0.0496 0.5206
0.6837 0.0059 0.6853 0.1250 0.0984 0.7919 0.1175 0.4152 0.3844 0.8135 0.2753 1.0000 0.1850 0.5783 0.3144 0.6189 0.1475 0.4299 0.2049 0.5462 0.4745 -0.0470 0.1361 0.1102 0.5756 0.3451 0.3963 0.5144 0.3625 0.1833 0.2518 0.0354 0.2528 -0.1905 0.2040 0.1138 0.3564 -0.0528 0.2969 -0.0122 0.0947 0.0603 0.3888 0.0492 0.2338 0.0088 0.0984 -0.0408 0.6471 0.0182 0.3961 -0.1227 0.6278 0.0767 0.7983 0.0536 0.5548 0.1339 0.1485 0.0658 0.4373 0.6204 -0.3785 0.4126 -0.3050 -0.2048 0.2838 0.1436 0.3083 0.0558 0.7694 -0.0967 0.5926 0.0091
0.0262 0.5129 0.1177 0.2422 0.0550 0.1176 0.4385 0.0993 0.2158 0.0999 0.9034 0.1850 1.0000 0.2351 0.3970 0.0316 0.5631 0.0050 0.0640 0.1943 0.2481 0.0741 0.0387 0.0520 0.1994 0.2948 0.2319 0.1829 0.2837 0.2427 0.2354 0.1007 0.1654 0.1115 -0.0155 0.0567 0.0418 0.0518 0.0329 -0.0109 -0.0786 0.0687 -0.1016 0.1422 -0.1162 -0.0244 0.0571 0.0652 0.0612 0.5097 0.1536 0.0856 0.1275 0.5267 -0.0107 0.5391 0.0689 0.4799 0.2657 0.2832 0.2667 0.3583 0.0286 0.1296 -0.0185 -0.0866 0.1922 0.1596 -0.0269 -0.0361 0.0393 0.3374 -0.0173 0.4612
0.1889 -0.1361 0.1545 0.1256 0.3588 0.1979 0.0230 0.7054 0.4178 0.3621 0.2718 0.5783 0.2351 1.0000 0.4651 0.2950 0.0123 0.2762 0.0855 0.3258 0.2817 0.4567 0.3617 0.3048 0.4203 0.6489 0.3760 0.4134 0.2297 0.2856 0.2230 0.4934 0.2701 0.3848 -0.0423 0.0280 0.0213 -0.0015 0.1238 -0.0051 -0.1347 -0.1056 0.1185 -0.1106 0.0519 -0.2316 0.0961 -0.0283 0.1999 -0.1337 0.1515 -0.1096 0.2612 -0.1399 0.4251 -0.1558 0.3006 -0.0282 -0.0292 0.0769 0.7069 0.4257 -0.0253 0.3349 -0.0821 -0.0766 0.4416 0.2310 0.2987 0.0753 0.6124 0.0848 0.6585 0.1012
0.0494 -0.2225 0.0484 0.0037 0.7832 0.1377 -0.1618 0.4070 0.8697 0.1190 0.3944 0.3144 0.3970 0.4651 1.0000 0.1300 -0.0964 -0.1044 -0.0810 -0.0220 0.1820 0.4352 0.6492 0.1450 0.5900 0.3067 0.5784 0.0829 0.2087 0.2456 0.1608 0.1493 0.5784 0.2044 0.0004 0.1063 0.0125 -0.0468 0.0700 -0.0378 -0.1827 -0.0387 0.0532 0.0467 0.0006 0.0047 0.0115 0.0454 0.0678 -0.2316 0.0683 -0.2237 0.1273 0.0232 0.1534 -0.0735 0.1561 0.1493 0.0589 0.1030 0.3650 0.5263 0.0351 0.5305 -0.1340 -0.0575 0.1487 0.3220 0.1213 -0.0165 0.2539 0.1446 0.1992 0.4072
0.5690 0.1015 0.4889 0.0163 0.0130 0.5331 0.0626 0.1655 0.1884 0.6375 0.0940 0.6189 0.0316 0.2950 0.1300 1.0000 0.3697 0.3963 0.2613 0.2547 0.1538 -0.1195 0.0161 0.5814 0.6148 0.1063 0.1700 0.3278 0.1913 -0.0248 0.0692 0.1630 0.3332 0.0267 0.3037 0.2660 0.3401 0.0926 0.5079 0.3080 0.2088 0.0788 0.3622 0.1082 0.2613 0.0940 0.3095 0.1180 0.5721 0.1441 0.3166 0.0222 0.3959 0.0749 0.6265 0.1290 0.2484 0.0290 0.1102 0.0504 0.2151 0.3676 -0.1659 0.3443 -0.1492 -0.0294 0.2814 0.2470 0.6259 0.6090 0.6965 0.3275 0.4067 0.1374
0.2608 0.5890 0.2384 0.0878 -0.2529 0.1885 0.2789 -0.1984 -0.1138 0.1647 0.5540 0.1475 0.5631 0.0123 -0.0964 0.3697 1.0000 0.2778 0.2556 0.2514 0.0966 -0.1455 -0.2586 0.2237 0.2069 0.1954 0.0299 0.2470 0.1696 -0.0129 0.1027 0.0202 0.0804 -0.0226 0.1082 0.1585 0.1564 0.1485 0.2075 0.1893 0.2502 0.0594 0.0372 0.1244 0.0273 0.0732 0.2066 0.1103 0.2107 0.6915 0.1905 0.1569 0.1563 0.4115 0.0997 0.7537 0.0147 0.2988 0.1654 0.1032 0.1756 0.1952 0.0161 0.0620 0.0653 0.0969 0.1933 0.1168 0.2214 0.3502 0.1200 0.5072 0.0102 0.4145
0.5767 0.2422 0.6163 0.2172 -0.2129 0.5247 0.1718 -0.0594 0.0301 0.4379 0.0473 0.4299 0.0050 0.2762 -0.1044 0.3963 0.2778 1.0000 0.5950 0.6133 0.3398 -0.1696 -0.2448 0.1837 0.3308 0.3433 0.0540 0.6210 0.4580 0.1013 0.3187 0.2361 0.1848 -0.0183 0.3488 0.2552 0.3927 0.0683 0.4606 0.2678 0.2790 0.0049 0.3973 0.1456 0.3651 0.1830 0.2835 0.1454 0.3749 0.2154 0.3852 0.0823 0.3863 0.1441 0.4515 0.2164 0.2647 0.1132 0.1065 -0.0095 0.4289 0.3216 -0.2077 0.1408 -0.1251 0.0319 0.4980 0.1479 0.2757 0.0811 0.5152 -0.0691 0.5490 -0.0008
0.4316 0.4020 0.4163 0.5264 -0.1778 0.3128 0.2886 0.0170 -0.0917 0.2742 0.1749 0.2049 0.0640 0.0855 -0.0810 0.2613 0.2556 0.5950 1.0000 0.2578 0.4013 -0.1210 -0.1375 0.1844 0.1411 0.0052 0.0606 0.3568 0.5176 0.1544 0.2354 0.1802 0.0190 0.0240 0.2382 0.3142 0.1979 0.3193 0.3969 0.4388 0.1872 0.1248 0.1033 0.2486 0.1779 0.1469 0.2794 0.2504 0.3481 0.3521 0.4234 0.3726 0.3679 0.2610 0.2906 0.1292 0.1370 0.2188 0.3282 0.3342 0.1548 0.0741 0.1776 0.0930 0.1815 0.1311 0.2849 0.4397 0.0751 0.1021 0.1597 0.0951 0.1028 0.0412
0.5164 0.2291 0.7722 0.3446 -0.2077 0.6930 0.2859 -0.1224 0.1413 0.3568 0.1802 0.5462 0.1943 0.3258 -0.0220 0.2547 0.2514 0.6133 0.2578 1.0000 0.7449 -0.1754 -0.1671 -0.0243 0.2601 0.3884 0.1030 0.4216 0.4096 0.2479 0.4276 0.0429 0.1030 -0.2645 0.2613 0.1518 0.4767 -0.1056 0.2932 0.0863 0.1399 0.0708 0.1668 0.0879 0.0749 0.0277 -0.0402 0.1764 0.2320 0.2611 0.3379 0.0421 0.3572 0.2723 0.2879 0.2743 0.3857 0.3199 0.2160 0.0364 0.3611 0.4803 -0.3719 0.0109 -0.1457 -0.1621 0.2737 -0.0373 0.1370 -0.0914 0.3881 -0.1977 0.4411 -0.0412
0.3402 0.2349 0.6499 0.6646 0.0097 0.5819 0.4266 0.0315 0.2569 0.2332 0.2985 0.4745 0.2481 0.2817 0.1820 0.1538 0.0966 0.3398 0.4013 0.7449 1.0000 -0.0978 0.1078 0.0211 0.2447 0.1506 0.2750 0.2865 0.5534 0.4373 0.4920 0.0629 0.0703 -0.2034 0.2959 0.2512 0.4345 0.0015 0.3553 0.2009 -0.0343 0.2076 0.0130 0.1846 0.0044 0.0614 -0.0997 0.3231 0.1494 0.1988 0.3299 0.1112 0.3316 0.3334 0.1604 0.0948 0.3425 0.4659 0.3999 0.3312 0.2059 0.4526 -0.0927 0.1132 0.0430 -0.1295 0.1437 0.2472 0.0225 -0.0961 0.1872 -0.1195 0.1467 0.0034
-0.1626 -0.3571 -0.3702 -0.1146 0.6512 -0.3212 -0.2289 0.5851 0.3825 -0.1239 0.0053 -0.0470 0.0741 0.4567 0.4352 -0.1195 -0.1455 -0.1696 -0.1210 -0.1754 -0.0978 1.0000 0.7701 0.0493 0.0655 0.5985 0.4400 -0.0858 -0.0795 0.0593 0.0366 0.1984 0.1411 0.3849 -0.2059 -0.0890 -0.2724 -0.0129 -0.0819 -0.0201 -0.0705 -0.3650 -0.0997 -0.2505 -0.0941 -0.1997 -0.0344 -0.1322 -0.1208 -0.3090 -0.0604 -0.1630 -0.0202 -0.3894 0.0288 -0.2467 0.0171 -0.2532 -0.2068 -0.0492 0.4327 0.1105 0.2040 0.1326 0.0593 0.0947 0.1037 0.0738 -0.0344 -0.0348 0.0039 0.0328 0.0684 0.0249
-0.0263 -0.4149 -0.1941 -0.0764 0.8353 -0.0687 -0.2504 0.4961 0.6348 -0.0464 0.0330 0.1361 0.0387 0.3617 0.6492 0.0161 -0.2586 -0.2448 -0.1375 -0.1671 0.1078 0.7701 1.0000 0.0277 0.3046 0.3808 0.6728 -0.0589 0.0655 0.1993 0.1494 0.0449 0.2829 0.1547 -0.0212 0.0652 -0.0642 0.0287 0.0670 0.0197 -0.0181 -0.1967 0.0742 -0.1615 0.0489 -0.0788 0.0344 -0.0841 0.0160 -0.4140 0.0607 -0.2904 0.1250 -0.3609 0.1000 -0.3246 0.2384 -0.1475 -0.0459 0.0576 0.2848 0.3203 0.1167 0.4108 -0.0560 0.0059 0.0847 0.2042 0.0438 0.0004 0.1145 -0.0076 0.0536 0.0685
0.0827 0.0908 0.0718 0.1090 0.0629 0.0294 0.0973 0.1339 0.0747 0.1172 0.0716 0.1102 0.0520 0.3048 0.1450 0.5814 0.2237 0.1837 0.1844 -0.0243 0.0211 0.0493 0.0277 1.0000 0.4048 0.0375 -0.0246 0.0950 0.0171 -0.0137 -0.0737 0.4405 0.3324 0.4442 0.1647 0.2336 0.0738 0.0855 0.3847 0.4094 -0.0153 -0.0022 0.0215 0.0439 0.0291 -0.0201 0.3183 0.2545 0.1303 0.0872 0.0669 0.1028 0.0211 -0.0108 0.1018 -0.0232 -0.0981 -0.0485 0.0530 0.0695 0.1166 0.0880 0.2471 0.1900 0.0850 0.0335 0.2551 0.2862 0.5446 0.6678 0.3412 0.5906 0.1470 0.2440
0.4810 -0.0793 0.4492 -0.0511 0.4184 0.5187 -0.0776 0.1287 0.6400 0.3835 0.2498 0.5756 0.1994 0.4203 0.5900 0.6148 0.2069 0.3308 0.1411 0.2601 0.2447 0.0655 0.3046 0.4048 1.0000 0.2896 0.4936 0.3910 0.2971 0.0945 0.2240 0.1517 0.6712 0.0550 0.2687 0.2904 0.2800 0.0507 0.4117 0.1767 0.1558 -0.0089 0.4192 0.1152 0.3078 0.1501 0.3629 0.0972 0.4121 -0.0607 0.2768 -0.2121 0.3668 0.0472 0.4740 0.1201 0.2657 0.0789 0.0693 0.0200 0.3510 0.6578 -0.1555 0.6888 -0.2415 -0.0512 0.4286 0.2836 0.4378 0.3325 0.6545 0.1919 0.4583 0.3231
0.1719 -0.0949 0.1107 -0.0897 0.3178 0.1220 -0.0473 0.3940 0.3689 0.1903 0.2423 0.3451 0.2948 0.6489 0.3067 0.1063 0.1954 0.3433 0.0052 0.3884 0.1506 0.5985 0.3808 0.0375 0.2896 1.0000 0.5355 0.3762 0.1786 0.0692 0.2137 0.2137 0.2551 0.1815 -0.0372 -0.0370 -0.0114 -0.0856 0.0455 -0.0892 0.0484 -0.2880 0.1672 -0.2061 0.1184 -0.1179 0.0815 -0.1516 0.0875 -0.0521 0.0783 -0.2434 0.1688 -0.1582 0.3019 0.1318 0.1783 -0.1010 -0.1725 -0.1337 0.7423 0.4969 -0.1711 0.2441 -0.1411 -0.0092 0.3865 -0.0125 0.1378 -0.0878 0.3972 -0.0102 0.4962 0.1236
0.2237 -0.1591 0.1478 0.0521 0.5856 0.2474 -0.0679 0.3216 0.5882 0.1623 0.2994 0.3963 0.2319 0.3760 0.5784 0.1700 0.0299 0.0540 0.0606 0.1030 0.2750 0.4400 0.6728 -0.0246 0.4936 0.5355 1.0000 0.2391 0.3559 0.1400 0.2097 -0.0405 0.3162 -0.0420 0.0762 0.1593 0.0942 0.1344 0.1424 -0.0173 0.1365 -0.0372 0.2745 -0.0367 0.1871 0.0018 0.1632 -0.1805 0.2292 -0.1943 0.2063 -0.2561 0.3451 -0.1086 0.3104 -0.0218 0.3627 0.0555 0.0813 0.1269 0.4341 0.5324 -0.0508 0.5900 -0.1982 -0.0126 0.2372 0.2606 0.1785 0.0162 0.3307 0.0070 0.2354 0.1859
0.5095 0.2608 0.4463 0.1903 -0.0092 0.4994 0.2671 0.1731 0.1415 0.3839 0.3026 0.5144 0.1829 0.4134 0.0829 0.3278 0.2470 0.6210 0.3568 0.4216 0.2865 -0.0858 -0.0589 0.0950 0.3910 0.3762 0.2391 1.0000 0.6580 0.4125 0.4123 0.2037 0.1219 -0.0048 0.2676 0.2811 0.3536 0.2616 0.3660 0.1407 0.2977 0.1754 0.4793 0.1886 0.3040 0.0338 0.2712 -0.0499 0.4783 0.2123 0.4355 0.0629 0.5163 0.1868 0.4384 0.1411 0.4783 0.2486 0.2881 0.2316 0.5360 0.4620 -0.1164 0.4260 -0.1481 -0.0060 0.5382 0.2825 0.2023 0.0262 0.5289 -0.0476 0.5287 0.0156
0.3317 0.3442 0.4191 0.5093 0.0717 0.4353 0.3657 0.0880 0.2123 0.2684 0.4036 0.3625 0.2837 0.2297 0.2087 0.1913 0.1696 0.4580 0.5176 0.4096 0.5534 -0.0795 0.0655 0.0171 0.2971 0.1786 0.3559 0.6580 1.0000 0.5567 0.6785 0.1698 0.1651 -0.0029 0.4379 0.4948 0.4219 0.3717 0.5302 0.4043 0.2318 0.3363 0.3521 0.3730 0.2795 0.2094 0.2189 0.2498 0.2584 0.2293 0.4798 0.1957 0.4856 0.3932 0.2492 0.1826 0.4590 0.5406 0.5861 0.5583 0.3478 0.3727 0.1275 0.3759 0.0711 0.1061 0.4551 0.5115 0.0716 -0.0722 0.2694 0.0354 0.2570 0.1663
-0.0013 0.0891 0.0906 0.3146 0.1449 0.1299 0.1613 0.2352 0.1512 0.0595 0.2975 0.1833 0.2427 0.2856 0.2456 -0.0248 -0.0129 0.1013 0.1544 0.2479 0.4373 0.0593 0.1993 -0.0137 0.0945 0.0692 0.1400 0.4125 0.5567 1.0000 0.7114 0.3964 0.1802 0.2178 0.3520 0.4861 0.1933 0.3197 0.3576 0.3247 -0.0070 0.1919 0.2162 0.3050 0.2300 0.1821 0.1082 0.2198 -0.0039 -0.0092 0.1663 -0.0398 0.1699 0.1586 0.0160 -0.0346 0.4698 0.4560 0.3762 0.4443 0.3130 0.2140 0.2317 0.2287 0.2356 0.1500 0.3650 0.4546 0.0107 -0.0755 0.1177 0.0087 0.1769 0.1526
0.1262 0.0835 0.2665 0.2472 0.0920 0.2781 0.1239 0.0781 0.1799 0.1537 0.2454 0.2518 0.2354 0.2230 0.1608 0.0692 0.1027 0.3187 0.2354 0.4276 0.4920 0.0366 0.1494 -0.0737 0.2240 0.2137 0.2097 0.4123 0.6785 0.7114 1.0000 0.3241 0.3238 0.0665 0.5689 0.5935 0.2823 0.2410 0.5521 0.4390 0.0830 0.0899 0.4094 0.3649 0.4824 0.3999 0.2177 0.3462 0.0082 -0.0129 0.2520 -0.1045 0.2349 0.2113 0.1694 0.1602 0.4645 0.4913 0.3341 0.4056 0.3438 0.3380 0.0883 0.2139 0.1846 0.1383 0.4550 0.3897 0.0299 -0.1553 0.2324 -0.0565 0.3180 0.1944
-0.1768 -0.0718 -0.1320 0.0705 0.0097 -0.1920 -0.0580 0.3726 -0.0478 0.0617 0.0877 0.0354 0.1007 0.4934 0.1493 0.1630 0.0202 0.2361 0.1802 0.0429 0.0629 0.1984 0.0449 0.4405 0.1517 0.2137 -0.0405 0.2037 0.1698 0.3964 0.3241 1.0000 0.3991 0.7547 0.1951 0.3515 -0.2064 0.1317 0.3075 0.3909 -0.3171 -0.1849 0.0820 0.1623 0.3183 0.2118 0.3653 0.3586 -0.1525 -0.1565 -0.1771 -0.1204 -0.1767 -0.0603 0.0876 -0.0630 0.0226 0.0423 -0.1690 0.0708 0.4113 -0.0805 0.3603 0.0725 0.3027 0.2532 0.4983 0.4314 0.2919 0.2060 0.3012 0.3091 0.4329 0.3220
0.1421 -0.2796 0.1503 -0.2969 0.4083 0.1843 -0.4319 0.0613 0.5198 0.1864 0.1517 0.2528 0.1654 0.2701 0.5784 0.3332 0.0804 0.1848 0.0190 0.1030 0.0703 0.1411 0.2829 0.3324 0.6712 0.2551 0.3162 0.1219 0.1651 0.1802 0.3238 0.3991 1.0000 0.3276 0.3328 0.4488 -0.0712 0.0426 0.3528 0.3468 -0.0335 -0.2181 0.3686 0.1873 0.4696 0.4633 0.4560 0.2887 0.0642 -0.2757 0.0106 -0.4122 0.0696 -0.0676 0.2551 0.1767 0.1629 0.0702 -0.1011 -0.0698 0.2326 0.3923 -0.0086 0.4648 -0.0251 0.1692 0.3278 0.2920 0.2645 0.1367 0.4049 0.2658 0.3810 0.6188
-0.3964 -0.1534 -0.4579 -0.0192 0.1335 -0.4846 -0.1193 0.4267 -0.0256 -0.1034 0.0991 -0.1905 0.1115 0.3848 0.2044 0.0267 -0.0226 -0.0183 0.0240 -0.2645 -0.2034 0.3849 0.1547 0.4442 0.0550 0.1815 -0.0420 -0.0048 -0.0029 0.2178 0.0665 0.7547 0.3276 1.0000 -0.0271 0.1972 -0.3338 0.1299 0.1563 0.3013 -0.2693 -0.2277 -0.0786 0.0103 0.0954 0.0282 0.2087 0.1175 -0.2771 -0.1829 -0.2389 -0.0872 -0.2554 -0.1930 -0.0790 -0.1435 -0.1195 -0.0949 -0.1674 0.0551 0.2828 -0.1981 0.4866 0.0462 0.2983 0.2911 0.3496 0.3341 0.1976 0.2810 0.0821 0.4070 0.1415 0.3186
0.1063 0.0877 0.2574 0.0974 -0.0309 0.2549 0.0527 -0.1533 0.0887 0.2391 0.0184 0.2040 -0.0155 -0.0423 0.0004 0.3037 0.1082 0.3488 0.2382 0.2613 0.2959 -0.2059 -0.0212 0.1647 0.2687 -0.0372 0.0762 0.2676 0.4379 0.3520 0.5689 0.1951 0.3328 -0.0271 1.0000 0.7841 0.5834 0.1919 0.8259 0.6274 0.2765 0.2949 0.6343 0.5348 0.7066 0.7025 0.2101 0.4374 -0.0347 -0.0360 0.1434 -0.2331 0.0900 0.2025 0.1771 0.2147 0.2578 0.3692 0.2063 0.1251 0.0752 0.1952 0.0661 0.2288 0.1515 0.2339 0.3557 0.3076 0.2842 0.1448 0.2904 0.1467 0.2780 0.2391
0.0738 0.0792 0.1312 0.1080 0.0612 0.1314 -0.0497 -0.0664 0.0596 0.1256 0.1305 0.1138 0.0567 0.0280 0.1063 0.2660 0.1585 0.2552 0.3142 0.1518 0.2512 -0.0890 0.0652 0.2336 0.2904 -0.0370 0.1593 0.2811 0.4948 0.4861 0.5935 0.3515 0.4488 0.1972 0.7841 1.0000 0.3474 0.5297 0.7226 0.7512 0.3018 0.2877 0.5554 0.5751 0.6029 0.6279 0.3855 0.4083 -0.0077 -0.0129 0.1670 -0.1212 0.1278 0.1686 0.1337 0.2242 0.3466 0.4241 0.2989 0.3109 0.1406 0.0870 0.3381 0.3566 0.3281 0.4167 0.4582 0.5492 0.3407 0.2497 0.2528 0.3184 0.2323 0.4168
0.3285 0.2903 0.4778 0.3533 -0.0418 0.4752 0.3699 -0.2049 0.1854 0.2619 0.0890 0.3564 0.0418 0.0213 0.0125 0.3401 0.1564 0.3927 0.1979 0.4767 0.4345 -0.2724 -0.0642 0.0738 0.2800 -0.0114 0.0942 0.3536 0.4219 0.1933 0.2823 -0.2064 -0.0712 -0.3338 0.5834 0.3474 1.0000 0.1218 0.5551 0.2012 0.4477 0.5827 0.3567 0.3424 0.1581 0.1570 -0.1657 0.2008 0.1412 0.2590 0.3232 0.0733 0.2334 0.3379 0.1184 0.1693 0.2320 0.3639 0.3993 0.1366 0.1017 0.3381 -0.1305 0.2047 -0.1101 -0.0783 0.2204 0.1106 0.2898 0.1660 0.2737 0.0007 0.1804 -0.0880
0.1078 0.1599 -0.0491 0.1289 -0.0243 -0.0353 -0.0114 0.0268 -0.2018 -0.0321 0.2006 -0.0528 0.0518 -0.0015 -0.0468 0.0926 0.1485 0.0683 0.3193 -0.1056 0.0015 -0.0129 0.0287 0.0855 0.0507 -0.0856 0.1344 0.2616 0.3717 0.3197 0.2410 0.1317 0.0426 0.1299 0.1919 0.5297 0.1218 1.0000 0.2680 0.4922 0.4883 0.4302 0.3021 0.3756 0.1669 0.0896 0.3989 0.0237 0.1904 0.1749 0.3560 0.3360 0.2710 0.0767 0.0250 0.0900 0.3294 0.2844 0.4674 0.5574 0.0419 -0.1594 0.3639 0.3009 0.1960 0.2733 0.2755 0.4183 0.1021 0.2348 0.0551 0.3286 0.0212 0.2413
0.2703 0.1534 0.3381 0.2403 0.0265 0.3273 0.1499 -0.0152 0.1258 0.3176 0.0986 0.2969 0.0329 0.1238 0.0700 0.5079 0.2075 0.4606 0.3969 0.2932 0.3553 -0.0819 0.0670 0.3847 0.4117 0.0455 0.1424 0.3660 0.5302 0.3576 0.5521 0.3075 0.3528 0.1563 0.8259 0.7226 0.5551 0.2680 1.0000 0.7523 0.3162 0.2352 0.5361 0.4025 0.5782 0.4646 0.3517 0.4519 0.1535 0.0793 0.3265 -0.0115 0.2498 0.1877 0.2607 0.1464 0.2936 0.3281 0.3260 0.2979 0.1888 0.2615 0.1208 0.3137 0.1045 0.2040 0.4575 0.4224 0.3775 0.3218 0.4014 0.2549 0.2978 0.2075
0.0918 0.1686 0.0891 0.1844 -0.0446 0.0347 -0.0177 -0.0501 -0.0935 0.1075 0.0370 -0.0122 -0.0109 -0.0051 -0.0378 0.3080 0.1893 0.2678 0.4388 0.0863 0.2009 -0.0201 0.0197 0.4094 0.1767 -0.0892 -0.0173 0.1407 0.4043 0.3247 0.4390 0.3909 0.3468 0.3013 0.6274 0.7512 0.2012 0.4922 0.7523 1.0000 0.3275 0.1496 0.2900 0.3718 0.3949 0.4176 0.4972 0.5655 0.0396 0.1271 0.2837 0.2022 0.1591 0.1318 0.0573 0.1638 0.2041 0.2803 0.3810 0.4178 -0.0148 -0.0796 0.3923 0.1488 0.3308 0.4083 0.3448 0.4993 0.2273 0.3182 0.1261 0.4206 0.0692 0.3279
0.4129 0.1844 0.1567 -0.0741 -0.0660 0.2140 -0.0259 -0.2258 -0.1051 0.1249 0.0133 0.0947 -0.0786 -0.1347 -0.1827 0.2088 0.2502 0.2790 0.1872 0.1399 -0.0343 -0.0705 -0.0181 -0.0153 0.1558 0.0484 0.1365 0.2977 0.2318 -0.0070 0.0830 -0.3171 -0.0335 -0.2693 0.2765 0.3018 0.4477 0.4883 0.3162 0.3275 1.0000 0.2625 0.5027 0.1196 0.1861 0.0256 0.2859 -0.1337 0.3463 0.2454 0.5266 0.2068 0.4632 -0.0119 0.1736 0.2223 0.4241 0.0810 0.3507 0.1454 -0.0068 0.0428 -0.0465 0.2741 -0.1610 0.1466 0.2092 -0.0071 0.1278 0.1871 0.2009 0.0810 0.1111 -0.0151
-0.0194 0.3784 0.1333 0.3711 -0.0939 0.1124 0.3372 -0.1943 -0.0433 0.0203 0.1949 0.0603 0.0687 -0.1056 -0.0387 0.0788 0.0594 0.0049 0.1248 0.0708 0.2076 -0.3650 -0.1967 -0.0022 -0.0089 -0.2880 -0.0372 0.1754 0.3363 0.1919 0.0899 -0.1849 -0.2181 -0.2277 0.2949 0.2877 0.5827 0.4302 0.2352 0.1496 0.2625 1.0000 0.1065 0.5666 -0.0764 0.1119 -0.1870 0.1758 -0.0291 0.3260 0.1730 0.3059 0.0146 0.4685 -0.1495 0.1413 -0.0023 0.5142 0.5325 0.4069 -0.1032 -0.0160 0.1341 0.1832 0.1099 0.0410 -0.0219 0.2374 0.1176 0.1150 -0.0542 0.1686 -0.1070 0.0810
0.3497 -0.1369 0.2231 -0.2491 0.0661 0.3459 -0.2001 0.0049 0.1105 0.3758 0.0086 0.3888 -0.1016 0.1185 0.0532 0.3622 0.0372 0.3973 0.1033 0.1668 0.0130 -0.0997 0.0742 0.0215 0.4192 0.1672 0.2745 0.4793 0.3521 0.2162 0.4094 0.0820 0.3686 -0.0786 0.6343 0.5554 0.3567 0.3021 0.5361 0.2900 0.5027 0.1065 1.0000 0.3775 0.8126 0.5149 0.3932 -0.0882 0.2923 -0.2245 0.2791 -0.3678 0.3805 -0.0922 0.5167 0.1154 0.5637 0.1289 0.0081 -0.0617 0.2583 0.2563 -0.1913 0.4936 -0.1964 0.1083 0.4578 0.1231 0.3122 0.1059 0.5997 -0.0230 0.6087 0.1783
-0.0145 0.3231 0.1089 0.2010 -0.0965 0.0800 0.1430 -0.1928 -0.0292 0.0713 0.2359 0.0492 0.1422 -0.1106 0.0467 0.1082 0.1244 0.1456 0.2486 0.0879 0.1846 -0.2505 -0.1615 0.0439 0.1152 -0.2061 -0.0367 0.1886 0.3730 0.3050 0.3649 0.1623 0.1873 0.0103 0.5348 0.5751 0.3424 0.3756 0.4025 0.3718 0.1196 0.5666 0.3775 1.0000 0.3736 0.6558 0.0667 0.3314 -0.0925 0.1734 0.0744 0.0336 -0.0157 0.5514 0.0489 0.3286 0.0846 0.6741 0.2563 0.2264 -0.0361 -0.0649 0.1713 0.1635 0.2772 0.2030 0.1777 0.3498 0.1668 0.0675 0.0692 0.1904 0.1290 0.4179
0.1383 -0.1877 0.1173 -0.2582 0.0001 0.1801 -0.2779 -0.0085 0.0273 0.2922 -0.0480 0.2338 -0.1162 0.0519 0.0006 0.2613 0.0273 0.3651 0.1779 0.0749 0.0044 -0.0941 0.0489 0.0291 0.3078 0.1184 0.1871 0.3040 0.2795 0.2300 0.4824 0.3183 0.4696 0.0954 0.7066 0.6029 0.1581 0.1669 0.5782 0.3949 0.1861 -0.0764 0.8126 0.3736 1.0000 0.7302 0.4428 0.1322 0.0721 -0.3177 0.0463 -0.4844 0.1280 -0.1070 0.4113 0.1316 0.3574 0.0875 -0.1715 -0.1107 0.2093 0.1525 -0.0570 0.3239 0.0193 0.2109 0.4203 0.2092 0.2693 0.0487 0.4543 0.0259 0.5373 0.2805
-0.0742 -0.0331 0.0538 -0.1472 -0.0272 0.0454 -0.2070 -0.2405 0.0152 0.1088 0.0023 0.0088 -0.0244 -0.2316 0.0047 0.0940 0.0732 0.1830 0.1469 0.0277 0.0614 -0.1997 -0.0788 -0.0201 0.1501 -0.1179 0.0018 0.0338 0.2094 0.1821 0.3999 0.2118 0.4633 0.0282 0.7025 0.6279 0.1570 0.0896 0.4646 0.4176 0.0256 0.1119 0.5149 0.6558 0.7302 1.0000 0.2139 0.3843 -0.1855 -0.1758 -0.1453 -0.4223 -0.1390 0.1957 0.1278 0.3290 0.0481 0.3225 -0.1055 -0.1259 -0.0712 -0.0205 0.0548 0.1273 0.2155 0.2961 0.1664 0.1929 0.1289 -0.0155 0.0963 0.1139 0.1816 0.4838
0.3318 0.0958 0.0923 -0.1572 -0.0289 0.1276 -0.1398 -0.0414 -0.0745 0.1428 0.1015 0.0984 0.0571 0.0961 0.0115 0.3095 0.2066 0.2835 0.2794 -0.0402 -0.0997 -0.0344 0.0344 0.3183 0.3629 0.0815 0.1632 0.2712 0.2189 0.1082 0.2177 0.3653 0.4560 0.2087 0.2101 0.3855 -0.1657 0.3989 0.3517 0.4972 0.2859 -0.1870 0.3932 0.0667 0.4428 0.2139 1.0000 0.2224 0.3821 0.0806 0.3278 0.0741 0.3311 -0.0422 0.2606 0.1524 0.2986 -0.0092 0.1280 0.1932 0.0961 0.0704 0.1111 0.3768 -0.0596 0.1336 0.4580 0.3155 0.1679 0.1969 0.3476 0.2681 0.2634 0.3018
-0.0505 0.1876 0.1695 0.2396 -0.0307 0.0515 0.1073 -0.1996 0.0483 -0.0446 0.0087 -0.0408 0.0652 -0.0283 0.0454 0.1180 0.1103 0.1454 0.2504 0.1764 0.3231 -0.1322 -0.0841 0.2545 0.0972 -0.1516 -0.1805 -0.0499 0.2498 0.2198 0.3462 0.3586 0.2887 0.1175 0.4374 0.4083 0.2008 0.0237 0.4519 0.5655 -0.1337 0.1758 -0.0882 0.3314 0.1322 0.3843 0.2224 1.0000 -0.1982 0.1607 -0.0025 0.1479 -0.1607 0.3312 -0.1567 0.1984 -0.1828 0.3016 0.2234 0.2335 -0.0835 0.0096 0.3009 -0.0484 0.3705 0.2214 0.1365 0.3903 0.0733 0.0124 -0.0662 0.2221 -0.0380 0.2749
0.8808 0.1401 0.6015 0.0465 -0.0387 0.6998 0.1134 0.2254 0.0982 0.6351 0.1486 0.6471 0.0612 0.1999 0.0678 0.5721 0.2107 0.3749 0.3481 0.2320 0.1494 -0.1208 0.0160 0.1303 0.4121 0.0875 0.2292 0.4783 0.2584 -0.0039 0.0082 -0.1525 0.0642 -0.2771 -0.0347 -0.0077 0.1412 0.1904 0.1535 0.0396 0.3463 -0.0291 0.2923 -0.0925 0.0721 -0.1855 0.3821 -0.1982 1.0000 0.2288 0.6791 0.2846 0.8123 0.0316 0.7040 0.0034 0.5328 -0.0442 0.2967 0.2252 0.1538 0.3657 -0.3089 0.3217 -0.3951 -0.2538 0.1716 0.0965 0.1207 0.1423 0.5196 -0.0882 0.2590 -0.1636
0.2619 0.8777 0.2704 0.3894 -0.4048 0.1761 0.5868 -0.3220 -0.2547 0.0558 0.5042 0.0182 0.5097 -0.1337 -0.2316 0.1441 0.6915 0.2154 0.3521 0.2611 0.1988 -0.3090 -0.4140 0.0872 -0.0607 -0.0521 -0.1943 0.2123 0.2293 -0.0092 -0.0129 -0.1565 -0.2757 -0.1829 -0.0360 -0.0129 0.2590 0.1749 0.0793 0.1271 0.2454 0.3260 -0.2245 0.1734 -0.3177 -0.1758 0.0806 0.1607 0.2288 1.0000 0.3458 0.5938 0.1866 0.6864 -0.0849 0.6637 -0.0721 0.4426 0.4783 0.3431 -0.0573 0.0291 0.0464 -0.1262 0.0785 -0.0239 0.0548 0.0966 -0.0091 0.1277 -0.1062 0.3387 -0.2247 0.1555
0.6752 0.2923 0.5295 0.2602 -0.0154 0.5762 0.2303 0.0447 0.1099 0.3087 0.2442 0.3961 0.1536 0.1515 0.0683 0.3166 0.1905 0.3852 0.4234 0.3379 0.3299 -0.0604 0.0607 0.0669 0.2768 0.0783 0.2063 0.4355 0.4798 0.1663 0.2520 -0.1771 0.0106 -0.2389 0.1434 0.1670 0.3232 0.3560 0.3265 0.2837 0.5266 0.1730 0.2791 0.0744 0.0463 -0.1453 0.3278 -0.0025 0.6791 0.3458 1.0000 0.5136 0.8375 0.2083 0.3387 0.0777 0.5865 0.2659 0.6983 0.5647 0.1176 0.3016 -0.1336 0.2795 -0.2594 -0.1643 0.2100 0.1860 0.0468 0.0808 0.2756 -0.0197 0.1388 -0.0578
0.2154 0.5108 0.1698 0.4740 -0.2935 0.0649 0.4397 -0.0891 -0.2736 -0.0390 0.1223 -0.1227 0.0856 -0.1096 -0.2237 0.0222 0.1569 0.0823 0.3726 0.0421 0.1112 -0.1630 -0.2904 0.1028 -0.2121 -0.2434 -0.2561 0.0629 0.1957 -0.0398 -0.1045 -0.1204 -0.4122 -0.0872 -0.2331 -0.1212 0.0733 0.3360 -0.0115 0.2022 0.2068 0.3059 -0.3678 0.0336 -0.4844 -0.4223 0.0741 0.1479 0.2846 0.5938 0.5136 1.0000 0.2767 0.3968 -0.1196 0.0397 -0.0501 0.2559 0.6303 0.6262 -0.1592 -0.1945 0.1804 -0.1982 0.0672 -0.0659 -0.0883 0.1604 -0.1214 0.0692 -0.2212 0.1164 -0.3031 -0.1839
0.7793 0.1658 0.5842 0.1857 0.0353 0.7011 0.1548 0.2251 0.1699 0.5259 0.2559 0.6278 0.1275 0.2612 0.1273 0.3959 0.1563 0.3863 0.3679 0.3572 0.3316 -0.0202 0.1250 0.0211 0.3668 0.1688 0.3451 0.5163 0.4856 0.1699 0.2349 -0.1767 0.0696 -0.2554 0.0900 0.1278 0.2334 0.2710 0.2498 0.1591 0.4632 0.0146 0.3805 -0.0157 0.1280 -0.1390 0.3311 -0.1607 0.8123 0.1866 0.8375 0.2767 1.0000 0.0915 0.6057 0.0400 0.7372 0.1668 0.4975 0.3828 0.2283 0.3863 -0.2218 0.3712 -0.3379 -0.1801 0.2347 0.1617 0.0713 0.0262 0.4528 -0.1076 0.2768 -0.0906
0.0999 0.7827 0.3264 0.4742 -0.2598 0.2463 0.5894 -0.3227 -0.0009 0.0683 0.5379 0.0767 0.5267 -0.1399 0.0232 0.0749 0.4115 0.1441 0.2610 0.2723 0.3334 -0.3894 -0.3609 -0.0108 0.0472 -0.1582 -0.1086 0.1868 0.3932 0.1586 0.2113 -0.0603 -0.0676 -0.1930 0.2025 0.1686 0.3379 0.0767 0.1877 0.1318 -0.0119 0.4685 -0.0922 0.5514 -0.1070 0.1957 -0.0422 0.3312 0.0316 0.6864 0.2083 0.3968 0.0915 1.0000 -0.0967 0.5853 -0.0870 0.7946 0.4603 0.3580 -0.0637 0.1071 0.0125 -0.0455 0.1320 -0.0410 0.0236 0.2034 -0.0104 -0.0582 -0.1105 0.1576 -0.1297 0.2849
0.6616 -0.1026 0.4845 -0.0970 0.0491 0.5819 -0.0697 0.4393 0.1950 0.8358 0.0739 0.7983 -0.0107 0.4251 0.1534 0.6265 0.0997 0.4515 0.2906 0.2879 0.1604 0.0288 0.1000 0.1018 0.4740 0.3019 0.3104 0.4384 0.2492 0.0160 0.1694 0.0876 0.2551 -0.0790 0.1771 0.1337 0.1184 0.0250 0.2607 0.0573 0.1736 -0.1495 0.5167 0.0489 0.4113 0.1278 0.2606 -0.1567 0.7040 -0.0849 0.3387 -0.1196 0.6057 -0.0967 1.0000 0.0210 0.5146 -0.0588 -0.0465 -0.0405 0.3771 0.3840 -0.2918 0.3218 -0.2248 -0.0582 0.3159 0.1295 0.2900 0.0781 0.7911 -0.0994 0.6364 -0.0220
0.1239 0.5578 0.2040 -0.0196 -0.2588 0.1411 0.1317 -0.4197 -0.0964 0.0879 0.5141 0.0536 0.5391 -0.1558 -0.0735 0.1290 0.7537 0.2164 0.1292 0.2743 0.0948 -0.2467 -0.3246 -0.0232 0.1201 0.1318 -0.0218 0.1411 0.1826 -0.0346 0.1602 -0.0630 0.1767 -0.1435 0.2147 0.2242 0.1693 0.0900 0.1464 0.1638 0.2223 0.1413 0.1154 0.3286 0.1316 0.3290 0.1524 0.1984 0.0034 0.6637 0.0777 0.0397 0.0400 0.5853 0.0210 1.0000 -0.0366 0.4755 0.1323 0.0271 0.0275 0.1067 -0.0507 -0.0078 0.0970 0.1658 0.1425 0.0216 0.0845 0.0150 0.0262 0.4419 0.0239 0.6168
0.5120 -0.0364 0.3619 0.0348 0.0891 0.5142 -0.0384 0.2690 0.1452 0.4460 0.1821 0.5548 0.0689 0.3006 0.1561 0.2484 0.0147 0.2647 0.1370 0.3857 0.3425 0.0171 0.2384 -0.0981 0.2657 0.1783 0.3627 0.4783 0.4590 0.4698 0.4645 0.0226 0.1629 -0.1195 0.2578 0.3466 0.2320 0.3294 0.2936 0.2041 0.4241 -0.0023 0.5637 0.0846 0.3574 0.0481 0.2986 -0.1828 0.5328 -0.0721 0.5865 -0.0501 0.7372 -0.0870 0.5146 -0.0366 1.0000 0.2209 0.3520 0.2806 0.2918 0.3011 -0.1434 0.3911 -0.2233 -0.0046 0.3355 0.1916 0.1307 0.0018 0.4880 -0.1460 0.4372 0.0000
0.0339 0.5905 0.2734 0.4901 -0.0986 0.2383 0.4624 -0.1781 0.0866 0.0573 0.5748 0.1339 0.4799 -0.0282 0.1493 0.0290 0.2988 0.1132 0.2188 0.3199 0.4659 -0.2532 -0.1475 -0.0485 0.0789 -0.1010 0.0555 0.2486 0.5406 0.4560 0.4913 0.0423 0.0702 -0.0949 0.3692 0.4241 0.3639 0.2844 0.3281 0.2803 0.0810 0.5142 0.1289 0.6741 0.0875 0.3225 -0.0092 0.3016 -0.0442 0.4426 0.2659 0.2559 0.1668 0.7946 -0.0588 0.4755 0.2209 1.0000 0.5552 0.5161 0.0430 0.1590 0.0892 0.1116 0.1723 0.0762 0.1104 0.3388 0.0154 -0.0419 -0.0271 0.1827 -0.0044 0.4007
0.2642 0.4705 0.3316 0.5012 -0.0564 0.3233 0.4396 -0.0732 0.0422 0.0839 0.3686 0.1485 0.2657 -0.0292 0.0589 0.1102 0.1654 0.1065 0.3282 0.2160 0.3999 -0.2068 -0.0459 0.0530 0.0693 -0.1725 0.0813 0.2881 0.5861 0.3762 0.3341 -0.1690 -0.1011 -0.1674 0.2063 0.2989 0.3993 0.4674 0.3260 0.3810 0.3507 0.5325 0.0081 0.2563 -0.1715 -0.1055 0.1280 0.2234 0.2967 0.4783 0.6983 0.6303 0.4975 0.4603 -0.0465 0.1323 0.3520 0.5552 1.0000 0.8403 -0.0667 0.1532 0.1726 0.2033 0.0283 0.0070 0.0853 0.3620 -0.0481 0.0668 -0.0518 0.1577 -0.1950 0.0572
0.1135 0.3438 0.1600 0.4879 -0.0000 0.1376 0.3704 0.1292 -0.0100 0.0168 0.3941 0.0658 0.2832 0.0769 0.1030 0.0504 0.1032 -0.0095 0.3342 0.0364 0.3312 -0.0492 0.0576 0.0695 0.0200 -0.1337 0.1269 0.2316 0.5583 0.4443 0.4056 0.0708 -0.0698 0.0551 0.1251 0.3109 0.1366 0.5574 0.2979 0.4178 0.1454 0.4069 -0.0617 0.2264 -0.1107 -0.1259 0.1932 0.2335 0.2252 0.3431 0.5647 0.6262 0.3828 0.3580 -0.0405 0.0271 0.2806 0.5161 0.8403 1.0000 0.0115 0.0639 0.2947 0.1563 0.1412 0.0556 0.1337 0.4998 -0.0748 0.0395 -0.0662 0.2155 -0.1715 0.1090
0.2194 -0.0322 0.1804 0.0818 0.2866 0.1988 0.0561 0.4903 0.3694 0.2891 0.2820 0.4373 0.2667 0.7069 0.3650 0.2151 0.1756 0.4289 0.1548 0.3611 0.2059 0.4327 0.2848 0.1166 0.3510 0.7423 0.4341 0.5360 0.3478 0.3130 0.3438 0.4113 0.2326 0.2828 0.0752 0.1406 0.1017 0.0419 0.1888 -0.0148 -0.0068 -0.1032 0.2583 -0.0361 0.2093 -0.0712 0.0961 -0.0835 0.1538 -0.0573 0.1176 -0.1592 0.2283 -0.0637 0.3771 0.0275 0.2918 0.0430 -0.0667 0.0115 1.0000 0.5262 0.0156 0.3859 -0.0700 0.0630 0.5228 0.2720 0.2975 0.0281 0.5067 0.0217 0.5950 0.1041
0.4692 0.0208 0.5694 0.1016 0.3760 0.6271 0.1620 0.1577 0.6696 0.3759 0.3594 0.6204 0.3583 0.4257 0.5263 0.3676 0.1952 0.3216 0.0741 0.4803 0.4526 0.1105 0.3203 0.0880 0.6578 0.4969 0.5324 0.4620 0.3727 0.2140 0.3380 -0.0805 0.3923 -0.1981 0.1952 0.0870 0.3381 -0.1594 0.2615 -0.0796 0.0428 -0.0160 0.2563 -0.0649 0.1525 -0.0205 0.0704 0.0096 0.3657 0.0291 0.3016 -0.1945 0.3863 0.1071 0.3840 0.1067 0.3011 0.1590 0.1532 0.0639 0.5262 1.0000 -0.3555 0.5083 -0.3534 -0.2820 0.2338 0.1566 0.1446 -0.0119 0.4737 -0.0869 0.3598 0.0885
-0.4246 0.0922 -0.4550 0.2148 0.1150 -0.5054 0.0367 0.1733 -0.1479 -0.2778 0.0613 -0.3785 0.0286 -0.0253 0.0351 -0.1659 0.0161 -0.2077 0.1776 -0.3719 -0.0927 0.2040 0.1167 0.2471 -0.1555 -0.1711 -0.0508 -0.1164 0.1275 0.2317 0.0883 0.3603 -0.0086 0.4866 0.0661 0.3381 -0.1305 0.3639 0.1208 0.3923 -0.0465 0.1341 -0.1913 0.1713 -0.0570 0.0548 0.1111 0.3009 -0.3089 0.0464 -0.1336 0.1804 -0.2218 0.0125 -0.2918 -0.0507 -0.1434 0.0892 0.1726 0.2947 0.0156 -0.3555 1.0000 0.0902 0.6752 0.4711 0.1932 0.4993 0.0314 0.1920 -0.2771 0.4058 -0.2742 0.1998
0.3037 -0.0955 0.1715 -0.0637 0.4832 0.3007 -0.1249 0.1984 0.5107 0.1954 0.2709 0.4126 0.1296 0.3349 0.5305 0.3443 0.0620 0.1408 0.0930 0.0109 0.1132 0.1326 0.4108 0.1900 0.6888 0.2441 0.5900 0.4260 0.3759 0.2287 0.2139 0.0725 0.4648 0.0462 0.2288 0.3566 0.2047 0.3009 0.3137 0.1488 0.2741 0.1832 0.4936 0.1635 0.3239 0.1273 0.3768 -0.0484 0.3217 -0.1262 0.2795 -0.1982 0.3712 -0.0455 0.3218 -0.0078 0.3911 0.1116 0.2033 0.1563 0.3859 0.5083 0.0902 1.0000 -0.1849 0.1423 0.3876 0.4102 0.2979 0.2145 0.4844 0.1923 0.3474 0.3030
-0.3945 0.1165 -0.3012 0.1598 -0.0638 -0.3981 -0.0031 0.0137 -0.2319 -0.2007 -0.0153 -0.3050 -0.0185 -0.0821 -0.1340 -0.1492 0.0653 -0.1251 0.1815 -0.1457 0.0430 0.0593 -0.0560 0.0850 -0.2415 -0.1411 -0.1982 -0.1481 0.0711 0.2356 0.1846 0.3027 -0.0251 0.2983 0.1515 0.3281 -0.1101 0.1960 0.1045 0.3308 -0.1610 0.1099 -0.1964 0.2772 0.0193 0.2155 -0.0596 0.3705 -0.3951 0.0785 -0.2594 0.0672 -0.3379 0.1320 -0.2248 0.0970 -0.2233 0.1723 0.0283 0.1412 -0.0700 -0.3534 0.6752 -0.1849 1.0000 0.4718 0.0720 0.3533 -0.0047 0.0365 -0.2808 0.2346 -0.2004 0.1687
-0.2259 0.0138 -0.2888 -0.1022 0.0390 -0.3205 -0.2176 -0.0386 -0.1012 -0.0812 -0.0547 -0.2048 -0.0866 -0.0766 -0.0575 -0.0294 0.0969 0.0319 0.1311 -0.1621 -0.1295 0.0947 0.0059 0.0335 -0.0512 -0.0092 -0.0126 -0.0060 0.1061 0.1500 0.1383 0.2532 0.1692 0.2911 0.2339 0.4167 -0.0783 0.2733 0.2040 0.4083 0.1466 0.0410 0.1083 0.2030 0.2109 0.2961 0.1336 0.2214 -0.2538 -0.0239 -0.1643 -0.0659 -0.1801 -0.0410 -0.0582 0.1658 -0.0046 0.0762 0.0070 0.0556 0.0630 -0.2820 0.4711 0.1423 0.4718 1.0000 0.2485 0.3646 0.1373 0.0731 -0.0690 0.2091 0.0116 0.2265
0.2202 0.0836 0.1410 0.0686 0.0778 0.1589 0.0766 0.2064 0.1302 0.2240 0.1952 0.2838 0.1922 0.4416 0.1487 0.2814 0.1933 0.4980 0.2849 0.2737 0.1437 0.1037 0.0847 0.2551 0.4286 0.3865 0.2372 0.5382 0.4551 0.3650 0.4550 0.4983 0.3278 0.3496 0.3557 0.4582 0.2204 0.2755 0.4575 0.3448 0.2092 -0.0219 0.4578 0.1777 0.4203 0.1664 0.4580 0.1365 0.1716 0.0548 0.2100 -0.0883 0.2347 0.0236 0.3159 0.1425 0.3355 0.1104 0.0853 0.1337 0.5228 0.2338 0.1932 0.3876 0.0720 0.2485 1.0000 0.3901 0.3351 0.1338 0.5035 0.1351 0.5333 0.1912
0.0618 0.1801 0.0546 0.3120 0.1982 0.0491 0.0974 0.2187 0.1782 0.1274 0.2653 0.1436 0.1596 0.2310 0.3220 0.2470 0.1168 0.1479 0.4397 -0.0373 0.2472 0.0738 0.2042 0.2862 0.2836 -0.0125 0.2606 0.2825 0.5115 0.4546 0.3897 0.4314 0.2920 0.3341 0.3076 0.5492 0.1106 0.4183 0.4224 0.4993 -0.0071 0.2374 0.1231 0.3498 0.2092 0.1929 0.3155 0.3903 0.0965 0.0966 0.1860 0.1604 0.1617 0.2034 0.1295 0.0216 0.1916 0.3388 0.3620 0.4998 0.2720 0.1566 0.4993 0.4102 0.3533 0.3646 0.3901 1.0000 0.2917 0.2276 0.1887 0.3396 0.1157 0.3045
0.1715 0.0111 0.1526 -0.0498 0.0409 0.1682 -0.0324 0.0666 0.1261 0.2353 0.0173 0.3083 -0.0269 0.2987 0.1213 0.6259 0.2214 0.2757 0.0751 0.1370 0.0225 -0.0344 0.0438 0.5446 0.4378 0.1378 0.1785 0.2023 0.0716 0.0107 0.0299 0.2919 0.2645 0.1976 0.2842 0.3407 0.2898 0.1021 0.3775 0.2273 0.1278 0.1176 0.3122 0.1668 0.2693 0.1289 0.1679 0.0733 0.1207 -0.0091 0.0468 -0.1214 0.0713 -0.0104 0.2900 0.0845 0.1307 0.0154 -0.0481 -0.0748 0.2975 0.1446 0.0314 0.2979 -0.0047 0.1373 0.3351 0.2917 1.0000 0.6510 0.6059 0.4043 0.4415 0.2059
0.0726 0.0978 -0.0128 0.0246 -0.0322 -0.0097 0.0611 0.0363 -0.0631 0.0659 0.0192 0.0558 -0.0361 0.0753 -0.0165 0.6090 0.3502 0.0811 0.1021 -0.0914 -0.0961 -0.0348 0.0004 0.6678 0.3325 -0.0878 0.0162 0.0262 -0.0722 -0.0755 -0.1553 0.2060 0.1367 0.2810 0.1448 0.2497 0.1660 0.2348 0.3218 0.3182 0.1871 0.1150 0.1059 0.0675 0.0487 -0.0155 0.1969 0.0124 0.1423 0.1277 0.0808 0.0692 0.0262 -0.0582 0.0781 0.0150 0.0018 -0.0419 0.0668 0.0395 0.0281 -0.0119 0.1920 0.2145 0.0365 0.0731 0.1338 0.2276 0.6510 1.0000 0.3007 0.5926 0.0443 0.1829
0.5551 -0.1093 0.4475 -0.1050 0.0911 0.5417 -0.0590 0.3408 0.2787 0.6663 0.1185 0.7694 0.0393 0.6124 0.2539 0.6965 0.1200 0.5152 0.1597 0.3881 0.1872 0.0039 0.1145 0.3412 0.6545 0.3972 0.3307 0.5289 0.2694 0.1177 0.2324 0.3012 0.4049 0.0821 0.2904 0.2528 0.2737 0.0551 0.4014 0.1261 0.2009 -0.0542 0.5997 0.0692 0.4543 0.0963 0.3476 -0.0662 0.5196 -0.1062 0.2756 -0.2212 0.4528 -0.1105 0.7911 0.0262 0.4880 -0.0271 -0.0518 -0.0662 0.5067 0.4737 -0.2771 0.4844 -0.2808 -0.0690 0.5035 0.1887 0.6059 0.3007 1.0000 0.1066 0.8407 0.1245
-0.1645 0.2353 -0.1821 0.0012 0.0024 -0.2083 -0.0349 0.0029 -0.0855 -0.0467 0.3947 -0.0967 0.3374 0.0848 0.1446 0.3275 0.5072 -0.0691 0.0951 -0.1977 -0.1195 0.0328 -0.0076 0.5906 0.1919 -0.0102 0.0070 -0.0476 0.0354 0.0087 -0.0565 0.3091 0.2658 0.4070 0.1467 0.3184 0.0007 0.3286 0.2549 0.4206 0.0810 0.1686 -0.0230 0.1904 0.0259 0.1139 0.2681 0.2221 -0.0882 0.3387 -0.0197 0.1164 -0.1076 0.1576 -0.0994 0.4419 -0.1460 0.1827 0.1577 0.2155 0.0217 -0.0869 0.4058 0.1923 0.2346 0.2091 0.1351 0.3396 0.4043 0.5926 0.1066 1.0000 -0.0559 0.7106
0.3652 -0.1859 0.3288 -0.1720 0.0689 0.3769 -0.1766 0.2943 0.2139 0.4959 0.0496 0.5926 -0.0173 0.6585 0.1992 0.4067 0.0102 0.5490 0.1028 0.4411 0.1467 0.0684 0.0536 0.1470 0.4583 0.4962 0.2354 0.5287 0.2570 0.1769 0.3180 0.4329 0.3810 0.1415 0.2780 0.2323 0.1804 0.0212 0.2978 0.0692 0.1111 -0.1070 0.6087 0.1290 0.5373 0.1816 0.2634 -0.0380 0.2590 -0.2247 0.1388 -0.3031 0.2768 -0.1297 0.6364 0.0239 0.4372 -0.0044 -0.1950 -0.1715 0.5950 0.3598 -0.2742 0.3474 -0.2004 0.0116 0.5333 0.1157 0.4415 0.0443 0.8407 -0.0559 1.0000 0.1403
-0.1389 0.1151 -0.0737 -0.1457 0.1521 -0.0828 -0.2467 -0.0820 0.1779 -0.0289 0.5206 0.0091 0.4612 0.1012 0.4072 0.1374 0.4145 -0.0008 0.0412 -0.0412 0.0034 0.0249 0.0685 0.2440 0.3231 0.1236 0.1859 0.0156 0.1663 0.1526 0.1944 0.3220 0.6188 0.3186 0.2391 0.4168 -0.0880 0.2413 0.2075 0.3279 -0.0151 0.0810 0.1783 0.4179 0.2805 0.4838 0.3018 0.2749 -0.1636 0.1555 -0.0578 -0.1839 -0.0906 0.2849 -0.0220 0.6168 0.0000 0.4007 0.0572 0.1090 0.1041 0.0885 0.1998 0.3030 0.1687 0.2265 0.1912 0.3045 0.2059 0.1829 0.1245 0.7106 0.1403 1.0000
