1.0000 0.9309 0.8564 0.8823 0.1748 0.8541 0.8504 0.3557 0.3885 0.5878 0.7168 0.6071 0.5874 0.4201 0.1652 0.7648 0.7495 0.9192 0.9120 0.8365 0.8458 0.2875 0.1183 0.6439 0.5698 0.4315 0.3181 0.8351 0.7718 0.6410 0.6172 0.0836 0.1584 0.0201 0.6915 0.6611 0.7447 0.8052 0.5888 0.6652 0.7997 0.7364 0.5779 0.5653 0.4551 0.6533 0.1748 0.3578 0.9623 0.9009 0.8025 0.7459 0.8063 0.7638 0.7452 0.7852 0.7126 0.6894 0.8150 0.8423 0.1830 0.2381 0.3310 0.3941 0.2644 0.2533 0.1960 0.2770 0.7067 0.7267 0.6556 0.5993 0.4146 0.2813
0.9309 1.0000 0.8377 0.8926 0.1944 0.8009 0.8770 0.3643 0.4021 0.4817 0.6967 0.5152 0.5521 0.3942 0.1741 0.7174 0.7435 0.9187 0.9336 0.8280 0.8307 0.3214 0.1476 0.6120 0.5295 0.3930 0.2605 0.7914 0.7226 0.5930 0.5935 0.0869 0.1431 0.0184 0.6301 0.6030 0.7207 0.7651 0.5487 0.6251 0.7614 0.7028 0.5063 0.5451 0.3966 0.6127 0.1447 0.3214 0.8930 0.9524 0.7841 0.8033 0.7562 0.8508 0.6806 0.7812 0.6871 0.6885 0.7940 0.8234 0.1429 0.1699 0.3184 0.3245 0.2398 0.1912 0.1868 0.2596 0.6666 0.7086 0.5937 0.5627 0.3585 0.2105
0.8564 0.8377 1.0000 0.9466 0.0434 0.9622 0.8765 0.2655 0.2910 0.5275 0.6137 0.6148 0.4599 0.2972 -0.0527 0.6103 0.6445 0.8899 0.8771 0.9362 0.9210 0.2335 -0.0355 0.5372 0.3945 0.3878 0.2030 0.7780 0.6768 0.6230 0.6011 0.0204 0.1124 -0.1641 0.6922 0.6726 0.7681 0.8039 0.5479 0.6334 0.7780 0.7668 0.6199 0.6213 0.5569 0.7017 0.2305 0.3638 0.8283 0.8407 0.7953 0.7972 0.7728 0.7893 0.6698 0.6933 0.7475 0.7389 0.8404 0.8352 0.1601 0.2003 0.2358 0.2917 0.2005 0.1518 0.1196 0.1950 0.6036 0.5906 0.5758 0.5234 0.4882 0.2885
0.8823 0.8926 0.9466 1.0000 0.1294 0.9121 0.9529 0.3250 0.3788 0.5375 0.6678 0.6138 0.5361 0.3445 0.0406 0.6373 0.6752 0.9086 0.9034 0.9271 0.9471 0.3145 0.0701 0.5845 0.4490 0.4160 0.2832 0.8085 0.7456 0.6586 0.6463 0.0899 0.1630 -0.0743 0.7130 0.7059 0.7895 0.8297 0.6103 0.6953 0.7901 0.7715 0.6293 0.6180 0.5668 0.7511 0.2995 0.4095 0.8464 0.8757 0.7910 0.8047 0.7901 0.8132 0.6825 0.7420 0.7594 0.7592 0.8792 0.8684 0.2040 0.2542 0.3002 0.3317 0.2333 0.2075 0.2107 0.2911 0.6276 0.6312 0.5817 0.5562 0.4795 0.3114
0.1748 0.1944 0.0434 0.1294 1.0000 0.0354 0.1634 0.7818 0.5392 0.2711 0.3354 0.3151 0.4078 0.7073 0.6165 0.3252 0.2613 0.2197 0.1391 0.2401 0.2443 0.7066 0.8477 0.3853 0.4947 0.5933 0.6028 0.3739 0.4118 0.4005 0.3988 0.5373 0.5189 0.6051 0.3256 0.3799 0.3662 0.3386 0.3514 0.3743 0.3540 0.2834 0.2573 0.1790 0.2167 0.3323 0.1388 0.1904 0.1930 0.2256 0.0914 0.0895 0.2536 0.1563 0.3164 0.3751 0.2596 0.1716 0.3467 0.3266 0.5902 0.5803 0.3561 0.2602 0.3385 0.3552 0.4804 0.4097 0.2640 0.3125 0.3413 0.3783 0.2364 0.3646
0.8541 0.8009 0.9622 0.9121 0.0354 1.0000 0.8497 0.2844 0.2779 0.5691 0.5971 0.6620 0.4386 0.3168 -0.0551 0.6125 0.6208 0.8382 0.8379 0.8977 0.8861 0.2296 -0.0446 0.5398 0.3856 0.3923 0.1937 0.7520 0.6527 0.5908 0.5736 0.0178 0.1315 -0.1733 0.6523 0.6256 0.7098 0.7656 0.5040 0.5846 0.7543 0.7552 0.6230 0.6075 0.5250 0.6509 0.1977 0.3357 0.8485 0.8127 0.8191 0.7972 0.8101 0.7910 0.6679 0.6791 0.7433 0.7259 0.7947 0.8071 0.1675 0.1963 0.2227 0.3291 0.1720 0.1725 0.1269 0.1997 0.6115 0.5873 0.5919 0.5040 0.5021 0.2688
0.8504 0.8770 0.8765 0.9529 0.1634 0.8497 1.0000 0.3660 0.5002 0.5297 0.7031 0.5786 0.5769 0.3609 0.1286 0.6323 0.6697 0.8699 0.8534 0.8823 0.9020 0.3270 0.0984 0.5945 0.4522 0.3592 0.2697 0.7817 0.7440 0.6404 0.6229 0.1189 0.1898 -0.0206 0.6770 0.6810 0.7335 0.7917 0.6063 0.6905 0.7595 0.7434 0.6119 0.5902 0.5248 0.7241 0.3123 0.4163 0.8335 0.8587 0.7644 0.7567 0.8010 0.8120 0.6839 0.7543 0.7381 0.7493 0.8348 0.8219 0.1981 0.2507 0.3348 0.3280 0.2473 0.2003 0.2609 0.3413 0.6131 0.6351 0.5737 0.5497 0.4363 0.2916
0.3557 0.3643 0.2655 0.3250 0.7818 0.2844 0.3660 1.0000 0.6608 0.4567 0.4846 0.5285 0.4553 0.8619 0.6318 0.4442 0.4186 0.3599 0.3146 0.4247 0.4210 0.6785 0.6178 0.5763 0.5832 0.6126 0.5011 0.4933 0.4905 0.4965 0.4940 0.5272 0.5304 0.5183 0.4495 0.4814 0.4612 0.4736 0.4089 0.4554 0.5154 0.4864 0.4664 0.4133 0.3463 0.4386 0.1689 0.2919 0.3998 0.4164 0.2667 0.3038 0.4606 0.3858 0.4912 0.5122 0.4215 0.3916 0.4705 0.4690 0.6103 0.4917 0.5346 0.3392 0.4946 0.3692 0.4047 0.3954 0.4106 0.4869 0.4727 0.4964 0.4212 0.4357
0.3885 0.4021 0.2910 0.3788 0.5392 0.2779 0.5002 0.6608 1.0000 0.3483 0.4289 0.3369 0.4265 0.5601 0.5764 0.3928 0.3731 0.3885 0.3593 0.3829 0.3885 0.4638 0.4034 0.4253 0.4472 0.3169 0.2575 0.4388 0.4389 0.4631 0.4060 0.3951 0.4425 0.3743 0.4347 0.4603 0.4116 0.4457 0.4089 0.4720 0.4412 0.4196 0.3993 0.3584 0.3011 0.4257 0.2114 0.3248 0.4085 0.4089 0.2426 0.2427 0.4272 0.3505 0.4707 0.4263 0.3950 0.3531 0.4309 0.4155 0.3356 0.3187 0.3266 0.2545 0.2335 0.1898 0.3550 0.3646 0.3535 0.3869 0.4125 0.4002 0.3312 0.3350
0.5878 0.4817 0.5275 0.5375 0.2711 0.5691 0.5297 0.4567 0.3483 1.0000 0.7387 0.8918 0.6129 0.6416 0.3402 0.6693 0.7178 0.5076 0.4294 0.6308 0.6325 0.4256 0.2508 0.6866 0.6564 0.6012 0.4984 0.6804 0.6953 0.6479 0.6069 0.2824 0.3077 0.2554 0.6292 0.6302 0.5425 0.6186 0.4343 0.4814 0.6139 0.6206 0.6647 0.5418 0.5505 0.5616 0.2161 0.3030 0.6206 0.5243 0.3566 0.2973 0.5751 0.3786 0.7153 0.7252 0.5347 0.5574 0.5897 0.5748 0.4566 0.4910 0.4132 0.4979 0.3399 0.4291 0.3177 0.3534 0.5937 0.6480 0.6180 0.7013 0.5650 0.5219
0.7168 0.6967 0.6137 0.6678 0.3354 0.5971 0.7031 0.4846 0.4289 0.7387 1.0000 0.6588 0.8961 0.5872 0.5299 0.6455 0.8335 0.7085 0.6289 0.7131 0.7500 0.4521 0.3463 0.6464 0.7839 0.5546 0.5742 0.7469 0.7990 0.6558 0.6671 0.1555 0.2260 0.1956 0.6181 0.6515 0.6344 0.7017 0.4857 0.5778 0.7230 0.7074 0.6270 0.5984 0.5047 0.6471 0.1671 0.3613 0.7461 0.7572 0.6052 0.5217 0.7240 0.5756 0.7216 0.8920 0.6244 0.7054 0.7234 0.7188 0.3872 0.4706 0.4452 0.4433 0.4046 0.4015 0.1853 0.2853 0.5635 0.7362 0.5502 0.7748 0.4294 0.5062
0.6071 0.5152 0.6148 0.6138 0.3151 0.6620 0.5786 0.5285 0.3369 0.8918 0.6588 1.0000 0.5712 0.7058 0.2380 0.7100 0.6877 0.5590 0.4727 0.7344 0.7230 0.5033 0.2879 0.7605 0.6345 0.6895 0.5445 0.7471 0.7377 0.7254 0.6504 0.3884 0.3979 0.3036 0.7079 0.7193 0.6252 0.7056 0.5095 0.5673 0.6859 0.7132 0.7534 0.6220 0.6361 0.6428 0.3031 0.3596 0.6360 0.5548 0.4043 0.3866 0.6271 0.4541 0.7706 0.7421 0.6429 0.6405 0.6777 0.6602 0.5515 0.5642 0.4580 0.5074 0.3850 0.4691 0.3877 0.4299 0.6848 0.6811 0.7477 0.7188 0.7090 0.6096
0.5874 0.5521 0.4599 0.5361 0.4078 0.4386 0.5769 0.4553 0.4265 0.6129 0.8961 0.5712 1.0000 0.5343 0.5909 0.5469 0.7085 0.5794 0.4771 0.5838 0.6456 0.4541 0.4434 0.5381 0.7610 0.5130 0.6693 0.6534 0.7518 0.6156 0.6402 0.2109 0.2580 0.2672 0.5396 0.5920 0.5615 0.6195 0.4684 0.5580 0.6426 0.6294 0.5431 0.5256 0.4278 0.5955 0.1937 0.3530 0.6109 0.6196 0.5047 0.4095 0.6409 0.4327 0.6159 0.7920 0.5882 0.6469 0.6483 0.6326 0.3880 0.5446 0.3971 0.3883 0.3885 0.4145 0.2232 0.3286 0.4797 0.6548 0.4871 0.7210 0.3822 0.5539
0.4201 0.3942 0.2972 0.3445 0.7073 0.3168 0.3609 0.8619 0.5601 0.6416 0.5872 0.7058 0.5343 1.0000 0.6671 0.6067 0.5533 0.4021 0.3316 0.4866 0.4784 0.6527 0.6136 0.7057 0.7247 0.6916 0.5762 0.5877 0.5852 0.6082 0.5935 0.5504 0.5493 0.6084 0.5455 0.5741 0.5055 0.5445 0.4640 0.5109 0.5621 0.5435 0.5640 0.4970 0.4528 0.5094 0.2065 0.3313 0.4687 0.4460 0.2456 0.2687 0.4733 0.3615 0.6235 0.6236 0.4649 0.4341 0.5162 0.5262 0.6620 0.5544 0.5539 0.4235 0.4858 0.4823 0.3848 0.4199 0.5713 0.6303 0.6266 0.6473 0.5249 0.5614
0.1652 0.1741 -0.0527 0.0406 0.6165 -0.0551 0.1286 0.6318 0.5764 0.3402 0.5299 0.2380 0.5909 0.6671 1.0000 0.2744 0.3800 0.1466 0.0918 0.1038 0.1473 0.5068 0.6309 0.3284 0.6971 0.3213 0.4486 0.2550 0.3328 0.2736 0.3210 0.3280 0.3651 0.5085 0.1704 0.2149 0.1889 0.2057 0.2282 0.2814 0.2428 0.1965 0.1666 0.2085 0.0774 0.2173 0.0310 0.1495 0.2070 0.2295 0.0945 0.0450 0.2551 0.1173 0.2577 0.4036 0.1926 0.1704 0.1932 0.2046 0.3916 0.3932 0.3690 0.3234 0.3002 0.3798 0.2461 0.2845 0.2054 0.3948 0.1960 0.4703 0.0834 0.3314
0.7648 0.7174 0.6103 0.6373 0.3252 0.6125 0.6323 0.4442 0.3928 0.6693 0.6455 0.7100 0.5469 0.6067 0.2744 1.0000 0.7645 0.7152 0.6668 0.6929 0.6802 0.4566 0.3391 0.8460 0.7227 0.6405 0.5266 0.8154 0.7796 0.6893 0.6790 0.3727 0.3779 0.3506 0.7198 0.6717 0.6726 0.7269 0.5540 0.6092 0.7143 0.6829 0.6126 0.5837 0.4814 0.5818 0.2216 0.3454 0.7722 0.6910 0.4758 0.4673 0.5868 0.5509 0.8153 0.7860 0.5837 0.5780 0.6969 0.7279 0.4072 0.4408 0.4769 0.4894 0.3805 0.4554 0.4013 0.4688 0.9148 0.8584 0.8488 0.7185 0.5625 0.4676
0.7495 0.7435 0.6445 0.6752 0.2613 0.6208 0.6697 0.4186 0.3731 0.7178 0.8335 0.6877 0.7085 0.5533 0.3800 0.7645 1.0000 0.7300 0.6830 0.7096 0.7118 0.5043 0.3245 0.7137 0.7800 0.5560 0.4597 0.7407 0.7338 0.5923 0.5545 0.1197 0.1392 0.1508 0.6302 0.6296 0.6218 0.6861 0.4614 0.5303 0.6784 0.6744 0.5627 0.5513 0.4264 0.5616 0.0779 0.2456 0.7520 0.7841 0.5689 0.5193 0.6242 0.5727 0.7072 0.8714 0.5886 0.6399 0.6857 0.6911 0.3024 0.3857 0.3850 0.4627 0.2625 0.3549 0.2133 0.3347 0.7026 0.8722 0.6115 0.8386 0.4317 0.4112
0.9192 0.9187 0.8899 0.9086 0.2197 0.8382 0.8699 0.3599 0.3885 0.5076 0.7085 0.5590 0.5794 0.4021 0.1466 0.7152 0.7300 1.0000 0.9555 0.9027 0.8957 0.3303 0.1688 0.6049 0.5382 0.4542 0.3371 0.8636 0.7906 0.6639 0.6581 0.1030 0.1797 -0.0019 0.7339 0.7186 0.8122 0.8414 0.6300 0.7140 0.8008 0.7413 0.5735 0.5610 0.5205 0.7498 0.2065 0.3640 0.8784 0.8924 0.7897 0.7673 0.7737 0.7861 0.7038 0.7932 0.7066 0.7025 0.8936 0.8802 0.2246 0.2890 0.3247 0.3479 0.2776 0.2361 0.2486 0.3245 0.6856 0.7092 0.6099 0.5801 0.4046 0.2824
0.9120 0.9336 0.8771 0.9034 0.1391 0.8379 0.8534 0.3146 0.3593 0.4294 0.6289 0.4727 0.4771 0.3316 0.0918 0.6668 0.6830 0.9555 1.0000 0.8382 0.8331 0.2558 0.0712 0.5444 0.4700 0.3612 0.1900 0.7810 0.6833 0.5711 0.5819 0.0427 0.1340 -0.0760 0.6514 0.6120 0.7442 0.7749 0.5526 0.6296 0.7472 0.6937 0.4985 0.5315 0.4331 0.6491 0.1610 0.3460 0.8672 0.9000 0.8121 0.8308 0.7451 0.8308 0.6333 0.7126 0.6699 0.6612 0.8198 0.8451 0.1330 0.1482 0.2787 0.3091 0.2109 0.1525 0.1755 0.2583 0.6397 0.6673 0.5491 0.5046 0.3483 0.1832
0.8365 0.8280 0.9362 0.9271 0.2401 0.8977 0.8823 0.4247 0.3829 0.6308 0.7131 0.7344 0.5838 0.4866 0.1038 0.6929 0.7096 0.9027 0.8382 1.0000 0.9757 0.4316 0.1960 0.6575 0.5307 0.5854 0.4225 0.8767 0.8142 0.7497 0.7203 0.1855 0.2444 0.0323 0.7868 0.7915 0.8456 0.8791 0.6283 0.7277 0.8372 0.8186 0.7041 0.6751 0.6556 0.8173 0.2746 0.4041 0.8254 0.8428 0.7391 0.7405 0.8007 0.7632 0.7610 0.8103 0.7826 0.7751 0.9168 0.8877 0.3527 0.4016 0.3684 0.3700 0.3285 0.3033 0.2662 0.3387 0.6793 0.6763 0.6636 0.6343 0.5679 0.4286
0.8458 0.8307 0.9210 0.9471 0.2443 0.8861 0.9020 0.4210 0.3885 0.6325 0.7500 0.7230 0.6456 0.4784 0.1473 0.6802 0.7118 0.8957 0.8331 0.9757 1.0000 0.4199 0.2061 0.6593 0.5582 0.5735 0.4658 0.8746 0.8367 0.7593 0.7499 0.1809 0.2538 0.0415 0.7849 0.7977 0.8412 0.8789 0.6357 0.7394 0.8404 0.8292 0.7218 0.6881 0.6726 0.8368 0.3186 0.4373 0.8268 0.8416 0.7409 0.7339 0.8085 0.7535 0.7628 0.8180 0.7932 0.8043 0.9260 0.8950 0.3681 0.4282 0.3904 0.3880 0.3525 0.3247 0.2541 0.3380 0.6722 0.6808 0.6579 0.6587 0.5738 0.4708
0.2875 0.3214 0.2335 0.3145 0.7066 0.2296 0.3270 0.6785 0.4638 0.4256 0.4521 0.5033 0.4541 0.6527 0.5068 0.4566 0.5043 0.3303 0.2558 0.4316 0.4199 1.0000 0.8279 0.5975 0.6140 0.6993 0.6301 0.4801 0.5083 0.4681 0.4484 0.4627 0.4553 0.4550 0.4542 0.4935 0.4631 0.4517 0.3648 0.4166 0.4417 0.4288 0.3744 0.3705 0.2974 0.4157 0.1134 0.1657 0.3116 0.3728 0.2060 0.2265 0.3355 0.2588 0.4304 0.5539 0.3883 0.3293 0.4567 0.4381 0.5184 0.5838 0.4499 0.4105 0.2719 0.4670 0.4759 0.4736 0.4140 0.4821 0.4100 0.5757 0.3596 0.4555
0.1183 0.1476 -0.0355 0.0701 0.8477 -0.0446 0.0984 0.6178 0.4034 0.2508 0.3463 0.2879 0.4434 0.6136 0.6309 0.3391 0.3245 0.1688 0.0712 0.1960 0.2061 0.8279 1.0000 0.4106 0.5697 0.6514 0.7149 0.3402 0.4256 0.3502 0.3546 0.4951 0.4491 0.6097 0.2888 0.3467 0.3141 0.2829 0.2898 0.3273 0.2710 0.2192 0.1829 0.1595 0.1694 0.3017 0.0755 0.0927 0.1391 0.1904 0.0360 0.0155 0.1625 0.0522 0.2708 0.4109 0.1865 0.1126 0.2909 0.2658 0.5357 0.6343 0.3525 0.2773 0.2331 0.4174 0.4364 0.4665 0.2939 0.3483 0.2867 0.4401 0.1872 0.3935
0.6439 0.6120 0.5372 0.5845 0.3853 0.5398 0.5945 0.5763 0.4253 0.6866 0.6464 0.7605 0.5381 0.7057 0.3284 0.8460 0.7137 0.6049 0.5444 0.6575 0.6593 0.5975 0.4106 1.0000 0.7676 0.7261 0.6109 0.7582 0.7664 0.6706 0.6337 0.5099 0.5044 0.4734 0.7200 0.7021 0.6350 0.6974 0.5584 0.6075 0.6744 0.6806 0.6681 0.6073 0.5377 0.5999 0.3198 0.4015 0.6569 0.6051 0.3724 0.3939 0.5317 0.4821 0.7649 0.7744 0.5136 0.5842 0.6567 0.6697 0.5630 0.5552 0.6760 0.5937 0.5246 0.5516 0.4636 0.5156 0.8253 0.8066 0.7984 0.7636 0.6346 0.5948
0.5698 0.5295 0.3945 0.4490 0.4947 0.3856 0.4522 0.5832 0.4472 0.6564 0.7839 0.6345 0.7610 0.7247 0.6971 0.7227 0.7800 0.5382 0.4700 0.5307 0.5582 0.6140 0.5697 0.7676 1.0000 0.6571 0.6829 0.6762 0.7108 0.5731 0.6004 0.4005 0.4313 0.4920 0.5886 0.5878 0.5748 0.6133 0.4918 0.5665 0.6199 0.5975 0.5305 0.5587 0.4165 0.5396 0.1978 0.3452 0.5961 0.5778 0.3894 0.3465 0.5189 0.3858 0.6397 0.7794 0.4681 0.5070 0.5811 0.6073 0.4914 0.5795 0.5454 0.5679 0.4605 0.5540 0.3376 0.4233 0.6733 0.8123 0.6128 0.8244 0.4509 0.5879
0.4315 0.3930 0.3878 0.4160 0.5933 0.3923 0.3592 0.6126 0.3169 0.6012 0.5546 0.6895 0.5130 0.6916 0.3213 0.6405 0.5560 0.4542 0.3612 0.5854 0.5735 0.6993 0.6514 0.7261 0.6571 1.0000 0.8265 0.6764 0.7027 0.6420 0.6182 0.5224 0.4917 0.4666 0.6510 0.6608 0.6147 0.6178 0.4150 0.4922 0.5887 0.5993 0.6091 0.5439 0.5671 0.5840 0.1967 0.3013 0.4524 0.4476 0.2433 0.2642 0.3946 0.2941 0.6524 0.6642 0.4124 0.4678 0.5949 0.5828 0.7195 0.7262 0.5544 0.4637 0.4990 0.5417 0.4083 0.4588 0.6077 0.5708 0.6365 0.6471 0.6116 0.6346
0.3181 0.2605 0.2030 0.2832 0.6028 0.1937 0.2697 0.5011 0.2575 0.4984 0.5742 0.5445 0.6693 0.5762 0.4486 0.5266 0.4597 0.3371 0.1900 0.4225 0.4658 0.6301 0.7149 0.6109 0.6829 0.8265 1.0000 0.5703 0.7053 0.5676 0.5716 0.4806 0.4474 0.5165 0.5446 0.5873 0.5254 0.5278 0.4424 0.4961 0.4990 0.4790 0.4998 0.3950 0.4702 0.5437 0.2801 0.2851 0.3315 0.3100 0.1511 0.0956 0.3254 0.1140 0.5114 0.6083 0.3555 0.3808 0.5119 0.4676 0.6663 0.8087 0.5304 0.4515 0.5247 0.5939 0.4384 0.4646 0.4858 0.5127 0.4999 0.6077 0.4598 0.6431
0.8351 0.7914 0.7780 0.8085 0.3739 0.7520 0.7817 0.4933 0.4388 0.6804 0.7469 0.7471 0.6534 0.5877 0.2550 0.8154 0.7407 0.8636 0.7810 0.8767 0.8746 0.4801 0.3402 0.7582 0.6762 0.6764 0.5703 1.0000 0.9395 0.8608 0.8271 0.3799 0.4036 0.3001 0.8610 0.8468 0.8679 0.9057 0.7147 0.7869 0.8687 0.8284 0.7488 0.6907 0.6763 0.8134 0.3528 0.4856 0.8373 0.7875 0.6248 0.5948 0.7504 0.6492 0.8559 0.8671 0.7341 0.7561 0.9140 0.9119 0.5057 0.5485 0.4660 0.4726 0.4424 0.4299 0.4359 0.4788 0.7729 0.7564 0.7803 0.7010 0.6103 0.5567
0.7718 0.7226 0.6768 0.7456 0.4118 0.6527 0.7440 0.4905 0.4389 0.6953 0.7990 0.7377 0.7518 0.5852 0.3328 0.7796 0.7338 0.7906 0.6833 0.8142 0.8367 0.5083 0.4256 0.7664 0.7108 0.7027 0.7053 0.9395 1.0000 0.8501 0.8202 0.4040 0.4142 0.3665 0.8328 0.8464 0.8162 0.8655 0.7145 0.7780 0.8171 0.7817 0.7390 0.6357 0.6706 0.8141 0.3986 0.4658 0.7698 0.7197 0.5324 0.4754 0.7024 0.5514 0.8210 0.8819 0.6727 0.7227 0.8778 0.8481 0.5463 0.6526 0.5219 0.5052 0.4952 0.5081 0.4721 0.5205 0.7297 0.7399 0.7364 0.7237 0.5820 0.6127
0.6410 0.5930 0.6230 0.6586 0.4005 0.5908 0.6404 0.4965 0.4631 0.6479 0.6558 0.7254 0.6156 0.6082 0.2736 0.6893 0.5923 0.6639 0.5711 0.7497 0.7593 0.4681 0.3502 0.6706 0.5731 0.6420 0.5676 0.8608 0.8501 1.0000 0.8778 0.4698 0.4826 0.3622 0.8105 0.8291 0.7620 0.7996 0.6305 0.7062 0.7873 0.7708 0.7978 0.6935 0.7338 0.7811 0.4147 0.5560 0.6720 0.6127 0.4430 0.4222 0.6599 0.5026 0.8283 0.7465 0.7385 0.7546 0.8341 0.8025 0.5720 0.5812 0.4133 0.3854 0.4201 0.4121 0.4183 0.4179 0.6483 0.6205 0.7618 0.6648 0.6935 0.6718
0.6172 0.5935 0.6011 0.6463 0.3988 0.5736 0.6229 0.4940 0.4060 0.6069 0.6671 0.6504 0.6402 0.5935 0.3210 0.6790 0.5545 0.6581 0.5819 0.7203 0.7499 0.4484 0.3546 0.6337 0.6004 0.6182 0.5716 0.8271 0.8202 0.8778 1.0000 0.4499 0.5096 0.3598 0.7665 0.7578 0.7500 0.7611 0.6182 0.6907 0.7672 0.7615 0.7385 0.7331 0.6931 0.7630 0.3816 0.5290 0.6476 0.6174 0.4630 0.4774 0.6423 0.5465 0.7678 0.7331 0.6856 0.7293 0.8031 0.8036 0.5425 0.5375 0.4365 0.3619 0.4451 0.4223 0.3705 0.4239 0.6575 0.6223 0.7069 0.6054 0.6346 0.6585
0.0836 0.0869 0.0204 0.0899 0.5373 0.0178 0.1189 0.5272 0.3951 0.2824 0.1555 0.3884 0.2109 0.5504 0.3280 0.3727 0.1197 0.1030 0.0427 0.1855 0.1809 0.4627 0.4951 0.5099 0.4005 0.5224 0.4806 0.3799 0.4040 0.4698 0.4499 1.0000 0.8467 0.7796 0.4851 0.4807 0.3550 0.3528 0.4569 0.4721 0.3218 0.3552 0.4489 0.3881 0.4839 0.3962 0.5363 0.5278 0.1030 0.0930 -0.1232 -0.0160 0.1040 0.0970 0.4021 0.2872 0.1796 0.2322 0.3085 0.3079 0.5887 0.5834 0.4382 0.2738 0.3852 0.3405 0.6432 0.5896 0.4003 0.2739 0.5247 0.3276 0.5795 0.5730
0.1584 0.1431 0.1124 0.1630 0.5189 0.1315 0.1898 0.5304 0.4425 0.3077 0.2260 0.3979 0.2580 0.5493 0.3651 0.3779 0.1392 0.1797 0.1340 0.2444 0.2538 0.4553 0.4491 0.5044 0.4313 0.4917 0.4474 0.4036 0.4142 0.4826 0.5096 0.8467 1.0000 0.6555 0.4858 0.4941 0.3932 0.3950 0.4322 0.4788 0.3808 0.4208 0.4936 0.4499 0.5094 0.4405 0.5177 0.5419 0.1923 0.1604 0.0038 0.0858 0.2212 0.1672 0.4239 0.3178 0.2747 0.2914 0.3625 0.3697 0.5619 0.5600 0.4248 0.3408 0.3570 0.3935 0.5603 0.5291 0.4077 0.2922 0.5378 0.3670 0.5862 0.6242
0.0201 0.0184 -0.1641 -0.0743 0.6051 -0.1733 -0.0206 0.5183 0.3743 0.2554 0.1956 0.3036 0.2672 0.6084 0.5085 0.3506 0.1508 -0.0019 -0.0760 0.0323 0.0415 0.4550 0.6097 0.4734 0.4920 0.4666 0.5165 0.3001 0.3665 0.3622 0.3598 0.7796 0.6555 1.0000 0.3231 0.3416 0.2029 0.2241 0.3620 0.3523 0.2240 0.2007 0.2952 0.2286 0.2761 0.2391 0.3717 0.3220 0.0562 0.0137 -0.2013 -0.1754 0.0354 -0.0519 0.3404 0.2810 0.0597 0.0813 0.1592 0.1711 0.5552 0.5414 0.4142 0.2769 0.3646 0.3707 0.4772 0.4464 0.3293 0.3040 0.4287 0.3302 0.3533 0.5149
0.6915 0.6301 0.6922 0.7130 0.3256 0.6523 0.6770 0.4495 0.4347 0.6292 0.6181 0.7079 0.5396 0.5455 0.1704 0.7198 0.6302 0.7339 0.6514 0.7868 0.7849 0.4542 0.2888 0.7200 0.5886 0.6510 0.5446 0.8610 0.8328 0.8105 0.7665 0.4851 0.4858 0.3231 1.0000 0.9596 0.9161 0.9218 0.8098 0.8417 0.8454 0.8361 0.8294 0.7310 0.8287 0.8499 0.5022 0.6052 0.6798 0.6456 0.4487 0.4664 0.5859 0.5130 0.8010 0.7574 0.6001 0.6795 0.8725 0.8629 0.5532 0.5991 0.4358 0.3950 0.4060 0.3864 0.4396 0.4956 0.7102 0.6507 0.7518 0.6636 0.7024 0.6517
0.6611 0.6030 0.6726 0.7059 0.3799 0.6256 0.6810 0.4814 0.4603 0.6302 0.6515 0.7193 0.5920 0.5741 0.2149 0.6717 0.6296 0.7186 0.6120 0.7915 0.7977 0.4935 0.3467 0.7021 0.5878 0.6608 0.5873 0.8468 0.8464 0.8291 0.7578 0.4807 0.4941 0.3416 0.9596 1.0000 0.8945 0.9212 0.7984 0.8639 0.8472 0.8481 0.8460 0.7240 0.8475 0.8927 0.5166 0.6100 0.6556 0.6343 0.4446 0.4505 0.5943 0.4888 0.7819 0.7663 0.6155 0.6938 0.8847 0.8485 0.5753 0.6386 0.4180 0.3817 0.3938 0.4006 0.4346 0.4778 0.6609 0.6255 0.7199 0.6912 0.6944 0.6897
0.7447 0.7207 0.7681 0.7895 0.3662 0.7098 0.7335 0.4612 0.4116 0.5425 0.6344 0.6252 0.5615 0.5055 0.1889 0.6726 0.6218 0.8122 0.7442 0.8456 0.8412 0.4631 0.3141 0.6350 0.5748 0.6147 0.5254 0.8679 0.8162 0.7620 0.7500 0.3550 0.3932 0.2029 0.9161 0.8945 1.0000 0.9599 0.7952 0.8452 0.9004 0.8517 0.7427 0.7074 0.7260 0.8521 0.3987 0.5361 0.7262 0.7424 0.6065 0.6279 0.6564 0.6121 0.7290 0.7613 0.6732 0.7068 0.9288 0.9248 0.4561 0.5086 0.3665 0.3517 0.3680 0.3655 0.3467 0.3795 0.6445 0.6171 0.6480 0.6252 0.5716 0.5371
0.8052 0.7651 0.8039 0.8297 0.3386 0.7656 0.7917 0.4736 0.4457 0.6186 0.7017 0.7056 0.6195 0.5445 0.2057 0.7269 0.6861 0.8414 0.7749 0.8791 0.8789 0.4517 0.2829 0.6974 0.6133 0.6178 0.5278 0.9057 0.8655 0.7996 0.7611 0.3528 0.3950 0.2241 0.9218 0.9212 0.9599 1.0000 0.7861 0.8534 0.9394 0.9036 0.8083 0.7370 0.7421 0.8548 0.4225 0.5439 0.7986 0.7842 0.6526 0.6553 0.7278 0.6531 0.8017 0.8186 0.7238 0.7584 0.9375 0.9457 0.4603 0.5129 0.4025 0.4128 0.3781 0.3861 0.3620 0.4053 0.6938 0.6881 0.7263 0.6842 0.6301 0.5694
0.5888 0.5487 0.5479 0.6103 0.3514 0.5040 0.6063 0.4089 0.4089 0.4343 0.4857 0.5095 0.4684 0.4640 0.2282 0.5540 0.4614 0.6300 0.5526 0.6283 0.6357 0.3648 0.2898 0.5584 0.4918 0.4150 0.4424 0.7147 0.7145 0.6305 0.6182 0.4569 0.4322 0.3620 0.8098 0.7984 0.7952 0.7861 1.0000 0.9416 0.7072 0.6419 0.6082 0.4906 0.6569 0.7714 0.6689 0.6404 0.5745 0.5368 0.4227 0.4137 0.5219 0.4440 0.5908 0.5903 0.5314 0.4954 0.7578 0.7408 0.4190 0.5142 0.3424 0.3396 0.3427 0.3455 0.5132 0.5278 0.5509 0.5229 0.5528 0.4533 0.4269 0.4253
0.6652 0.6251 0.6334 0.6953 0.3743 0.5846 0.6905 0.4554 0.4720 0.4814 0.5778 0.5673 0.5580 0.5109 0.2814 0.6092 0.5303 0.7140 0.6296 0.7277 0.7394 0.4166 0.3273 0.6075 0.5665 0.4922 0.4961 0.7869 0.7780 0.7062 0.6907 0.4721 0.4788 0.3523 0.8417 0.8639 0.8452 0.8534 0.9416 1.0000 0.7858 0.7376 0.6784 0.6058 0.7246 0.8714 0.6378 0.6966 0.6507 0.6282 0.5145 0.5119 0.6089 0.5270 0.6523 0.6735 0.6116 0.6020 0.8405 0.8167 0.4379 0.5364 0.3745 0.3668 0.3649 0.3621 0.4861 0.5224 0.6044 0.5808 0.6087 0.5384 0.5036 0.5019
0.7997 0.7614 0.7780 0.7901 0.3540 0.7543 0.7595 0.5154 0.4412 0.6139 0.7230 0.6859 0.6426 0.5621 0.2428 0.7143 0.6784 0.8008 0.7472 0.8372 0.8404 0.4417 0.2710 0.6744 0.6199 0.5887 0.4990 0.8687 0.8171 0.7873 0.7672 0.3218 0.3808 0.2240 0.8454 0.8472 0.9004 0.9394 0.7072 0.7858 1.0000 0.9401 0.8378 0.8002 0.6891 0.7811 0.3572 0.5476 0.8261 0.8030 0.7160 0.7078 0.7860 0.6953 0.8038 0.8208 0.7725 0.8119 0.8911 0.9242 0.4195 0.4586 0.3814 0.3863 0.3877 0.3365 0.2796 0.3078 0.6575 0.6851 0.7295 0.6872 0.6379 0.5790
0.7364 0.7028 0.7668 0.7715 0.2834 0.7552 0.7434 0.4864 0.4196 0.6206 0.7074 0.7132 0.6294 0.5435 0.1965 0.6829 0.6744 0.7413 0.6937 0.8186 0.8292 0.4288 0.2192 0.6806 0.5975 0.5993 0.4790 0.8284 0.7817 0.7708 0.7615 0.3552 0.4208 0.2007 0.8361 0.8481 0.8517 0.9036 0.6419 0.7376 0.9401 1.0000 0.8863 0.8948 0.7422 0.7805 0.3827 0.5973 0.7746 0.7753 0.6677 0.7042 0.7408 0.6894 0.7913 0.8054 0.7360 0.8595 0.8587 0.8920 0.4472 0.4812 0.3630 0.3650 0.3445 0.3183 0.2468 0.3118 0.6649 0.6690 0.7296 0.7166 0.7266 0.6730
0.5779 0.5063 0.6199 0.6293 0.2573 0.6230 0.6119 0.4664 0.3993 0.6647 0.6270 0.7534 0.5431 0.5640 0.1666 0.6126 0.5627 0.5735 0.4985 0.7041 0.7218 0.3744 0.1829 0.6681 0.5305 0.6091 0.4998 0.7488 0.7390 0.7978 0.7385 0.4489 0.4936 0.2952 0.8294 0.8460 0.7427 0.8083 0.6082 0.6784 0.8378 0.8863 1.0000 0.8492 0.8830 0.7589 0.5379 0.6370 0.6247 0.5755 0.4356 0.4609 0.6254 0.5012 0.7976 0.7022 0.6560 0.7691 0.7571 0.7638 0.5727 0.5593 0.3949 0.3819 0.4036 0.3623 0.2798 0.2960 0.6158 0.5664 0.7557 0.6607 0.8568 0.7579
0.5653 0.5451 0.6213 0.6180 0.1790 0.6075 0.5902 0.4133 0.3584 0.5418 0.5984 0.6220 0.5256 0.4970 0.2085 0.5837 0.5513 0.5610 0.5315 0.6751 0.6881 0.3705 0.1595 0.6073 0.5587 0.5439 0.3950 0.6907 0.6357 0.6935 0.7331 0.3881 0.4499 0.2286 0.7310 0.7240 0.7074 0.7370 0.4906 0.6058 0.8002 0.8948 0.8492 1.0000 0.7289 0.6981 0.3490 0.6279 0.6125 0.6228 0.4995 0.5787 0.5886 0.5624 0.7138 0.6795 0.6105 0.7817 0.6969 0.7489 0.4283 0.4080 0.3655 0.3060 0.3467 0.2727 0.1595 0.2377 0.5945 0.5555 0.6559 0.6446 0.7488 0.7474
0.4551 0.3966 0.5569 0.5668 0.2167 0.5250 0.5248 0.3463 0.3011 0.5505 0.5047 0.6361 0.4278 0.4528 0.0774 0.4814 0.4264 0.5205 0.4331 0.6556 0.6726 0.2974 0.1694 0.5377 0.4165 0.5671 0.4702 0.6763 0.6706 0.7338 0.6931 0.4839 0.5094 0.2761 0.8287 0.8475 0.7260 0.7421 0.6569 0.7246 0.6891 0.7422 0.8830 0.7289 1.0000 0.8232 0.6661 0.6926 0.4668 0.4573 0.2827 0.3350 0.4533 0.3810 0.6609 0.5713 0.5080 0.6223 0.7281 0.6882 0.5852 0.5792 0.3348 0.2645 0.3800 0.2927 0.2956 0.3197 0.5169 0.4196 0.6238 0.5141 0.7878 0.6923
0.6533 0.6127 0.7017 0.7511 0.3323 0.6509 0.7241 0.4386 0.4257 0.5616 0.6471 0.6428 0.5955 0.5094 0.2173 0.5818 0.5616 0.7498 0.6491 0.8173 0.8368 0.4157 0.3017 0.5999 0.5396 0.5840 0.5437 0.8134 0.8141 0.7811 0.7630 0.3962 0.4405 0.2391 0.8499 0.8927 0.8521 0.8548 0.7714 0.8714 0.7811 0.7805 0.7589 0.6981 0.8232 1.0000 0.5010 0.6416 0.6363 0.6298 0.5064 0.5080 0.6281 0.5238 0.6868 0.7098 0.6367 0.6858 0.8945 0.8218 0.4950 0.5662 0.3993 0.3516 0.4009 0.3793 0.3888 0.4669 0.5962 0.5672 0.5927 0.5984 0.5785 0.5944
0.1748 0.1447 0.2305 0.2995 0.1388 0.1977 0.3123 0.1689 0.2114 0.2161 0.1671 0.3031 0.1937 0.2065 0.0310 0.2216 0.0779 0.2065 0.1610 0.2746 0.3186 0.1134 0.0755 0.3198 0.1978 0.1967 0.2801 0.3528 0.3986 0.4147 0.3816 0.5363 0.5177 0.3717 0.5022 0.5166 0.3987 0.4225 0.6689 0.6378 0.3572 0.3827 0.5379 0.3490 0.6661 0.5010 1.0000 0.7282 0.1763 0.1410 0.0632 0.1080 0.2134 0.1559 0.3396 0.2140 0.2931 0.3079 0.3989 0.3746 0.3848 0.4358 0.2062 0.2011 0.2290 0.1942 0.4077 0.3547 0.2744 0.1713 0.3825 0.1888 0.5217 0.4553
0.3578 0.3214 0.3638 0.4095 0.1904 0.3357 0.4163 0.2919 0.3248 0.3030 0.3613 0.3596 0.3530 0.3313 0.1495 0.3454 0.2456 0.3640 0.3460 0.4041 0.4373 0.1657 0.0927 0.4015 0.3452 0.3013 0.2851 0.4856 0.4658 0.5560 0.5290 0.5278 0.5419 0.3220 0.6052 0.6100 0.5361 0.5439 0.6404 0.6966 0.5476 0.5973 0.6370 0.6279 0.6926 0.6416 0.7282 1.0000 0.3821 0.3536 0.2886 0.3455 0.4015 0.3488 0.4911 0.4028 0.4230 0.5341 0.5322 0.5500 0.3975 0.3865 0.2603 0.2413 0.2504 0.1951 0.2947 0.3144 0.3903 0.3248 0.4847 0.4071 0.5621 0.5797
0.9623 0.8930 0.8283 0.8464 0.1930 0.8485 0.8335 0.3998 0.4085 0.6206 0.7461 0.6360 0.6109 0.4687 0.2070 0.7722 0.7520 0.8784 0.8672 0.8254 0.8268 0.3116 0.1391 0.6569 0.5961 0.4524 0.3315 0.8373 0.7698 0.6720 0.6476 0.1030 0.1923 0.0562 0.6798 0.6556 0.7262 0.7986 0.5745 0.6507 0.8261 0.7746 0.6247 0.6125 0.4668 0.6363 0.1763 0.3821 1.0000 0.9055 0.8363 0.7678 0.8578 0.7811 0.7932 0.8158 0.7585 0.7314 0.8031 0.8517 0.2103 0.2599 0.3205 0.3893 0.2620 0.2580 0.1796 0.2562 0.7035 0.7372 0.6891 0.6314 0.4607 0.3390
0.9009 0.9524 0.8407 0.8757 0.2256 0.8127 0.8587 0.4164 0.4089 0.5243 0.7572 0.5548 0.6196 0.4460 0.2295 0.6910 0.7841 0.8924 0.9000 0.8428 0.8416 0.3728 0.1904 0.6051 0.5778 0.4476 0.3100 0.7875 0.7197 0.6127 0.6174 0.0930 0.1604 0.0137 0.6456 0.6343 0.7424 0.7842 0.5368 0.6282 0.8030 0.7753 0.5755 0.6228 0.4573 0.6298 0.1410 0.3536 0.9055 1.0000 0.8280 0.8627 0.7934 0.8855 0.7030 0.8347 0.7245 0.7619 0.8142 0.8554 0.1914 0.2321 0.2923 0.3096 0.2243 0.1820 0.1401 0.2123 0.6458 0.7138 0.5994 0.6355 0.4348 0.3040
0.8025 0.7841 0.7953 0.7910 0.0914 0.8191 0.7644 0.2667 0.2426 0.3566 0.6052 0.4043 0.5047 0.2456 0.0945 0.4758 0.5689 0.7897 0.8121 0.7391 0.7409 0.2060 0.0360 0.3724 0.3894 0.2433 0.1511 0.6248 0.5324 0.4430 0.4630 -0.1232 0.0038 -0.2013 0.4487 0.4446 0.6065 0.6526 0.4227 0.5145 0.7160 0.6677 0.4356 0.4995 0.2827 0.5064 0.0632 0.2886 0.8363 0.8280 1.0000 0.9060 0.8605 0.8265 0.4992 0.6373 0.7153 0.6989 0.7124 0.7645 -0.0009 0.0588 0.1082 0.2112 0.0721 0.0687 0.0028 0.0790 0.4410 0.5418 0.3933 0.4384 0.2447 0.1251
0.7459 0.8033 0.7972 0.8047 0.0895 0.7972 0.7567 0.3038 0.2427 0.2973 0.5217 0.3866 0.4095 0.2687 0.0450 0.4673 0.5193 0.7673 0.8308 0.7405 0.7339 0.2265 0.0155 0.3939 0.3465 0.2642 0.0956 0.5948 0.4754 0.4222 0.4774 -0.0160 0.0858 -0.1754 0.4664 0.4505 0.6279 0.6553 0.4137 0.5119 0.7078 0.7042 0.4609 0.5787 0.3350 0.5080 0.1080 0.3455 0.7678 0.8627 0.9060 1.0000 0.7683 0.9183 0.4766 0.6054 0.6706 0.7117 0.7064 0.7817 0.0305 0.0383 0.1259 0.1713 0.0766 0.0307 0.0163 0.0866 0.4687 0.5169 0.4100 0.4093 0.3423 0.1540
0.8063 0.7562 0.7728 0.7901 0.2536 0.8101 0.8010 0.4606 0.4272 0.5751 0.7240 0.6271 0.6409 0.4733 0.2551 0.5868 0.6242 0.7737 0.7451 0.8007 0.8085 0.3355 0.1625 0.5317 0.5189 0.3946 0.3254 0.7504 0.7024 0.6599 0.6423 0.1040 0.2212 0.0354 0.5859 0.5943 0.6564 0.7278 0.5219 0.6089 0.7860 0.7408 0.6254 0.5886 0.4533 0.6281 0.2134 0.4015 0.8578 0.7934 0.8605 0.7683 1.0000 0.7992 0.6963 0.7461 0.8371 0.7863 0.7767 0.8002 0.2256 0.2698 0.2687 0.3358 0.2431 0.2382 0.1849 0.2271 0.5392 0.6263 0.5775 0.5579 0.4440 0.3468
0.7638 0.8508 0.7893 0.8132 0.1563 0.7910 0.8120 0.3858 0.3505 0.3786 0.5756 0.4541 0.4327 0.3615 0.1173 0.5509 0.5727 0.7861 0.8308 0.7632 0.7535 0.2588 0.0522 0.4821 0.3858 0.2941 0.1140 0.6492 0.5514 0.5026 0.5465 0.0970 0.1672 -0.0519 0.5130 0.4888 0.6121 0.6531 0.4440 0.5270 0.6953 0.6894 0.5012 0.5624 0.3810 0.5238 0.1559 0.3488 0.7811 0.8855 0.8265 0.9183 0.7992 1.0000 0.5629 0.6750 0.6862 0.7480 0.7148 0.7717 0.1131 0.0947 0.2083 0.2094 0.1511 0.0582 0.1409 0.1831 0.5526 0.5857 0.5117 0.4441 0.3969 0.1629
0.7452 0.6806 0.6698 0.6825 0.3164 0.6679 0.6839 0.4912 0.4707 0.7153 0.7216 0.7706 0.6159 0.6235 0.2577 0.8153 0.7072 0.7038 0.6333 0.7610 0.7628 0.4304 0.2708 0.7649 0.6397 0.6524 0.5114 0.8559 0.8210 0.8283 0.7678 0.4021 0.4239 0.3404 0.8010 0.7819 0.7290 0.8017 0.5908 0.6523 0.8038 0.7913 0.7976 0.7138 0.6609 0.6868 0.3396 0.4911 0.7932 0.7030 0.4992 0.4766 0.6963 0.5629 1.0000 0.8270 0.7390 0.7364 0.7627 0.7949 0.5177 0.5171 0.4671 0.4387 0.4197 0.4058 0.3332 0.3833 0.7523 0.7178 0.8766 0.7421 0.7226 0.6507
0.7852 0.7812 0.6933 0.7420 0.3751 0.6791 0.7543 0.5122 0.4263 0.7252 0.8920 0.7421 0.7920 0.6236 0.4036 0.7860 0.8714 0.7932 0.7126 0.8103 0.8180 0.5539 0.4109 0.7744 0.7794 0.6642 0.6083 0.8671 0.8819 0.7465 0.7331 0.2872 0.3178 0.2810 0.7574 0.7663 0.7613 0.8186 0.5903 0.6735 0.8208 0.8054 0.7022 0.6795 0.5713 0.7098 0.2140 0.4028 0.8158 0.8347 0.6373 0.6054 0.7461 0.6750 0.8270 1.0000 0.6906 0.7803 0.8213 0.8323 0.4577 0.5492 0.4791 0.4849 0.3848 0.4394 0.3231 0.4172 0.7223 0.8258 0.7128 0.8405 0.5504 0.5790
0.7126 0.6871 0.7475 0.7594 0.2596 0.7433 0.7381 0.4215 0.3950 0.5347 0.6244 0.6429 0.5882 0.4649 0.1926 0.5837 0.5886 0.7066 0.6699 0.7826 0.7932 0.3883 0.1865 0.5136 0.4681 0.4124 0.3555 0.7341 0.6727 0.7385 0.6856 0.1796 0.2747 0.0597 0.6001 0.6155 0.6732 0.7238 0.5314 0.6116 0.7725 0.7360 0.6560 0.6105 0.5080 0.6367 0.2931 0.4230 0.7585 0.7245 0.7153 0.6706 0.8371 0.6862 0.7390 0.6906 1.0000 0.7969 0.7640 0.7778 0.2937 0.3407 0.2865 0.3540 0.2626 0.2714 0.2301 0.2373 0.5416 0.5804 0.6438 0.5937 0.5548 0.4533
0.6894 0.6885 0.7389 0.7592 0.1716 0.7259 0.7493 0.3916 0.3531 0.5574 0.7054 0.6405 0.6469 0.4341 0.1704 0.5780 0.6399 0.7025 0.6612 0.7751 0.8043 0.3293 0.1126 0.5842 0.5070 0.4678 0.3808 0.7561 0.7227 0.7546 0.7293 0.2322 0.2914 0.0813 0.6795 0.6938 0.7068 0.7584 0.4954 0.6020 0.8119 0.8595 0.7691 0.7817 0.6223 0.6858 0.3079 0.5341 0.7314 0.7619 0.6989 0.7117 0.7863 0.7480 0.7364 0.7803 0.7969 1.0000 0.8008 0.8207 0.3492 0.3775 0.3144 0.2977 0.3095 0.2321 0.1696 0.2165 0.5594 0.6161 0.6384 0.6811 0.6357 0.5895
0.8150 0.7940 0.8404 0.8792 0.3467 0.7947 0.8348 0.4705 0.4309 0.5897 0.7234 0.6777 0.6483 0.5162 0.1932 0.6969 0.6857 0.8936 0.8198 0.9168 0.9260 0.4567 0.2909 0.6567 0.5811 0.5949 0.5119 0.9140 0.8778 0.8341 0.8031 0.3085 0.3625 0.1592 0.8725 0.8847 0.9288 0.9375 0.7578 0.8405 0.8911 0.8587 0.7571 0.6969 0.7281 0.8945 0.3989 0.5322 0.8031 0.8142 0.7124 0.7064 0.7767 0.7148 0.7627 0.8213 0.7640 0.8008 1.0000 0.9617 0.4233 0.4965 0.3599 0.3465 0.3598 0.3325 0.3562 0.4012 0.6771 0.6877 0.6741 0.6604 0.5816 0.5172
0.8423 0.8234 0.8352 0.8684 0.3266 0.8071 0.8219 0.4690 0.4155 0.5748 0.7188 0.6602 0.6326 0.5262 0.2046 0.7279 0.6911 0.8802 0.8451 0.8877 0.8950 0.4381 0.2658 0.6697 0.6073 0.5828 0.4676 0.9119 0.8481 0.8025 0.8036 0.3079 0.3697 0.1711 0.8629 0.8485 0.9248 0.9457 0.7408 0.8167 0.9242 0.8920 0.7638 0.7489 0.6882 0.8218 0.3746 0.5500 0.8517 0.8554 0.7645 0.7817 0.8002 0.7717 0.7949 0.8323 0.7778 0.8207 0.9617 1.0000 0.4034 0.4440 0.3518 0.3499 0.3401 0.3131 0.3057 0.3589 0.6946 0.7048 0.7107 0.6657 0.6009 0.5196
0.1830 0.1429 0.1601 0.2040 0.5902 0.1675 0.1981 0.6103 0.3356 0.4566 0.3872 0.5515 0.3880 0.6620 0.3916 0.4072 0.3024 0.2246 0.1330 0.3527 0.3681 0.5184 0.5357 0.5630 0.4914 0.7195 0.6663 0.5057 0.5463 0.5720 0.5425 0.5887 0.5619 0.5552 0.5532 0.5753 0.4561 0.4603 0.4190 0.4379 0.4195 0.4472 0.5727 0.4283 0.5852 0.4950 0.3848 0.3975 0.2103 0.1914 -0.0009 0.0305 0.2256 0.1131 0.5177 0.4577 0.2937 0.3492 0.4233 0.4034 1.0000 0.7999 0.6117 0.4776 0.5870 0.5486 0.4895 0.4979 0.4100 0.3560 0.5272 0.4860 0.5760 0.6332
0.2381 0.1699 0.2003 0.2542 0.5803 0.1963 0.2507 0.4917 0.3187 0.4910 0.4706 0.5642 0.5446 0.5544 0.3932 0.4408 0.3857 0.2890 0.1482 0.4016 0.4282 0.5838 0.6343 0.5552 0.5795 0.7262 0.8087 0.5485 0.6526 0.5812 0.5375 0.5834 0.5600 0.5414 0.5991 0.6386 0.5086 0.5129 0.5142 0.5364 0.4586 0.4812 0.5593 0.4080 0.5792 0.5662 0.4358 0.3865 0.2599 0.2321 0.0588 0.0383 0.2698 0.0947 0.5171 0.5492 0.3407 0.3775 0.4965 0.4440 0.7999 1.0000 0.5224 0.4996 0.4953 0.5560 0.6026 0.5968 0.4466 0.4268 0.5215 0.5760 0.5510 0.6974
0.3310 0.3184 0.2358 0.3002 0.3561 0.2227 0.3348 0.5346 0.3266 0.4132 0.4452 0.4580 0.3971 0.5539 0.3690 0.4769 0.3850 0.3247 0.2787 0.3684 0.3904 0.4499 0.3525 0.6760 0.5454 0.5544 0.5304 0.4660 0.5219 0.4133 0.4365 0.4382 0.4248 0.4142 0.4358 0.4180 0.3665 0.4025 0.3424 0.3745 0.3814 0.3630 0.3949 0.3655 0.3348 0.3993 0.2062 0.2603 0.3205 0.2923 0.1082 0.1259 0.2687 0.2083 0.4671 0.4791 0.2865 0.3144 0.3599 0.3518 0.6117 0.5224 1.0000 0.6685 0.8057 0.5897 0.4688 0.5237 0.4601 0.4809 0.4660 0.4598 0.3723 0.4377
0.3941 0.3245 0.2917 0.3317 0.2602 0.3291 0.3280 0.3392 0.2545 0.4979 0.4433 0.5074 0.3883 0.4235 0.3234 0.4894 0.4627 0.3479 0.3091 0.3700 0.3880 0.4105 0.2773 0.5937 0.5679 0.4637 0.4515 0.4726 0.5052 0.3854 0.3619 0.2738 0.3408 0.2769 0.3950 0.3817 0.3517 0.4128 0.3396 0.3668 0.3863 0.3650 0.3819 0.3060 0.2645 0.3516 0.2011 0.2413 0.3893 0.3096 0.2112 0.1713 0.3358 0.2094 0.4387 0.4849 0.3540 0.2977 0.3465 0.3499 0.4776 0.4996 0.6685 1.0000 0.4284 0.7490 0.4843 0.4366 0.4812 0.4796 0.4590 0.5005 0.3276 0.3726
0.2644 0.2398 0.2005 0.2333 0.3385 0.1720 0.2473 0.4946 0.2335 0.3399 0.4046 0.3850 0.3885 0.4858 0.3002 0.3805 0.2625 0.2776 0.2109 0.3285 0.3525 0.2719 0.2331 0.5246 0.4605 0.4990 0.5247 0.4424 0.4952 0.4201 0.4451 0.3852 0.3570 0.3646 0.4060 0.3938 0.3680 0.3781 0.3427 0.3649 0.3877 0.3445 0.4036 0.3467 0.3800 0.4009 0.2290 0.2504 0.2620 0.2243 0.0721 0.0766 0.2431 0.1511 0.4197 0.3848 0.2626 0.3095 0.3598 0.3401 0.5870 0.4953 0.8057 0.4284 1.0000 0.4721 0.3656 0.3291 0.3451 0.3769 0.3997 0.3286 0.3412 0.4124
0.2533 0.1912 0.1518 0.2075 0.3552 0.1725 0.2003 0.3692 0.1898 0.4291 0.4015 0.4691 0.4145 0.4823 0.3798 0.4554 0.3549 0.2361 0.1525 0.3033 0.3247 0.4670 0.4174 0.5516 0.5540 0.5417 0.5939 0.4299 0.5081 0.4121 0.4223 0.3405 0.3935 0.3707 0.3864 0.4006 0.3655 0.3861 0.3455 0.3621 0.3365 0.3183 0.3623 0.2727 0.2927 0.3793 0.1942 0.1951 0.2580 0.1820 0.0687 0.0307 0.2382 0.0582 0.4058 0.4394 0.2714 0.2321 0.3325 0.3131 0.5486 0.5560 0.5897 0.7490 0.4721 1.0000 0.4438 0.4195 0.4418 0.4089 0.4053 0.4456 0.2893 0.4525
0.1960 0.1868 0.1196 0.2107 0.4804 0.1269 0.2609 0.4047 0.3550 0.3177 0.1853 0.3877 0.2232 0.3848 0.2461 0.4013 0.2133 0.2486 0.1755 0.2662 0.2541 0.4759 0.4364 0.4636 0.3376 0.4083 0.4384 0.4359 0.4721 0.4183 0.3705 0.6432 0.5603 0.4772 0.4396 0.4346 0.3467 0.3620 0.5132 0.4861 0.2796 0.2468 0.2798 0.1595 0.2956 0.3888 0.4077 0.2947 0.1796 0.1401 0.0028 0.0163 0.1849 0.1409 0.3332 0.3231 0.2301 0.1696 0.3562 0.3057 0.4895 0.6026 0.4688 0.4843 0.3656 0.4438 1.0000 0.7792 0.4135 0.3338 0.4163 0.2744 0.3057 0.2934
0.2770 0.2596 0.1950 0.2911 0.4097 0.1997 0.3413 0.3954 0.3646 0.3534 0.2853 0.4299 0.3286 0.4199 0.2845 0.4688 0.3347 0.3245 0.2583 0.3387 0.3380 0.4736 0.4665 0.5156 0.4233 0.4588 0.4646 0.4788 0.5205 0.4179 0.4239 0.5896 0.5291 0.4464 0.4956 0.4778 0.3795 0.4053 0.5278 0.5224 0.3078 0.3118 0.2960 0.2377 0.3197 0.4669 0.3547 0.3144 0.2562 0.2123 0.0790 0.0866 0.2271 0.1831 0.3833 0.4172 0.2373 0.2165 0.4012 0.3589 0.4979 0.5968 0.5237 0.4366 0.3291 0.4195 0.7792 1.0000 0.4997 0.4541 0.4347 0.3638 0.3033 0.3173
0.7067 0.6666 0.6036 0.6276 0.2640 0.6115 0.6131 0.4106 0.3535 0.5937 0.5635 0.6848 0.4797 0.5713 0.2054 0.9148 0.7026 0.6856 0.6397 0.6793 0.6722 0.4140 0.2939 0.8253 0.6733 0.6077 0.4858 0.7729 0.7297 0.6483 0.6575 0.4003 0.4077 0.3293 0.7102 0.6609 0.6445 0.6938 0.5509 0.6044 0.6575 0.6649 0.6158 0.5945 0.5169 0.5962 0.2744 0.3903 0.7035 0.6458 0.4410 0.4687 0.5392 0.5526 0.7523 0.7223 0.5416 0.5594 0.6771 0.6946 0.4100 0.4466 0.4601 0.4812 0.3451 0.4418 0.4135 0.4997 1.0000 0.8521 0.8417 0.6839 0.6028 0.4776
0.7267 0.7086 0.5906 0.6312 0.3125 0.5873 0.6351 0.4869 0.3869 0.6480 0.7362 0.6811 0.6548 0.6303 0.3948 0.8584 0.8722 0.7092 0.6673 0.6763 0.6808 0.4821 0.3483 0.8066 0.8123 0.5708 0.5127 0.7564 0.7399 0.6205 0.6223 0.2739 0.2922 0.3040 0.6507 0.6255 0.6171 0.6881 0.5229 0.5808 0.6851 0.6690 0.5664 0.5555 0.4196 0.5672 0.1713 0.3248 0.7372 0.7138 0.5418 0.5169 0.6263 0.5857 0.7178 0.8258 0.5804 0.6161 0.6877 0.7048 0.3560 0.4268 0.4809 0.4796 0.3769 0.4089 0.3338 0.4541 0.8521 1.0000 0.7336 0.8195 0.4700 0.4420
0.6556 0.5937 0.5758 0.5817 0.3413 0.5919 0.5737 0.4727 0.4125 0.6180 0.5502 0.7477 0.4871 0.6266 0.1960 0.8488 0.6115 0.6099 0.5491 0.6636 0.6579 0.4100 0.2867 0.7984 0.6128 0.6365 0.4999 0.7803 0.7364 0.7618 0.7069 0.5247 0.5378 0.4287 0.7518 0.7199 0.6480 0.7263 0.5528 0.6087 0.7295 0.7296 0.7557 0.6559 0.6238 0.5927 0.3825 0.4847 0.6891 0.5994 0.3933 0.4100 0.5775 0.5117 0.8766 0.7128 0.6438 0.6384 0.6741 0.7107 0.5272 0.5215 0.4660 0.4590 0.3997 0.4053 0.4163 0.4347 0.8417 0.7336 1.0000 0.7199 0.7962 0.6383
0.5993 0.5627 0.5234 0.5562 0.3783 0.5040 0.5497 0.4964 0.4002 0.7013 0.7748 0.7188 0.7210 0.6473 0.4703 0.7185 0.8386 0.5801 0.5046 0.6343 0.6587 0.5757 0.4401 0.7636 0.8244 0.6471 0.6077 0.7010 0.7237 0.6648 0.6054 0.3276 0.3670 0.3302 0.6636 0.6912 0.6252 0.6842 0.4533 0.5384 0.6872 0.7166 0.6607 0.6446 0.5141 0.5984 0.1888 0.4071 0.6314 0.6355 0.4384 0.4093 0.5579 0.4441 0.7421 0.8405 0.5937 0.6811 0.6604 0.6657 0.4860 0.5760 0.4598 0.5005 0.3286 0.4456 0.2744 0.3638 0.6839 0.8195 0.7199 1.0000 0.5966 0.6995
0.4146 0.3585 0.4882 0.4795 0.2364 0.5021 0.4363 0.4212 0.3312 0.5650 0.4294 0.7090 0.3822 0.5249 0.0834 0.5625 0.4317 0.4046 0.3483 0.5679 0.5738 0.3596 0.1872 0.6346 0.4509 0.6116 0.4598 0.6103 0.5820 0.6935 0.6346 0.5795 0.5862 0.3533 0.7024 0.6944 0.5716 0.6301 0.4269 0.5036 0.6379 0.7266 0.8568 0.7488 0.7878 0.5785 0.5217 0.5621 0.4607 0.4348 0.2447 0.3423 0.4440 0.3969 0.7226 0.5504 0.5548 0.6357 0.5816 0.6009 0.5760 0.5510 0.3723 0.3276 0.3412 0.2893 0.3057 0.3033 0.6028 0.4700 0.7962 0.5966 1.0000 0.7759
0.2813 0.2105 0.2885 0.3114 0.3646 0.2688 0.2916 0.4357 0.3350 0.5219 0.5062 0.6096 0.5539 0.5614 0.3314 0.4676 0.4112 0.2824 0.1832 0.4286 0.4708 0.4555 0.3935 0.5948 0.5879 0.6346 0.6431 0.5567 0.6127 0.6718 0.6585 0.5730 0.6242 0.5149 0.6517 0.6897 0.5371 0.5694 0.4253 0.5019 0.5790 0.6730 0.7579 0.7474 0.6923 0.5944 0.4553 0.5797 0.3390 0.3040 0.1251 0.1540 0.3468 0.1629 0.6507 0.5790 0.4533 0.5895 0.5172 0.5196 0.6332 0.6974 0.4377 0.3726 0.4124 0.4525 0.2934 0.3173 0.4776 0.4420 0.6383 0.6995 0.7759 1.0000
