1.0000 0.6472 0.5087 0.3685 0.2900 0.5844 0.3614 0.3084 0.3118 0.4307 0.3965 0.4858 0.4284 0.2678 0.2454 0.3066 0.2447 0.5084 0.4865 0.3354 0.3191 0.1584 0.1669 0.0736 0.1461 0.2288 0.0576 0.3804 0.2954 -0.0153 0.0013 -0.0526 -0.0772 -0.0422 0.0553 0.1585 0.0628 0.0535 0.2926 0.0985 0.0222 -0.0231 -0.0123 0.0336 -0.0342 0.0842 0.0893 0.0652 0.7992 0.6369 0.4939 0.2076 0.5058 0.5294 0.3844 0.4834 0.1870 0.1390 0.3429 0.3468 0.1886 0.1316 0.0710 0.0935 0.0336 -0.0218 0.2742 0.1885 0.0481 0.0036 0.1261 0.1287 0.0074 0.0031
0.6472 1.0000 0.4794 0.7048 0.3153 0.5419 0.7338 0.2930 0.2769 0.5575 0.7566 0.5441 0.7392 0.2257 0.3745 0.4676 0.5097 0.6576 0.6976 0.4674 0.3499 0.0523 0.1837 0.2859 0.4013 0.4520 0.4725 0.6058 0.6521 0.2577 0.2988 -0.1111 0.0325 -0.1686 0.3499 0.4966 0.3987 0.4325 0.4153 0.3597 0.3514 0.4532 0.4116 0.4752 0.2137 0.3892 0.3088 0.1792 0.6965 0.9199 0.4880 0.5617 0.6229 0.7550 0.5552 0.8319 0.3374 0.4991 0.5372 0.5179 0.2897 0.3889 0.3182 0.4503 0.2698 0.2486 0.4145 0.3934 0.1883 0.2352 0.3904 0.3788 0.2912 0.3483
0.5087 0.4794 1.0000 0.6886 0.2111 0.8625 0.6022 0.2800 0.3488 0.3451 0.3974 0.3753 0.2914 0.2002 0.3038 0.3343 0.3460 0.5137 0.5099 0.8653 0.8254 -0.1963 -0.0864 0.1324 0.3610 0.2966 0.1678 0.4624 0.3493 0.3086 0.2659 -0.2061 -0.0610 -0.2177 0.3712 0.2855 0.4767 0.3800 0.3456 0.2089 0.4715 0.3481 0.4461 0.3070 0.1590 0.2218 0.0012 0.0927 0.4619 0.5277 0.5998 0.3881 0.5818 0.4521 0.4243 0.3428 0.6074 0.5049 0.7218 0.6334 0.2204 0.1393 0.2116 0.2967 0.1220 0.0877 0.3580 0.3043 0.2097 0.1800 0.3476 0.2782 0.4608 0.4305
0.3685 0.7048 0.6886 1.0000 0.2932 0.5533 0.9102 0.2559 0.3426 0.4245 0.6728 0.3854 0.5440 0.2806 0.4510 0.4617 0.4884 0.6656 0.6917 0.8253 0.6937 -0.0137 0.1586 0.3281 0.5211 0.5284 0.6415 0.7340 0.7761 0.5242 0.5599 -0.0478 0.1681 -0.0714 0.6026 0.6988 0.6073 0.6936 0.5435 0.5559 0.5945 0.6842 0.6380 0.7039 0.4227 0.5346 0.3672 0.2381 0.4452 0.6996 0.3589 0.5228 0.6638 0.5736 0.6150 0.6053 0.6732 0.7086 0.7356 0.7442 0.4440 0.5555 0.4264 0.5945 0.4152 0.3877 0.5775 0.5784 0.2860 0.3563 0.5531 0.5259 0.6489 0.6988
0.2900 0.3153 0.2111 0.2932 1.0000 0.0952 0.1775 0.6760 0.7882 0.1678 0.2873 0.2639 0.3140 0.6580 0.7187 0.0873 0.2891 0.2480 0.1732 0.2864 0.2761 0.6996 0.7523 0.0481 0.2578 0.5987 0.4173 0.3766 0.3409 0.2425 0.2328 -0.2196 -0.1060 -0.1350 0.2005 0.2569 0.2603 0.1885 0.2636 0.1232 0.1572 0.1560 0.2051 0.1554 0.0829 0.0723 0.0476 -0.0379 0.2672 0.2857 0.1031 0.0069 0.3227 0.2900 0.4117 0.3618 0.3376 0.1778 0.3342 0.3042 0.4222 0.3502 -0.0706 0.1162 -0.0622 0.0004 0.2551 0.1988 0.0985 0.0756 0.2444 0.1682 0.3261 0.2216
0.5844 0.5419 0.8625 0.5533 0.0952 1.0000 0.5826 0.2590 0.2101 0.4730 0.4727 0.5187 0.4216 0.0195 0.2508 0.3867 0.3544 0.4216 0.4987 0.6478 0.6764 -0.3557 -0.2171 0.1247 0.3294 0.1634 0.0784 0.3769 0.2998 0.2056 0.1622 -0.2475 -0.0576 -0.3600 0.2923 0.1916 0.4411 0.3321 0.3061 0.1740 0.4404 0.3018 0.3683 0.2959 0.0728 0.1975 0.0154 0.1636 0.5718 0.5630 0.7515 0.5044 0.6411 0.5126 0.3836 0.4058 0.4559 0.4896 0.6561 0.5415 0.0834 0.0323 0.1921 0.2810 0.0945 0.0766 0.2324 0.2148 0.1321 0.1125 0.2608 0.2362 0.2059 0.2829
0.3614 0.7338 0.6022 0.9102 0.1775 0.5826 1.0000 0.2022 0.2520 0.4607 0.7264 0.4374 0.6476 0.1647 0.3859 0.4809 0.4843 0.5331 0.6092 0.7128 0.5904 -0.0747 0.0902 0.3387 0.4709 0.3854 0.5730 0.6446 0.7244 0.4673 0.5183 -0.0162 0.2158 -0.0617 0.5777 0.6829 0.5601 0.6639 0.5449 0.5844 0.5495 0.6404 0.5829 0.7454 0.4078 0.5865 0.3855 0.2874 0.4530 0.7055 0.3566 0.5461 0.6561 0.5842 0.5576 0.6169 0.6240 0.7330 0.6718 0.6896 0.2943 0.4837 0.4094 0.5775 0.4018 0.4057 0.4828 0.5104 0.2397 0.3285 0.4983 0.5068 0.5149 0.6220
0.3084 0.2930 0.2800 0.2559 0.6760 0.2590 0.2022 1.0000 0.6917 0.4374 0.3392 0.4934 0.3455 0.7784 0.6473 0.1776 0.2446 0.2216 0.1812 0.3484 0.4231 0.5428 0.5436 0.1410 0.2542 0.5469 0.3229 0.3727 0.2941 0.3122 0.2695 -0.1604 -0.1941 -0.1695 0.2733 0.2194 0.2810 0.1820 0.3194 0.1808 0.2195 0.1044 0.2238 0.0929 0.2159 0.0539 0.1749 0.0847 0.2929 0.2392 0.2051 0.1131 0.3505 0.3075 0.3835 0.2504 0.3904 0.2210 0.3555 0.3493 0.5046 0.3225 0.0460 0.1013 -0.0052 0.0342 0.3193 0.2060 0.1020 0.0726 0.3294 0.0945 0.3845 0.0800
0.3118 0.2769 0.3488 0.3426 0.7882 0.2101 0.2520 0.6917 1.0000 0.2771 0.3333 0.3255 0.3219 0.7645 0.7611 0.1779 0.2977 0.3819 0.2697 0.4016 0.4365 0.5527 0.5529 0.2387 0.3886 0.4873 0.2998 0.5049 0.4087 0.3605 0.3389 -0.0821 -0.1190 0.0054 0.3340 0.2928 0.2881 0.2411 0.3410 0.2019 0.2506 0.1834 0.3046 0.1343 0.2023 0.0552 0.1122 0.0553 0.2987 0.2345 0.1126 0.0417 0.3751 0.3327 0.4858 0.3298 0.4559 0.2883 0.3511 0.4091 0.5131 0.3306 0.1216 0.1418 0.0623 0.0348 0.4054 0.2895 0.2130 0.0707 0.3814 0.2192 0.4736 0.3054
0.4307 0.5575 0.3451 0.4245 0.1678 0.4730 0.4607 0.4374 0.2771 1.0000 0.6532 0.8866 0.6524 0.3355 0.3627 0.5322 0.1737 0.4022 0.4928 0.3783 0.3863 0.0018 0.0740 0.2594 0.1933 0.3094 0.3272 0.4777 0.4507 0.3199 0.2758 -0.1137 -0.0173 -0.2754 0.4677 0.3696 0.3967 0.3309 0.4755 0.3966 0.4207 0.3228 0.4663 0.3582 0.3519 0.3380 0.3506 0.2937 0.4955 0.5005 0.2899 0.3781 0.4793 0.4102 0.4541 0.4072 0.3191 0.3452 0.4192 0.3753 0.4591 0.4134 0.3125 0.2959 0.2783 0.1646 0.3839 0.3633 0.1740 -0.0117 0.3282 0.0880 0.3270 0.1834
0.3965 0.7566 0.3974 0.6728 0.2873 0.4727 0.7264 0.3392 0.3333 0.6532 1.0000 0.7068 0.9309 0.2941 0.5338 0.3642 0.5616 0.5827 0.5710 0.4526 0.3936 0.0516 0.2107 0.3027 0.4827 0.5379 0.6247 0.6633 0.7062 0.4677 0.5025 -0.0613 0.1526 -0.1239 0.5022 0.5964 0.5012 0.5688 0.4445 0.4748 0.4845 0.5869 0.5579 0.6469 0.3480 0.4780 0.3377 0.3062 0.3850 0.6359 0.2497 0.4313 0.5539 0.4640 0.5589 0.6359 0.4287 0.5707 0.4904 0.5398 0.4116 0.4983 0.3601 0.5251 0.3459 0.3026 0.4900 0.5212 0.2423 0.2535 0.4100 0.3466 0.3824 0.4999
0.4858 0.5441 0.3753 0.3854 0.2639 0.5187 0.4374 0.4934 0.3255 0.8866 0.7068 1.0000 0.7541 0.3792 0.4067 0.3245 0.1886 0.3092 0.3633 0.3669 0.3912 0.0833 0.1548 0.0971 0.1118 0.3189 0.2958 0.3881 0.3580 0.2559 0.2218 -0.2368 -0.0971 -0.2972 0.3412 0.2930 0.3005 0.2487 0.3762 0.2875 0.2899 0.2154 0.3279 0.2905 0.2218 0.2616 0.1733 0.1505 0.4129 0.4278 0.2572 0.2351 0.4116 0.3185 0.3903 0.3353 0.2757 0.2700 0.3600 0.3310 0.3589 0.3334 0.1252 0.1795 0.1063 0.0516 0.2746 0.2877 0.0758 -0.0685 0.1897 -0.0311 0.2064 0.1003
0.4284 0.7392 0.2914 0.5440 0.3140 0.4216 0.6476 0.3455 0.3219 0.6524 0.9309 0.7541 1.0000 0.2599 0.4703 0.2813 0.4873 0.4881 0.4744 0.3145 0.2601 0.1116 0.2283 0.1931 0.3633 0.4577 0.5322 0.5447 0.5952 0.3353 0.3754 -0.0891 0.0926 -0.1494 0.3529 0.4931 0.3487 0.4078 0.3477 0.3526 0.3201 0.4151 0.4077 0.5202 0.2112 0.3701 0.2589 0.2117 0.3778 0.5867 0.1951 0.3013 0.4685 0.4115 0.4917 0.6122 0.3051 0.4172 0.3654 0.3980 0.3052 0.3969 0.2595 0.4206 0.2578 0.2135 0.3688 0.4135 0.1250 0.1233 0.2748 0.2201 0.2317 0.3128
0.2678 0.2257 0.2002 0.2806 0.6580 0.0195 0.1647 0.7784 0.7645 0.3355 0.2941 0.3792 0.2599 1.0000 0.6976 0.1955 0.2418 0.2791 0.1904 0.3638 0.3639 0.6633 0.6295 0.3204 0.3218 0.5371 0.3258 0.4755 0.3728 0.3930 0.3881 0.0649 -0.0687 0.1729 0.3585 0.3588 0.1979 0.2025 0.3986 0.2998 0.1724 0.1165 0.2373 0.1131 0.3633 0.1453 0.2991 0.1192 0.2295 0.1853 -0.0556 -0.0311 0.2336 0.2337 0.4487 0.2079 0.4129 0.1366 0.2595 0.3771 0.6487 0.4335 0.1680 0.1530 0.1231 0.1303 0.4803 0.3522 0.2247 0.1054 0.4370 0.1614 0.5600 0.2035
0.2454 0.3745 0.3038 0.4510 0.7187 0.2508 0.3859 0.6473 0.7611 0.3627 0.5338 0.4067 0.4703 0.6976 1.0000 0.2559 0.4626 0.3246 0.2666 0.4135 0.3936 0.4491 0.5662 0.3130 0.5447 0.5488 0.4843 0.5571 0.5301 0.4916 0.4777 -0.1022 0.0737 -0.0340 0.4909 0.5014 0.4357 0.4295 0.4099 0.3936 0.3910 0.4196 0.4319 0.4258 0.3668 0.3378 0.2668 0.2622 0.2608 0.3141 0.1138 0.1892 0.3869 0.3128 0.4830 0.3790 0.4750 0.4163 0.4357 0.4827 0.5448 0.5093 0.2758 0.4047 0.2030 0.3166 0.4459 0.4064 0.2411 0.2448 0.4431 0.3773 0.4828 0.5330
0.3066 0.4676 0.3343 0.4617 0.0873 0.3867 0.4809 0.1776 0.1779 0.5322 0.3642 0.3245 0.2813 0.1955 0.2559 1.0000 0.4369 0.4048 0.5872 0.4050 0.3087 -0.1053 -0.0166 0.6620 0.4851 0.1955 0.2466 0.4722 0.4715 0.3570 0.3600 0.2166 0.3030 -0.0399 0.5439 0.4881 0.5113 0.4396 0.6256 0.5635 0.5195 0.4069 0.5534 0.4486 0.4555 0.4850 0.5666 0.4749 0.5980 0.5682 0.2890 0.4487 0.4814 0.4951 0.5176 0.4322 0.3972 0.3890 0.5036 0.4328 0.3417 0.3383 0.5243 0.5049 0.4704 0.4331 0.4841 0.3960 0.5477 0.3977 0.7379 0.5979 0.5112 0.4375
0.2447 0.5097 0.3460 0.4884 0.2891 0.3544 0.4843 0.2446 0.2977 0.1737 0.5616 0.1886 0.4873 0.2418 0.4626 0.4369 1.0000 0.4383 0.4784 0.4012 0.3214 -0.0039 0.1324 0.4680 0.7330 0.5120 0.4950 0.5396 0.5627 0.5734 0.6004 0.0973 0.2322 -0.0014 0.4682 0.5410 0.5345 0.5585 0.4491 0.4504 0.4426 0.5406 0.4924 0.5407 0.3082 0.4065 0.3404 0.3503 0.3973 0.5542 0.2684 0.4020 0.4492 0.4489 0.6233 0.6260 0.4115 0.4851 0.5259 0.5293 0.2183 0.2249 0.4145 0.5582 0.3704 0.4350 0.4924 0.4755 0.3623 0.4980 0.5753 0.6647 0.4093 0.5461
0.5084 0.6576 0.5137 0.6656 0.2480 0.4216 0.5331 0.2216 0.3819 0.4022 0.5827 0.3092 0.4881 0.2791 0.3246 0.4048 0.4383 1.0000 0.8620 0.4797 0.4006 0.0157 0.1103 0.3123 0.4630 0.5199 0.4279 0.7708 0.7015 0.3969 0.4429 0.0733 0.1361 0.0093 0.4589 0.5151 0.4489 0.5197 0.3601 0.3463 0.4568 0.5265 0.4951 0.4313 0.2823 0.2984 0.3238 0.2257 0.5038 0.6262 0.3241 0.4279 0.5605 0.5246 0.5739 0.6137 0.4528 0.4773 0.5214 0.5995 0.5338 0.4434 0.4197 0.4700 0.3262 0.2054 0.6597 0.5647 0.2468 0.2795 0.4332 0.4374 0.4938 0.4899
0.4865 0.6976 0.5099 0.6917 0.1732 0.4987 0.6092 0.1812 0.2697 0.4928 0.5710 0.3633 0.4744 0.1904 0.2666 0.5872 0.4784 0.8620 1.0000 0.4892 0.4777 -0.1043 0.0160 0.3461 0.4560 0.4005 0.3908 0.7572 0.7172 0.4810 0.4921 0.0888 0.1912 -0.0695 0.5842 0.5183 0.5429 0.5869 0.5387 0.4954 0.5606 0.5744 0.5808 0.5222 0.4053 0.4452 0.4724 0.3751 0.6364 0.7521 0.4174 0.6099 0.6167 0.6441 0.6310 0.6747 0.4385 0.5366 0.6285 0.6567 0.4509 0.4016 0.4140 0.4638 0.3607 0.2573 0.6379 0.5992 0.2529 0.2883 0.5170 0.5502 0.4858 0.5156
0.3354 0.4674 0.8653 0.8253 0.2864 0.6478 0.7128 0.3484 0.4016 0.3783 0.4526 0.3669 0.3145 0.3638 0.4135 0.4050 0.4012 0.4797 0.4892 1.0000 0.8648 -0.0370 0.0774 0.2685 0.4444 0.4644 0.4441 0.5834 0.5335 0.4868 0.4643 -0.0964 0.0307 -0.1175 0.5411 0.5054 0.5775 0.5273 0.5051 0.4209 0.5686 0.4961 0.5815 0.4885 0.3550 0.3833 0.1894 0.1661 0.3664 0.5165 0.3980 0.3634 0.5940 0.4439 0.5296 0.3543 0.7438 0.5967 0.7557 0.6897 0.3867 0.3657 0.3479 0.4317 0.2963 0.2624 0.4970 0.4504 0.2706 0.2444 0.4967 0.3768 0.6845 0.5869
0.3191 0.3499 0.8254 0.6937 0.2761 0.6764 0.5904 0.4231 0.4365 0.3863 0.3936 0.3912 0.2601 0.3639 0.3936 0.3087 0.3214 0.4006 0.4777 0.8648 1.0000 -0.0371 0.0585 0.1663 0.3629 0.4386 0.3547 0.5444 0.4383 0.4969 0.4222 -0.1389 -0.0567 -0.1840 0.5345 0.3263 0.5768 0.4788 0.4711 0.3304 0.5871 0.4296 0.5337 0.3701 0.3460 0.2453 0.1518 0.1882 0.3505 0.4269 0.4471 0.4043 0.5504 0.4086 0.4791 0.2884 0.6444 0.5870 0.7262 0.6810 0.4000 0.2818 0.2240 0.2486 0.1692 0.1047 0.4397 0.4101 0.1725 0.1148 0.4005 0.2968 0.5535 0.4773
0.1584 0.0523 -0.1963 -0.0137 0.6996 -0.3557 -0.0747 0.5428 0.5527 0.0018 0.0516 0.0833 0.1116 0.6633 0.4491 -0.1053 -0.0039 0.0157 -0.1043 -0.0370 -0.0371 1.0000 0.8982 0.0211 -0.0339 0.4476 0.2828 0.1656 0.1270 0.0975 0.0842 0.0392 -0.0493 0.1723 0.0083 0.1102 -0.0702 -0.0614 0.1215 0.0639 -0.1634 -0.1232 -0.1215 -0.0658 0.0468 -0.0346 0.0608 -0.1179 0.0382 -0.0071 -0.2928 -0.3025 -0.0260 -0.0001 0.2038 0.0825 0.1098 -0.1134 -0.0467 0.0288 0.3833 0.3565 -0.1721 -0.1027 -0.1199 -0.0416 0.1792 0.0809 0.0550 0.0335 0.0942 -0.0196 0.1809 -0.0138
0.1669 0.1837 -0.0864 0.1586 0.7523 -0.2171 0.0902 0.5436 0.5529 0.0740 0.2107 0.1548 0.2283 0.6295 0.5662 -0.0166 0.1324 0.1103 0.0160 0.0774 0.0585 0.8982 1.0000 0.0748 0.1127 0.5418 0.4381 0.2879 0.2750 0.2065 0.2218 -0.0067 0.0819 0.1037 0.1482 0.2526 0.1002 0.1227 0.2258 0.2062 -0.0011 0.0826 0.0176 0.1450 0.1218 0.1450 0.1290 -0.0597 0.0712 0.1203 -0.2129 -0.1634 0.0712 0.1092 0.2631 0.2184 0.1767 0.0461 0.0981 0.1869 0.4658 0.4854 -0.1076 0.0515 -0.0509 0.0406 0.2525 0.2377 0.1690 0.1959 0.1721 0.1453 0.2624 0.1730
0.0736 0.2859 0.1324 0.3281 0.0481 0.1247 0.3387 0.1410 0.2387 0.2594 0.3027 0.0971 0.1931 0.3204 0.3130 0.6620 0.4680 0.3123 0.3461 0.2685 0.1663 0.0211 0.0748 1.0000 0.6913 0.2462 0.2579 0.4466 0.4321 0.4145 0.4362 0.4383 0.4051 0.2794 0.4505 0.4832 0.4165 0.3852 0.4979 0.4963 0.3944 0.3688 0.4767 0.4109 0.4280 0.3580 0.5177 0.4133 0.2969 0.3076 0.1137 0.3115 0.3264 0.3829 0.4494 0.3540 0.3538 0.3559 0.3133 0.3308 0.4056 0.3596 0.6601 0.5653 0.5017 0.4911 0.5546 0.4424 0.7057 0.5484 0.7300 0.5989 0.5065 0.4562
0.1461 0.4013 0.3610 0.5211 0.2578 0.3294 0.4709 0.2542 0.3886 0.1933 0.4827 0.1118 0.3633 0.3218 0.5447 0.4851 0.7330 0.4630 0.4560 0.4444 0.3629 -0.0339 0.1127 0.6913 1.0000 0.4198 0.4542 0.6021 0.6066 0.5349 0.5911 0.2613 0.3664 0.1671 0.5192 0.6177 0.5377 0.5633 0.4727 0.4867 0.5085 0.5525 0.5513 0.5539 0.3629 0.3961 0.3955 0.4226 0.3364 0.4147 0.2711 0.3769 0.4671 0.4328 0.5452 0.5295 0.4653 0.5247 0.4937 0.5417 0.4335 0.3753 0.5907 0.7210 0.4492 0.5052 0.6066 0.5988 0.5149 0.6005 0.6682 0.7430 0.5295 0.6457
0.2288 0.4520 0.2966 0.5284 0.5987 0.1634 0.3854 0.5469 0.4873 0.3094 0.5379 0.3189 0.4577 0.5371 0.5488 0.1955 0.5120 0.5199 0.4005 0.4644 0.4386 0.4476 0.5418 0.2462 0.4198 1.0000 0.8021 0.6873 0.6607 0.5346 0.5246 -0.0733 0.0342 -0.0733 0.4577 0.5182 0.5346 0.5216 0.3723 0.3371 0.4663 0.5363 0.5199 0.4614 0.3174 0.2626 0.2731 0.1469 0.2436 0.4409 0.1487 0.2691 0.4704 0.3666 0.5563 0.5159 0.5082 0.4393 0.5025 0.5209 0.6207 0.5514 0.2870 0.4383 0.2413 0.2312 0.5716 0.4762 0.2190 0.2235 0.3697 0.3170 0.5085 0.4509
0.0576 0.4725 0.1678 0.6415 0.4173 0.0784 0.5730 0.3229 0.2998 0.3272 0.6247 0.2958 0.5322 0.3258 0.4843 0.2466 0.4950 0.4279 0.3908 0.4441 0.3547 0.2828 0.4381 0.2579 0.4542 0.8021 1.0000 0.6758 0.7823 0.5660 0.5874 -0.0129 0.1866 -0.0522 0.5184 0.6606 0.5265 0.6313 0.4071 0.5016 0.4835 0.6662 0.5587 0.6720 0.3611 0.4523 0.3523 0.2131 0.1565 0.4406 0.0303 0.3157 0.4426 0.3157 0.5543 0.5364 0.4764 0.5360 0.4512 0.5004 0.5313 0.6709 0.3471 0.5457 0.3693 0.3969 0.5216 0.5549 0.1985 0.2733 0.3771 0.4065 0.4977 0.5836
0.3804 0.6058 0.4624 0.7340 0.3766 0.3769 0.6446 0.3727 0.5049 0.4777 0.6633 0.3881 0.5447 0.4755 0.5571 0.4722 0.5396 0.7708 0.7572 0.5834 0.5444 0.1656 0.2879 0.4466 0.6021 0.6873 0.6758 1.0000 0.9129 0.7332 0.7138 0.1859 0.2720 0.0935 0.7004 0.6733 0.6635 0.7471 0.5662 0.5757 0.6737 0.7219 0.6923 0.6479 0.4756 0.4224 0.4852 0.3475 0.4766 0.6224 0.2686 0.5006 0.6727 0.5512 0.7275 0.6667 0.6575 0.6684 0.6667 0.7622 0.6487 0.5816 0.5128 0.5692 0.4370 0.3663 0.7935 0.7395 0.3291 0.3372 0.5739 0.5750 0.6510 0.6759
0.2954 0.6521 0.3493 0.7761 0.3409 0.2998 0.7244 0.2941 0.4087 0.4507 0.7062 0.3580 0.5952 0.3728 0.5301 0.4715 0.5627 0.7015 0.7172 0.5335 0.4383 0.1270 0.2750 0.4321 0.6066 0.6607 0.7823 0.9129 1.0000 0.6758 0.7096 0.1515 0.3016 0.0801 0.6835 0.7659 0.6500 0.7855 0.5678 0.6245 0.6343 0.7633 0.6716 0.7464 0.4663 0.5114 0.5180 0.3531 0.4466 0.6574 0.2397 0.5294 0.6601 0.5739 0.6849 0.7156 0.6079 0.6890 0.6387 0.7360 0.5848 0.6385 0.5294 0.6446 0.4798 0.4498 0.7504 0.7332 0.2689 0.3546 0.5532 0.6014 0.5972 0.6955
-0.0153 0.2577 0.3086 0.5242 0.2425 0.2056 0.4673 0.3122 0.3605 0.3199 0.4677 0.2559 0.3353 0.3930 0.4916 0.3570 0.5734 0.3969 0.4810 0.4868 0.4969 0.0975 0.2065 0.4145 0.5349 0.5346 0.5660 0.7332 0.6758 1.0000 0.8951 0.2536 0.3576 0.1113 0.8049 0.5855 0.7490 0.7705 0.5820 0.6392 0.7373 0.7321 0.7048 0.6586 0.6062 0.4621 0.4992 0.4333 0.1643 0.3251 0.0567 0.4263 0.4069 0.2729 0.5845 0.3800 0.6329 0.6287 0.6435 0.6936 0.5053 0.4515 0.4541 0.4721 0.4008 0.3965 0.6746 0.6865 0.3150 0.3859 0.5756 0.5497 0.6693 0.6965
0.0013 0.2988 0.2659 0.5599 0.2328 0.1622 0.5183 0.2695 0.3389 0.2758 0.5025 0.2218 0.3754 0.3881 0.4777 0.3600 0.6004 0.4429 0.4921 0.4643 0.4222 0.0842 0.2218 0.4362 0.5911 0.5246 0.5874 0.7138 0.7096 0.8951 1.0000 0.3074 0.4358 0.2012 0.8059 0.7090 0.6885 0.7991 0.6109 0.7141 0.6791 0.7374 0.6723 0.7166 0.6454 0.5640 0.5834 0.4977 0.1854 0.3316 0.0179 0.4036 0.4004 0.2893 0.5595 0.3899 0.6260 0.6002 0.5933 0.7404 0.5353 0.5026 0.4970 0.5747 0.4709 0.4580 0.6710 0.7380 0.3037 0.3790 0.5941 0.5627 0.6841 0.6919
-0.0526 -0.1111 -0.2061 -0.0478 -0.2196 -0.2475 -0.0162 -0.1604 -0.0821 -0.1137 -0.0613 -0.2368 -0.0891 0.0649 -0.1022 0.2166 0.0973 0.0733 0.0888 -0.0964 -0.1389 0.0392 -0.0067 0.4383 0.2613 -0.0733 -0.0129 0.1859 0.1515 0.2536 0.3074 1.0000 0.7185 0.7575 0.1459 0.1749 0.0145 0.0595 0.2002 0.2589 0.0009 0.0062 0.0020 0.0901 0.1830 0.1578 0.4601 0.4326 0.0067 -0.0628 -0.2900 -0.1332 -0.1216 -0.0825 0.0346 -0.0235 0.0376 -0.0669 -0.1015 0.0326 0.1531 0.0922 0.3652 0.2067 0.3749 0.3245 0.4467 0.4019 0.2676 0.2510 0.2544 0.3130 0.1659 0.1468
-0.0772 0.0325 -0.0610 0.1681 -0.1060 -0.0576 0.2158 -0.1941 -0.1190 -0.0173 0.1526 -0.0971 0.0926 -0.0687 0.0737 0.3030 0.2322 0.1361 0.1912 0.0307 -0.0567 -0.0493 0.0819 0.4051 0.3664 0.0342 0.1866 0.2720 0.3016 0.3576 0.4358 0.7185 1.0000 0.5336 0.3360 0.3574 0.2862 0.3289 0.2700 0.4353 0.2317 0.3231 0.2085 0.4396 0.2485 0.4226 0.4110 0.5304 -0.0095 0.0683 -0.1802 0.0591 0.0173 -0.0421 0.0593 0.1072 0.1725 0.1846 0.1328 0.1921 0.1705 0.2901 0.3549 0.4349 0.3866 0.4388 0.4471 0.5134 0.3350 0.4405 0.2628 0.5165 0.2125 0.4440
-0.0422 -0.1686 -0.2177 -0.0714 -0.1350 -0.3600 -0.0617 -0.1695 0.0054 -0.2754 -0.1239 -0.2972 -0.1494 0.1729 -0.0340 -0.0399 -0.0014 0.0093 -0.0695 -0.1175 -0.1840 0.1723 0.1037 0.2794 0.1671 -0.0733 -0.0522 0.0935 0.0801 0.1113 0.2012 0.7575 0.5336 1.0000 0.0372 0.1525 -0.1469 -0.0202 0.0572 0.1327 -0.1492 -0.0837 -0.1140 0.0178 0.1688 0.0926 0.2975 0.2329 -0.1129 -0.1592 -0.3811 -0.2839 -0.1693 -0.1524 -0.0668 -0.0967 0.0304 -0.1299 -0.2044 -0.0079 0.0964 0.0684 0.2072 0.1083 0.2157 0.2191 0.3496 0.3159 0.1606 0.1831 0.0863 0.1730 0.1094 0.0760
0.0553 0.3499 0.3712 0.6026 0.2005 0.2923 0.5777 0.2733 0.3340 0.4677 0.5022 0.3412 0.3529 0.3585 0.4909 0.5439 0.4682 0.4589 0.5842 0.5411 0.5345 0.0083 0.1482 0.4505 0.5192 0.4577 0.5184 0.7004 0.6835 0.8049 0.8059 0.1459 0.3360 0.0372 1.0000 0.7518 0.8206 0.8241 0.7859 0.8287 0.8437 0.7830 0.8207 0.7707 0.8080 0.7079 0.6489 0.6043 0.2792 0.4103 0.1323 0.5382 0.4828 0.4044 0.5466 0.3817 0.6414 0.6635 0.6906 0.7513 0.5524 0.5201 0.5101 0.5352 0.4411 0.4125 0.6499 0.6694 0.3079 0.3279 0.6336 0.5708 0.7238 0.7246
0.1585 0.4966 0.2855 0.6988 0.2569 0.1916 0.6829 0.2194 0.2928 0.3696 0.5964 0.2930 0.4931 0.3588 0.5014 0.4881 0.5410 0.5151 0.5183 0.5054 0.3263 0.1102 0.2526 0.4832 0.6177 0.5182 0.6606 0.6733 0.7659 0.5855 0.7090 0.1749 0.3574 0.1525 0.7518 1.0000 0.5861 0.7639 0.6748 0.8156 0.5718 0.7008 0.6659 0.8336 0.5919 0.7636 0.5967 0.4789 0.2994 0.4723 0.0661 0.3457 0.4913 0.4331 0.5769 0.4922 0.5933 0.5689 0.5240 0.6414 0.5410 0.6308 0.5404 0.7015 0.5336 0.5458 0.6469 0.6779 0.3280 0.3985 0.6017 0.5846 0.6655 0.6871
0.0628 0.3987 0.4767 0.6073 0.2603 0.4411 0.5601 0.2810 0.2881 0.3967 0.5012 0.3005 0.3487 0.1979 0.4357 0.5113 0.5345 0.4489 0.5429 0.5775 0.5768 -0.0702 0.1002 0.4165 0.5377 0.5346 0.5265 0.6635 0.6500 0.7490 0.6885 0.0145 0.2862 -0.1469 0.8206 0.5861 1.0000 0.8480 0.5947 0.5832 0.9408 0.8370 0.8286 0.7309 0.5558 0.4632 0.4000 0.4343 0.2761 0.4833 0.3838 0.6342 0.5874 0.4488 0.4875 0.4569 0.6724 0.7577 0.8351 0.7153 0.4201 0.4031 0.4747 0.5386 0.3628 0.3171 0.5760 0.5432 0.3606 0.3971 0.5606 0.5636 0.6112 0.7094
0.0535 0.4325 0.3800 0.6936 0.1885 0.3321 0.6639 0.1820 0.2411 0.3309 0.5688 0.2487 0.4078 0.2025 0.4295 0.4396 0.5585 0.5197 0.5869 0.5273 0.4788 -0.0614 0.1227 0.3852 0.5633 0.5216 0.6313 0.7471 0.7855 0.7705 0.7991 0.0595 0.3289 -0.0202 0.8241 0.7639 0.8480 1.0000 0.5835 0.7055 0.8547 0.9295 0.7948 0.8620 0.5868 0.5714 0.4695 0.4033 0.2505 0.4813 0.2561 0.6243 0.5917 0.4312 0.5726 0.5082 0.6834 0.8063 0.7275 0.7961 0.4584 0.5117 0.4743 0.6153 0.4241 0.4217 0.6127 0.6609 0.3119 0.4376 0.5534 0.5891 0.6428 0.7654
0.2926 0.4153 0.3456 0.5435 0.2636 0.3061 0.5449 0.3194 0.3410 0.4755 0.4445 0.3762 0.3477 0.3986 0.4099 0.6256 0.4491 0.3601 0.5387 0.5051 0.4711 0.1215 0.2258 0.4979 0.4727 0.3723 0.4071 0.5662 0.5678 0.5820 0.6109 0.2002 0.2700 0.0572 0.7859 0.6748 0.5947 0.5835 1.0000 0.8587 0.5788 0.4872 0.6115 0.6138 0.6378 0.7300 0.6692 0.5878 0.4980 0.4972 0.2236 0.4340 0.5425 0.5672 0.5729 0.4436 0.5457 0.5077 0.6059 0.6749 0.4585 0.4386 0.4059 0.4092 0.4144 0.3599 0.5667 0.5700 0.3159 0.2695 0.6526 0.5337 0.5962 0.5043
0.0985 0.3597 0.2089 0.5559 0.1232 0.1740 0.5844 0.1808 0.2019 0.3966 0.4748 0.2875 0.3526 0.2998 0.3936 0.5635 0.4504 0.3463 0.4954 0.4209 0.3304 0.0639 0.2062 0.4963 0.4867 0.3371 0.5016 0.5757 0.6245 0.6392 0.7141 0.2589 0.4353 0.1327 0.8287 0.8156 0.5832 0.7055 0.8587 1.0000 0.5906 0.6340 0.6261 0.7597 0.6558 0.8721 0.6868 0.6623 0.3057 0.3948 0.0297 0.4004 0.4222 0.4018 0.5124 0.3826 0.5273 0.5303 0.4957 0.6248 0.4731 0.5535 0.4575 0.5304 0.4896 0.5075 0.5713 0.6282 0.3183 0.3725 0.6369 0.5814 0.6227 0.6261
0.0222 0.3514 0.4715 0.5945 0.1572 0.4404 0.5495 0.2195 0.2506 0.4207 0.4845 0.2899 0.3201 0.1724 0.3910 0.5195 0.4426 0.4568 0.5606 0.5686 0.5871 -0.1634 -0.0011 0.3944 0.5085 0.4663 0.4835 0.6737 0.6343 0.7373 0.6791 0.0009 0.2317 -0.1492 0.8437 0.5718 0.9408 0.8547 0.5788 0.5906 1.0000 0.8557 0.8814 0.7224 0.6257 0.4661 0.4361 0.4319 0.2511 0.4367 0.3631 0.6579 0.6001 0.4185 0.4823 0.4013 0.6845 0.7776 0.7845 0.7110 0.4291 0.3786 0.5020 0.5359 0.3870 0.3083 0.5410 0.5285 0.3370 0.3128 0.5628 0.5061 0.6398 0.6940
-0.0231 0.4532 0.3481 0.6842 0.1560 0.3018 0.6404 0.1044 0.1834 0.3228 0.5869 0.2154 0.4151 0.1165 0.4196 0.4069 0.5406 0.5265 0.5744 0.4961 0.4296 -0.1232 0.0826 0.3688 0.5525 0.5363 0.6662 0.7219 0.7633 0.7321 0.7374 0.0062 0.3231 -0.0837 0.7830 0.7008 0.8370 0.9295 0.4872 0.6340 0.8557 1.0000 0.8304 0.8715 0.5583 0.5593 0.4261 0.3884 0.1884 0.4970 0.2383 0.6742 0.5342 0.4243 0.5253 0.5418 0.6025 0.8079 0.6821 0.6971 0.4200 0.5084 0.4853 0.6338 0.4382 0.4444 0.5564 0.5959 0.3226 0.4183 0.5162 0.5829 0.6050 0.7963
-0.0123 0.4116 0.4461 0.6380 0.2051 0.3683 0.5829 0.2238 0.3046 0.4663 0.5579 0.3279 0.4077 0.2373 0.4319 0.5534 0.4924 0.4951 0.5808 0.5815 0.5337 -0.1215 0.0176 0.4767 0.5513 0.5199 0.5587 0.6923 0.6716 0.7048 0.6723 0.0020 0.2085 -0.1140 0.8207 0.6659 0.8286 0.7948 0.6115 0.6261 0.8814 0.8304 1.0000 0.7649 0.6819 0.5563 0.5248 0.4360 0.2594 0.4595 0.2790 0.5965 0.5980 0.4437 0.5927 0.4591 0.6860 0.7197 0.6890 0.6427 0.4508 0.4143 0.5360 0.6030 0.4743 0.3985 0.5560 0.5376 0.4072 0.3181 0.6493 0.5116 0.7424 0.7175
0.0336 0.4752 0.3070 0.7039 0.1554 0.2959 0.7454 0.0929 0.1343 0.3582 0.6469 0.2905 0.5202 0.1131 0.4258 0.4486 0.5407 0.4313 0.5222 0.4885 0.3701 -0.0658 0.1450 0.4109 0.5539 0.4614 0.6720 0.6479 0.7464 0.6586 0.7166 0.0901 0.4396 0.0178 0.7707 0.8336 0.7309 0.8620 0.6138 0.7597 0.7224 0.8715 0.7649 1.0000 0.5865 0.7647 0.5211 0.4575 0.2109 0.4888 0.1682 0.5491 0.5318 0.4287 0.5169 0.5230 0.6093 0.7734 0.6352 0.6814 0.3875 0.5572 0.4755 0.6808 0.4563 0.5000 0.5488 0.6436 0.3250 0.4416 0.5189 0.6130 0.5787 0.7841
-0.0342 0.2137 0.1590 0.4227 0.0829 0.0728 0.4078 0.2159 0.2023 0.3519 0.3480 0.2218 0.2112 0.3633 0.3668 0.4555 0.3082 0.2823 0.4053 0.3550 0.3460 0.0468 0.1218 0.4280 0.3629 0.3174 0.3611 0.4756 0.4663 0.6062 0.6454 0.1830 0.2485 0.1688 0.8080 0.5919 0.5558 0.5868 0.6378 0.6558 0.6257 0.5583 0.6819 0.5865 1.0000 0.6219 0.7800 0.5469 0.1912 0.2594 -0.0451 0.4157 0.2906 0.2648 0.3953 0.1689 0.4699 0.4217 0.4362 0.5212 0.4532 0.3776 0.4929 0.4317 0.4667 0.3958 0.4558 0.4718 0.2716 0.2372 0.5885 0.4068 0.6616 0.5113
0.0842 0.3892 0.2218 0.5346 0.0723 0.1975 0.5865 0.0539 0.0552 0.3380 0.4780 0.2616 0.3701 0.1453 0.3378 0.4850 0.4065 0.2984 0.4452 0.3833 0.2453 -0.0346 0.1450 0.3580 0.3961 0.2626 0.4523 0.4224 0.5114 0.4621 0.5640 0.1578 0.4226 0.0926 0.7079 0.7636 0.4632 0.5714 0.7300 0.8721 0.4661 0.5593 0.5563 0.7647 0.6219 1.0000 0.6222 0.6468 0.2399 0.3996 0.0099 0.3338 0.3234 0.3495 0.3805 0.3332 0.4145 0.4311 0.4092 0.5132 0.3265 0.4720 0.3875 0.5260 0.4365 0.5114 0.4438 0.5259 0.2386 0.3162 0.4995 0.5064 0.5094 0.5877
0.0893 0.3088 0.0012 0.3672 0.0476 0.0154 0.3855 0.1749 0.1122 0.3506 0.3377 0.1733 0.2589 0.2991 0.2668 0.5666 0.3404 0.3238 0.4724 0.1894 0.1518 0.0608 0.1290 0.5177 0.3955 0.2731 0.3523 0.4852 0.5180 0.4992 0.5834 0.4601 0.4110 0.2975 0.6489 0.5967 0.4000 0.4695 0.6692 0.6868 0.4361 0.4261 0.5248 0.5211 0.7800 0.6222 1.0000 0.6396 0.3445 0.3583 -0.0173 0.3688 0.3195 0.3657 0.4393 0.3070 0.3427 0.2905 0.3224 0.4290 0.4249 0.3879 0.5242 0.4654 0.5569 0.4677 0.5442 0.5425 0.2645 0.2394 0.6216 0.4613 0.5558 0.3818
0.0652 0.1792 0.0927 0.2381 -0.0379 0.1636 0.2874 0.0847 0.0553 0.2937 0.3062 0.1505 0.2117 0.1192 0.2622 0.4749 0.3503 0.2257 0.3751 0.1661 0.1882 -0.1179 -0.0597 0.4133 0.4226 0.1469 0.2131 0.3475 0.3531 0.4333 0.4977 0.4326 0.5304 0.2329 0.6043 0.4789 0.4343 0.4033 0.5878 0.6623 0.4319 0.3884 0.4360 0.4575 0.5469 0.6468 0.6396 1.0000 0.2613 0.2428 0.0648 0.3380 0.2108 0.2069 0.2443 0.1741 0.2698 0.2730 0.3045 0.3483 0.2841 0.2118 0.4881 0.4493 0.4858 0.4819 0.4448 0.4400 0.2092 0.1887 0.4247 0.4481 0.3349 0.4096
0.7992 0.6965 0.4619 0.4452 0.2672 0.5718 0.4530 0.2929 0.2987 0.4955 0.3850 0.4129 0.3778 0.2295 0.2608 0.5980 0.3973 0.5038 0.6364 0.3664 0.3505 0.0382 0.0712 0.2969 0.3364 0.2436 0.1565 0.4766 0.4466 0.1643 0.1854 0.0067 -0.0095 -0.1129 0.2792 0.2994 0.2761 0.2505 0.4980 0.3057 0.2511 0.1884 0.2594 0.2109 0.1912 0.2399 0.3445 0.2613 1.0000 0.7736 0.6282 0.5170 0.6701 0.7474 0.5760 0.6511 0.2913 0.3233 0.5049 0.4722 0.2214 0.1674 0.2429 0.2768 0.1996 0.1662 0.3445 0.2647 0.1608 0.1390 0.4190 0.3700 0.1973 0.1633
0.6369 0.9199 0.5277 0.6996 0.2857 0.5630 0.7055 0.2392 0.2345 0.5005 0.6359 0.4278 0.5867 0.1853 0.3141 0.5682 0.5542 0.6262 0.7521 0.5165 0.4269 -0.0071 0.1203 0.3076 0.4147 0.4409 0.4406 0.6224 0.6574 0.3251 0.3316 -0.0628 0.0683 -0.1592 0.4103 0.4723 0.4833 0.4813 0.4972 0.3948 0.4367 0.4970 0.4595 0.4888 0.2594 0.3996 0.3583 0.2428 0.7736 1.0000 0.5660 0.6696 0.6808 0.8246 0.5915 0.8503 0.3977 0.5532 0.6545 0.5902 0.2516 0.3279 0.3209 0.4294 0.2966 0.2638 0.4469 0.4153 0.2392 0.2631 0.4504 0.4836 0.3291 0.3999
0.4939 0.4880 0.5998 0.3589 0.1031 0.7515 0.3566 0.2051 0.1126 0.2899 0.2497 0.2572 0.1951 -0.0556 0.1138 0.2890 0.2684 0.3241 0.4174 0.3980 0.4471 -0.2928 -0.2129 0.1137 0.2711 0.1487 0.0303 0.2686 0.2397 0.0567 0.0179 -0.2900 -0.1802 -0.3811 0.1323 0.0661 0.3838 0.2561 0.2236 0.0297 0.3631 0.2383 0.2790 0.1682 -0.0451 0.0099 -0.0173 0.0648 0.6282 0.5660 1.0000 0.6688 0.6985 0.6512 0.3004 0.4911 0.3257 0.4594 0.6247 0.4614 -0.0297 -0.0804 0.1291 0.1944 -0.0146 -0.0046 0.1081 0.0389 0.0688 0.0707 0.1508 0.1714 0.0350 0.0887
0.2076 0.5617 0.3881 0.5228 0.0069 0.5044 0.5461 0.1131 0.0417 0.3781 0.4313 0.2351 0.3013 -0.0311 0.1892 0.4487 0.4020 0.4279 0.6099 0.3634 0.4043 -0.3025 -0.1634 0.3115 0.3769 0.2691 0.3157 0.5006 0.5294 0.4263 0.4036 -0.1332 0.0591 -0.2839 0.5382 0.3457 0.6342 0.6243 0.4340 0.4004 0.6579 0.6742 0.5965 0.5491 0.4157 0.3338 0.3688 0.3380 0.5170 0.6696 0.6688 1.0000 0.6211 0.7047 0.4289 0.6156 0.3698 0.7138 0.6863 0.6279 0.1761 0.1888 0.3618 0.4161 0.2430 0.2580 0.2944 0.2845 0.1733 0.2229 0.3929 0.4280 0.2858 0.4227
0.5058 0.6229 0.5818 0.6638 0.3227 0.6411 0.6561 0.3505 0.3751 0.4793 0.5539 0.4116 0.4685 0.2336 0.3869 0.4814 0.4492 0.5605 0.6167 0.5940 0.5504 -0.0260 0.0712 0.3264 0.4671 0.4704 0.4426 0.6727 0.6601 0.4069 0.4004 -0.1216 0.0173 -0.1693 0.4828 0.4913 0.5874 0.5917 0.5425 0.4222 0.6001 0.5342 0.5980 0.5318 0.2906 0.3234 0.3195 0.2108 0.6701 0.6808 0.6985 0.6211 1.0000 0.7238 0.6884 0.6745 0.7211 0.7025 0.7515 0.6855 0.3012 0.3030 0.3223 0.4373 0.2665 0.1962 0.4675 0.4151 0.1939 0.1943 0.4596 0.3944 0.4447 0.4220
0.5294 0.7550 0.4521 0.5736 0.2900 0.5126 0.5842 0.3075 0.3327 0.4102 0.4640 0.3185 0.4115 0.2337 0.3128 0.4951 0.4489 0.5246 0.6441 0.4439 0.4086 -0.0001 0.1092 0.3829 0.4328 0.3666 0.3157 0.5512 0.5739 0.2729 0.2893 -0.0825 -0.0421 -0.1524 0.4044 0.4331 0.4488 0.4312 0.5672 0.4018 0.4185 0.4243 0.4437 0.4287 0.2648 0.3495 0.3657 0.2069 0.7474 0.8246 0.6512 0.7047 0.7238 1.0000 0.5656 0.8137 0.3935 0.5983 0.6086 0.5923 0.2352 0.2231 0.2959 0.3259 0.2168 0.1446 0.3969 0.3304 0.2369 0.2093 0.4597 0.4479 0.3233 0.3069
0.3844 0.5552 0.4243 0.6150 0.4117 0.3836 0.5576 0.3835 0.4858 0.4541 0.5589 0.3903 0.4917 0.4487 0.4830 0.5176 0.6233 0.5739 0.6310 0.5296 0.4791 0.2038 0.2631 0.4494 0.5452 0.5563 0.5543 0.7275 0.6849 0.5845 0.5595 0.0346 0.0593 -0.0668 0.5466 0.5769 0.4875 0.5726 0.5729 0.5124 0.4823 0.5253 0.5927 0.5169 0.3953 0.3805 0.4393 0.2443 0.5760 0.5915 0.3004 0.4289 0.6884 0.5656 1.0000 0.6444 0.6157 0.5214 0.5808 0.6236 0.4538 0.4235 0.3589 0.4509 0.3454 0.3142 0.5810 0.5379 0.2953 0.2576 0.6294 0.4885 0.6061 0.5135
0.4834 0.8319 0.3428 0.6053 0.3618 0.4058 0.6169 0.2504 0.3298 0.4072 0.6359 0.3353 0.6122 0.2079 0.3790 0.4322 0.6260 0.6137 0.6747 0.3543 0.2884 0.0825 0.2184 0.3540 0.5295 0.5159 0.5364 0.6667 0.7156 0.3800 0.3899 -0.0235 0.1072 -0.0967 0.3817 0.4922 0.4569 0.5082 0.4436 0.3826 0.4013 0.5418 0.4591 0.5230 0.1689 0.3332 0.3070 0.1741 0.6511 0.8503 0.4911 0.6156 0.6745 0.8137 0.6444 1.0000 0.3487 0.6069 0.5472 0.5525 0.2838 0.3590 0.3174 0.4558 0.2603 0.2650 0.4840 0.4554 0.2334 0.3018 0.4126 0.5367 0.2878 0.4278
0.1870 0.3374 0.6074 0.6732 0.3376 0.4559 0.6240 0.3904 0.4559 0.3191 0.4287 0.2757 0.3051 0.4129 0.4750 0.3972 0.4115 0.4528 0.4385 0.7438 0.6444 0.1098 0.1767 0.3538 0.4653 0.5082 0.4764 0.6575 0.6079 0.6329 0.6260 0.0376 0.1725 0.0304 0.6414 0.5933 0.6724 0.6834 0.5457 0.5273 0.6845 0.6025 0.6860 0.6093 0.4699 0.4145 0.3427 0.2698 0.2913 0.3977 0.3257 0.3698 0.7211 0.3935 0.6157 0.3487 1.0000 0.6941 0.7624 0.7513 0.4391 0.4218 0.4021 0.4856 0.3287 0.3095 0.5785 0.5206 0.2561 0.2576 0.5398 0.4003 0.7471 0.6168
0.1390 0.4991 0.5049 0.7086 0.1778 0.4896 0.7330 0.2210 0.2883 0.3452 0.5707 0.2700 0.4172 0.1366 0.4163 0.3890 0.4851 0.4773 0.5366 0.5967 0.5870 -0.1134 0.0461 0.3559 0.5247 0.4393 0.5360 0.6684 0.6890 0.6287 0.6002 -0.0669 0.1846 -0.1299 0.6635 0.5689 0.7577 0.8063 0.5077 0.5303 0.7776 0.8079 0.7197 0.7734 0.4217 0.4311 0.2905 0.2730 0.3233 0.5532 0.4594 0.7138 0.7025 0.5983 0.5214 0.6069 0.6941 1.0000 0.7663 0.7657 0.3166 0.4051 0.4127 0.5308 0.3084 0.3113 0.4788 0.4958 0.2843 0.3370 0.4658 0.5414 0.5211 0.7049
0.3429 0.5372 0.7218 0.7356 0.3342 0.6561 0.6718 0.3555 0.3511 0.4192 0.4904 0.3600 0.3654 0.2595 0.4357 0.5036 0.5259 0.5214 0.6285 0.7557 0.7262 -0.0467 0.0981 0.3133 0.4937 0.5025 0.4512 0.6667 0.6387 0.6435 0.5933 -0.1015 0.1328 -0.2044 0.6906 0.5240 0.8351 0.7275 0.6059 0.4957 0.7845 0.6821 0.6890 0.6352 0.4362 0.4092 0.3224 0.3045 0.5049 0.6545 0.6247 0.6863 0.7515 0.6086 0.5808 0.5472 0.7624 0.7663 1.0000 0.8591 0.3528 0.3402 0.3891 0.4786 0.2744 0.2501 0.5394 0.5027 0.2392 0.2868 0.5237 0.5040 0.5939 0.6241
0.3468 0.5179 0.6334 0.7442 0.3042 0.5415 0.6896 0.3493 0.4091 0.3753 0.5398 0.3310 0.3980 0.3771 0.4827 0.4328 0.5293 0.5995 0.6567 0.6897 0.6810 0.0288 0.1869 0.3308 0.5417 0.5209 0.5004 0.7622 0.7360 0.6936 0.7404 0.0326 0.1921 -0.0079 0.7513 0.6414 0.7153 0.7961 0.6749 0.6248 0.7110 0.6971 0.6427 0.6814 0.5212 0.5132 0.4290 0.3483 0.4722 0.5902 0.4614 0.6279 0.6855 0.5923 0.6236 0.5525 0.7513 0.7657 0.8591 1.0000 0.4987 0.4629 0.4013 0.4954 0.2973 0.2999 0.6353 0.6446 0.2211 0.3100 0.5471 0.5301 0.6419 0.6599
0.1886 0.2897 0.2204 0.4440 0.4222 0.0834 0.2943 0.5046 0.5131 0.4591 0.4116 0.3589 0.3052 0.6487 0.5448 0.3417 0.2183 0.5338 0.4509 0.3867 0.4000 0.3833 0.4658 0.4056 0.4335 0.6207 0.5313 0.6487 0.5848 0.5053 0.5353 0.1531 0.1705 0.0964 0.5524 0.5410 0.4201 0.4584 0.4585 0.4731 0.4291 0.4200 0.4508 0.3875 0.4532 0.3265 0.4249 0.2841 0.2214 0.2516 -0.0297 0.1761 0.3012 0.2352 0.4538 0.2838 0.4391 0.3166 0.3528 0.4987 1.0000 0.7895 0.4418 0.4484 0.3296 0.2784 0.6703 0.6418 0.3128 0.2721 0.4697 0.3388 0.6051 0.4562
0.1316 0.3889 0.1393 0.5555 0.3502 0.0323 0.4837 0.3225 0.3306 0.4134 0.4983 0.3334 0.3969 0.4335 0.5093 0.3383 0.2249 0.4434 0.4016 0.3657 0.2818 0.3565 0.4854 0.3596 0.3753 0.5514 0.6709 0.5816 0.6385 0.4515 0.5026 0.0922 0.2901 0.0684 0.5201 0.6308 0.4031 0.5117 0.4386 0.5535 0.3786 0.5084 0.4143 0.5572 0.3776 0.4720 0.3879 0.2118 0.1674 0.3279 -0.0804 0.1888 0.3030 0.2231 0.4235 0.3590 0.4218 0.4051 0.3402 0.4629 0.7895 1.0000 0.3572 0.5189 0.3104 0.3895 0.5986 0.6191 0.2615 0.3661 0.4147 0.4194 0.5132 0.5701
0.0710 0.3182 0.2116 0.4264 -0.0706 0.1921 0.4094 0.0460 0.1216 0.3125 0.3601 0.1252 0.2595 0.1680 0.2758 0.5243 0.4145 0.4197 0.4140 0.3479 0.2240 -0.1721 -0.1076 0.6601 0.5907 0.2870 0.3471 0.5128 0.5294 0.4541 0.4970 0.3652 0.3549 0.2072 0.5101 0.5404 0.4747 0.4743 0.4059 0.4575 0.5020 0.4853 0.5360 0.4755 0.4929 0.3875 0.5242 0.4881 0.2429 0.3209 0.1291 0.3618 0.3223 0.2959 0.3589 0.3174 0.4021 0.4127 0.3891 0.4013 0.4418 0.3572 1.0000 0.7428 0.7268 0.5978 0.5365 0.4825 0.4099 0.2648 0.5400 0.4653 0.4735 0.5018
0.0935 0.4503 0.2967 0.5945 0.1162 0.2810 0.5775 0.1013 0.1418 0.2959 0.5251 0.1795 0.4206 0.1530 0.4047 0.5049 0.5582 0.4700 0.4638 0.4317 0.2486 -0.1027 0.0515 0.5653 0.7210 0.4383 0.5457 0.5692 0.6446 0.4721 0.5747 0.2067 0.4349 0.1083 0.5352 0.7015 0.5386 0.6153 0.4092 0.5304 0.5359 0.6338 0.6030 0.6808 0.4317 0.5260 0.4654 0.4493 0.2768 0.4294 0.1944 0.4161 0.4373 0.3259 0.4509 0.4558 0.4856 0.5308 0.4786 0.4954 0.4484 0.5189 0.7428 1.0000 0.6056 0.7265 0.5674 0.5527 0.3876 0.4409 0.5602 0.5838 0.5071 0.6551
0.0336 0.2698 0.1220 0.4152 -0.0622 0.0945 0.4018 -0.0052 0.0623 0.2783 0.3459 0.1063 0.2578 0.1231 0.2030 0.4704 0.3704 0.3262 0.3607 0.2963 0.1692 -0.1199 -0.0509 0.5017 0.4492 0.2413 0.3693 0.4370 0.4798 0.4008 0.4709 0.3749 0.3866 0.2157 0.4411 0.5336 0.3628 0.4241 0.4144 0.4896 0.3870 0.4382 0.4743 0.4563 0.4667 0.4365 0.5569 0.4858 0.1996 0.2966 -0.0146 0.2430 0.2665 0.2168 0.3454 0.2603 0.3287 0.3084 0.2744 0.2973 0.3296 0.3104 0.7268 0.6056 1.0000 0.6392 0.4523 0.4134 0.3583 0.2215 0.5142 0.3997 0.4640 0.4480
-0.0218 0.2486 0.0877 0.3877 0.0004 0.0766 0.4057 0.0342 0.0348 0.1646 0.3026 0.0516 0.2135 0.1303 0.3166 0.4331 0.4350 0.2054 0.2573 0.2624 0.1047 -0.0416 0.0406 0.4911 0.5052 0.2312 0.3969 0.3663 0.4498 0.3965 0.4580 0.3245 0.4388 0.2191 0.4125 0.5458 0.3171 0.4217 0.3599 0.5075 0.3083 0.4444 0.3985 0.5000 0.3958 0.5114 0.4677 0.4819 0.1662 0.2638 -0.0046 0.2580 0.1962 0.1446 0.3142 0.2650 0.3095 0.3113 0.2501 0.2999 0.2784 0.3895 0.5978 0.7265 0.6392 1.0000 0.4155 0.3654 0.2885 0.3558 0.4885 0.5115 0.3882 0.5410
0.2742 0.4145 0.3580 0.5775 0.2551 0.2324 0.4828 0.3193 0.4054 0.3839 0.4900 0.2746 0.3688 0.4803 0.4459 0.4841 0.4924 0.6597 0.6379 0.4970 0.4397 0.1792 0.2525 0.5546 0.6066 0.5716 0.5216 0.7935 0.7504 0.6746 0.6710 0.4467 0.4471 0.3496 0.6499 0.6469 0.5760 0.6127 0.5667 0.5713 0.5410 0.5564 0.5560 0.5488 0.4558 0.4438 0.5442 0.4448 0.3445 0.4469 0.1081 0.2944 0.4675 0.3969 0.5810 0.4840 0.5785 0.4788 0.5394 0.6353 0.6703 0.5986 0.5365 0.5674 0.4523 0.4155 1.0000 0.8242 0.3637 0.4087 0.5993 0.5942 0.6409 0.6154
0.1885 0.3934 0.3043 0.5784 0.1988 0.2148 0.5104 0.2060 0.2895 0.3633 0.5212 0.2877 0.4135 0.3522 0.4064 0.3960 0.4755 0.5647 0.5992 0.4504 0.4101 0.0809 0.2377 0.4424 0.5988 0.4762 0.5549 0.7395 0.7332 0.6865 0.7380 0.4019 0.5134 0.3159 0.6694 0.6779 0.5432 0.6609 0.5700 0.6282 0.5285 0.5959 0.5376 0.6436 0.4718 0.5259 0.5425 0.4400 0.2647 0.4153 0.0389 0.2845 0.4151 0.3304 0.5379 0.4554 0.5206 0.4958 0.5027 0.6446 0.6418 0.6191 0.4825 0.5527 0.4134 0.3654 0.8242 1.0000 0.3249 0.4061 0.4890 0.5844 0.5765 0.6258
0.0481 0.1883 0.2097 0.2860 0.0985 0.1321 0.2397 0.1020 0.2130 0.1740 0.2423 0.0758 0.1250 0.2247 0.2411 0.5477 0.3623 0.2468 0.2529 0.2706 0.1725 0.0550 0.1690 0.7057 0.5149 0.2190 0.1985 0.3291 0.2689 0.3150 0.3037 0.2676 0.3350 0.1606 0.3079 0.3280 0.3606 0.3119 0.3159 0.3183 0.3370 0.3226 0.4072 0.3250 0.2716 0.2386 0.2645 0.2092 0.1608 0.2392 0.0688 0.1733 0.1939 0.2369 0.2953 0.2334 0.2561 0.2843 0.2392 0.2211 0.3128 0.2615 0.4099 0.3876 0.3583 0.2885 0.3637 0.3249 1.0000 0.6435 0.5869 0.5036 0.4471 0.4209
0.0036 0.2352 0.1800 0.3563 0.0756 0.1125 0.3285 0.0726 0.0707 -0.0117 0.2535 -0.0685 0.1233 0.1054 0.2448 0.3977 0.4980 0.2795 0.2883 0.2444 0.1148 0.0335 0.1959 0.5484 0.6005 0.2235 0.2733 0.3372 0.3546 0.3859 0.3790 0.2510 0.4405 0.1831 0.3279 0.3985 0.3971 0.4376 0.2695 0.3725 0.3128 0.4183 0.3181 0.4416 0.2372 0.3162 0.2394 0.1887 0.1390 0.2631 0.0707 0.2229 0.1943 0.2093 0.2576 0.3018 0.2576 0.3370 0.2868 0.3100 0.2721 0.3661 0.2648 0.4409 0.2215 0.3558 0.4087 0.4061 0.6435 1.0000 0.5309 0.7234 0.3862 0.5518
0.1261 0.3904 0.3476 0.5531 0.2444 0.2608 0.4983 0.3294 0.3814 0.3282 0.4100 0.1897 0.2748 0.4370 0.4431 0.7379 0.5753 0.4332 0.5170 0.4967 0.4005 0.0942 0.1721 0.7300 0.6682 0.3697 0.3771 0.5739 0.5532 0.5756 0.5941 0.2544 0.2628 0.0863 0.6336 0.6017 0.5606 0.5534 0.6526 0.6369 0.5628 0.5162 0.6493 0.5189 0.5885 0.4995 0.6216 0.4247 0.4190 0.4504 0.1508 0.3929 0.4596 0.4597 0.6294 0.4126 0.5398 0.4658 0.5237 0.5471 0.4697 0.4147 0.5400 0.5602 0.5142 0.4885 0.5993 0.4890 0.5869 0.5309 1.0000 0.6965 0.7831 0.6054
0.1287 0.3788 0.2782 0.5259 0.1682 0.2362 0.5068 0.0945 0.2192 0.0880 0.3466 -0.0311 0.2201 0.1614 0.3773 0.5979 0.6647 0.4374 0.5502 0.3768 0.2968 -0.0196 0.1453 0.5989 0.7430 0.3170 0.4065 0.5750 0.6014 0.5497 0.5627 0.3130 0.5165 0.1730 0.5708 0.5846 0.5636 0.5891 0.5337 0.5814 0.5061 0.5829 0.5116 0.6130 0.4068 0.5064 0.4613 0.4481 0.3700 0.4836 0.1714 0.4280 0.3944 0.4479 0.4885 0.5367 0.4003 0.5414 0.5040 0.5301 0.3388 0.4194 0.4653 0.5838 0.3997 0.5115 0.5942 0.5844 0.5036 0.7234 0.6965 1.0000 0.4904 0.7643
0.0074 0.2912 0.4608 0.6489 0.3261 0.2059 0.5149 0.3845 0.4736 0.3270 0.3824 0.2064 0.2317 0.5600 0.4828 0.5112 0.4093 0.4938 0.4858 0.6845 0.5535 0.1809 0.2624 0.5065 0.5295 0.5085 0.4977 0.6510 0.5972 0.6693 0.6841 0.1659 0.2125 0.1094 0.7238 0.6655 0.6112 0.6428 0.5962 0.6227 0.6398 0.6050 0.7424 0.5787 0.6616 0.5094 0.5558 0.3349 0.1973 0.3291 0.0350 0.2858 0.4447 0.3233 0.6061 0.2878 0.7471 0.5211 0.5939 0.6419 0.6051 0.5132 0.4735 0.5071 0.4640 0.3882 0.6409 0.5765 0.4471 0.3862 0.7831 0.4904 1.0000 0.6767
0.0031 0.3483 0.4305 0.6988 0.2216 0.2829 0.6220 0.0800 0.3054 0.1834 0.4999 0.1003 0.3128 0.2035 0.5330 0.4375 0.5461 0.4899 0.5156 0.5869 0.4773 -0.0138 0.1730 0.4562 0.6457 0.4509 0.5836 0.6759 0.6955 0.6965 0.6919 0.1468 0.4440 0.0760 0.7246 0.6871 0.7094 0.7654 0.5043 0.6261 0.6940 0.7963 0.7175 0.7841 0.5113 0.5877 0.3818 0.4096 0.1633 0.3999 0.0887 0.4227 0.4220 0.3069 0.5135 0.4278 0.6168 0.7049 0.6241 0.6599 0.4562 0.5701 0.5018 0.6551 0.4480 0.5410 0.6154 0.6258 0.4209 0.5518 0.6054 0.7643 0.6767 1.0000
