1.0000 0.5997 0.7259 0.6102 0.2896 0.7655 0.6249 0.4871 0.3832 0.5043 0.4554 0.5592 0.2974 0.5571 0.4704 0.4565 0.3721 0.7746 0.7295 0.6182 0.5597 0.3894 0.3803 0.4265 0.4044 0.5445 0.4749 0.6131 0.6720 0.4173 0.4684 0.4249 0.3086 0.2728 0.5487 0.5267 0.5808 0.6253 0.6010 0.6184 0.5847 0.5335 0.5944 0.4383 0.6527 0.5479 0.3891 0.4703 0.8071 0.5189 0.5609 0.4943 0.6359 0.4524 0.5691 0.4487 0.5149 0.5005 0.6874 0.6664 0.4662 0.4077 0.4612 0.4807 0.3360 0.4558 0.5738 0.5279 0.3276 0.2748 0.4861 0.3982 0.6333 0.4418
0.5997 1.0000 0.2918 0.5825 0.5418 0.4548 0.5780 0.1657 0.4881 0.4804 0.8134 0.2882 0.2424 0.2131 0.2762 0.5290 0.6606 0.4451 0.4358 0.4009 0.3609 -0.0234 0.3203 0.5306 0.6503 0.5314 0.5594 0.7047 0.7243 0.2479 0.2223 0.2032 0.1005 0.0616 0.3819 0.3891 0.5069 0.3129 0.4498 0.4023 0.5783 0.5399 0.5656 0.5562 0.4501 0.2479 0.3031 0.1562 0.5459 0.9143 0.5406 0.4818 0.6493 0.7369 0.5634 0.8008 0.4649 0.4177 0.6211 0.3746 0.4773 0.6115 0.5422 0.7384 0.4450 0.6093 0.4073 0.3868 0.3582 0.4723 0.5054 0.6958 0.5080 0.6831
0.7259 0.2918 1.0000 0.7587 0.2357 0.7766 0.6687 0.5878 0.3364 0.3527 0.2056 0.5671 0.1147 0.5762 0.3649 0.2719 0.2845 0.7349 0.6444 0.8186 0.7635 0.5988 0.4788 0.2756 0.2637 0.4874 0.4358 0.4083 0.4924 0.5412 0.5992 0.4178 0.2766 0.1872 0.5049 0.4790 0.5061 0.5976 0.4857 0.5350 0.4621 0.4002 0.4972 0.3878 0.5131 0.5202 0.2351 0.3450 0.5397 0.2374 0.3828 0.2856 0.4193 0.2250 0.3666 0.2742 0.5500 0.5547 0.5925 0.6462 0.4367 0.2793 0.3322 0.3177 0.1862 0.3305 0.4446 0.4974 0.2321 0.2540 0.3898 0.3268 0.5761 0.3721
0.6102 0.5825 0.7587 1.0000 0.4586 0.6878 0.8441 0.3741 0.4743 0.3180 0.4622 0.3832 0.0443 0.3424 0.2538 0.3446 0.4813 0.5363 0.5267 0.8064 0.7596 0.3297 0.4811 0.3467 0.4325 0.5625 0.5630 0.5214 0.6001 0.3574 0.4182 0.2484 0.1508 -0.1006 0.3453 0.3503 0.4440 0.3967 0.3724 0.3783 0.4679 0.3688 0.4982 0.4263 0.3909 0.3660 0.1218 0.1093 0.5085 0.4998 0.4688 0.3604 0.5007 0.4602 0.3652 0.5577 0.5705 0.6093 0.6311 0.5171 0.5277 0.4967 0.4210 0.5585 0.2489 0.5197 0.3758 0.3887 0.2385 0.3742 0.4366 0.5352 0.5469 0.5382
0.2896 0.5418 0.2357 0.4586 1.0000 0.2898 0.3885 0.2967 0.6587 0.3863 0.5837 0.2388 0.2934 0.2355 0.2675 0.4502 0.5072 0.1374 0.0586 0.4660 0.4001 0.0851 0.5329 0.5078 0.5060 0.4778 0.5442 0.5559 0.5137 0.2916 0.2562 0.2196 -0.0177 -0.0096 0.3521 0.3853 0.4372 0.1697 0.3488 0.2691 0.4315 0.3431 0.5174 0.3908 0.3013 0.0637 0.2097 0.0434 0.3372 0.5065 0.2096 0.1448 0.4486 0.4490 0.3928 0.5145 0.5176 0.2778 0.4332 0.1692 0.5027 0.5427 0.5508 0.5997 0.4142 0.4600 0.2400 0.2782 0.3478 0.4632 0.4784 0.5661 0.4758 0.5370
0.7655 0.4548 0.7766 0.6878 0.2898 1.0000 0.7701 0.4838 0.3360 0.5000 0.4297 0.6068 0.2742 0.4775 0.3014 0.3371 0.3343 0.6875 0.6086 0.6158 0.5720 0.3766 0.2980 0.3896 0.3610 0.5167 0.4556 0.5251 0.6165 0.4259 0.4420 0.4068 0.2250 0.1659 0.4662 0.4447 0.5058 0.5140 0.5156 0.5005 0.5267 0.4917 0.5103 0.3848 0.5864 0.4974 0.4171 0.3728 0.5745 0.4258 0.5666 0.5399 0.6196 0.4432 0.5057 0.4074 0.5045 0.5076 0.6208 0.6465 0.4862 0.3785 0.4076 0.4446 0.3107 0.3960 0.4612 0.4896 0.2486 0.2664 0.4203 0.3652 0.5609 0.4110
0.6249 0.5780 0.6687 0.8441 0.3885 0.7701 1.0000 0.4052 0.4762 0.3530 0.4888 0.4099 0.1640 0.3336 0.2823 0.2976 0.3834 0.5740 0.5415 0.6250 0.5768 0.2977 0.3635 0.3294 0.3806 0.4998 0.5002 0.5234 0.6385 0.3612 0.4073 0.3084 0.2561 -0.0041 0.3888 0.3997 0.4706 0.4665 0.4664 0.4966 0.5630 0.4634 0.5579 0.4672 0.5272 0.5355 0.2953 0.3041 0.4982 0.4946 0.6006 0.5416 0.6045 0.5681 0.3791 0.5701 0.5090 0.6781 0.6861 0.6461 0.5168 0.4984 0.4123 0.5294 0.2906 0.4533 0.4314 0.4388 0.1755 0.2876 0.3784 0.4601 0.5179 0.5039
0.4871 0.1657 0.5878 0.3741 0.2967 0.4838 0.4052 1.0000 0.3015 0.4754 0.2260 0.5631 0.1583 0.8035 0.3159 0.4525 0.3737 0.4248 0.3292 0.5576 0.5265 0.5040 0.4849 0.5385 0.4131 0.5669 0.5386 0.4600 0.4435 0.4782 0.5136 0.4668 0.0782 0.3225 0.5797 0.5984 0.4733 0.4729 0.4980 0.4355 0.3457 0.4321 0.4203 0.3840 0.5865 0.3743 0.3398 0.2774 0.4375 0.1234 0.1365 0.0621 0.3471 0.1713 0.4774 0.2466 0.4062 0.3068 0.3815 0.4427 0.6117 0.3067 0.5957 0.3364 0.4148 0.3253 0.3919 0.5910 0.4028 0.4286 0.5538 0.3903 0.7074 0.3980
0.3832 0.4881 0.3364 0.4743 0.6587 0.3360 0.4762 0.3015 1.0000 0.1871 0.4795 0.2535 0.1299 0.2552 0.6216 0.2879 0.4461 0.3401 0.2376 0.4692 0.2682 0.2840 0.5726 0.3959 0.4991 0.3921 0.4221 0.4794 0.5301 0.1135 0.1750 0.1207 0.2501 0.1396 0.3561 0.3601 0.4005 0.3428 0.3370 0.3732 0.4295 0.2558 0.5177 0.3765 0.3440 0.2596 0.1313 0.1730 0.4971 0.4977 0.3054 0.1570 0.3458 0.4159 0.2515 0.5292 0.3836 0.3517 0.5446 0.3243 0.3078 0.4282 0.3176 0.5141 0.1435 0.5196 0.3350 0.3779 0.1755 0.3508 0.3169 0.4515 0.3485 0.4964
0.5043 0.4804 0.3527 0.3180 0.3863 0.5000 0.3530 0.4754 0.1871 1.0000 0.6203 0.6578 0.3948 0.4853 0.1402 0.6930 0.5435 0.3994 0.2622 0.3924 0.4850 0.0326 0.2827 0.6836 0.5380 0.5764 0.6281 0.6483 0.6259 0.5297 0.4353 0.3163 -0.0928 0.2169 0.5912 0.5857 0.5939 0.3674 0.5302 0.3711 0.4758 0.6493 0.4923 0.5171 0.5749 0.2558 0.5513 0.2601 0.3234 0.4542 0.2999 0.2786 0.6767 0.5046 0.7695 0.4830 0.5458 0.3169 0.4302 0.3564 0.6210 0.4962 0.6665 0.5619 0.6115 0.3579 0.3970 0.5079 0.5610 0.5428 0.6175 0.5566 0.6814 0.5398
0.4554 0.8134 0.2056 0.4622 0.5837 0.4297 0.4888 0.2260 0.4795 0.6203 1.0000 0.4055 0.4109 0.2577 0.2347 0.6312 0.7426 0.2767 0.1931 0.3615 0.3633 -0.1045 0.3130 0.6854 0.7301 0.5510 0.6406 0.7078 0.7090 0.2682 0.2289 0.2184 -0.0114 0.0511 0.4082 0.4401 0.5027 0.2161 0.4453 0.3171 0.5339 0.5740 0.5617 0.5741 0.4492 0.1228 0.3872 0.0877 0.4371 0.8140 0.4611 0.3912 0.6939 0.7316 0.6627 0.8173 0.5147 0.3620 0.5298 0.2727 0.5789 0.6509 0.6536 0.7790 0.5435 0.6126 0.3916 0.4255 0.4425 0.6004 0.5894 0.7717 0.5842 0.7413
0.5592 0.2882 0.5671 0.3832 0.2388 0.6068 0.4099 0.5631 0.2535 0.6578 0.4055 1.0000 0.4329 0.5568 0.3584 0.5721 0.5075 0.5512 0.4569 0.4413 0.5037 0.2838 0.2617 0.5933 0.4904 0.3859 0.4275 0.4260 0.4741 0.4538 0.5353 0.3987 0.1961 0.2525 0.5989 0.6225 0.6313 0.6032 0.4787 0.4520 0.5132 0.5028 0.3753 0.5143 0.5004 0.4083 0.3390 0.4070 0.4739 0.2859 0.2892 0.2369 0.4468 0.2701 0.5225 0.2986 0.3754 0.3277 0.4802 0.5189 0.4415 0.1275 0.4459 0.3654 0.2521 0.2781 0.2858 0.6488 0.4129 0.5277 0.5257 0.3881 0.5465 0.3700
0.2974 0.2424 0.1147 0.0443 0.2934 0.2742 0.1640 0.1583 0.1299 0.3948 0.4109 0.4329 1.0000 0.2419 0.3086 0.2793 0.1322 0.1916 0.1680 0.0524 0.1588 -0.1310 -0.1573 0.3104 0.1325 0.1423 0.1325 0.2111 0.2411 0.2451 0.2433 0.3870 0.0610 0.2656 0.1704 0.2084 0.2719 0.2721 0.1820 0.1659 0.3515 0.3376 0.2521 0.1639 0.2129 0.1425 0.2128 0.3373 0.2706 0.1975 0.2630 0.2071 0.3318 0.0942 0.3142 0.1039 0.1598 0.0221 0.1787 0.1836 0.1127 0.0664 0.2990 0.2429 0.3253 0.1626 0.2517 0.1769 0.2299 0.1134 0.1587 0.0663 0.2601 0.0299
0.5571 0.2131 0.5762 0.3424 0.2355 0.4775 0.3336 0.8035 0.2552 0.4853 0.2577 0.5568 0.2419 1.0000 0.4337 0.4020 0.3038 0.5256 0.4456 0.5301 0.5115 0.5188 0.4347 0.4969 0.3693 0.6049 0.4983 0.4912 0.4491 0.4587 0.4787 0.5470 0.1808 0.4357 0.5364 0.4865 0.4402 0.4777 0.5472 0.5094 0.3600 0.4232 0.4423 0.3443 0.6020 0.4010 0.3662 0.3477 0.4780 0.1746 0.1476 0.0861 0.3419 0.1091 0.5637 0.2382 0.3918 0.2446 0.3461 0.4245 0.5167 0.2870 0.5751 0.3898 0.4851 0.4308 0.5453 0.4996 0.3394 0.2373 0.5629 0.3445 0.7434 0.3881
0.4704 0.2762 0.3649 0.2538 0.2675 0.3014 0.2823 0.3159 0.6216 0.1402 0.2347 0.3584 0.3086 0.4337 1.0000 0.1746 0.2294 0.5564 0.4978 0.3518 0.2245 0.4816 0.3732 0.2853 0.3553 0.2281 0.2101 0.2848 0.3369 0.1031 0.2560 0.3032 0.5307 0.4990 0.3105 0.3349 0.3112 0.5303 0.3533 0.4448 0.3008 0.1726 0.2870 0.2397 0.3613 0.3887 0.1193 0.4712 0.5815 0.2571 0.2255 0.1340 0.1625 0.0770 0.2104 0.2417 0.1332 0.1847 0.4125 0.4282 0.0631 0.0777 0.1684 0.2794 0.0370 0.3909 0.3708 0.4593 0.0716 0.1434 0.1996 0.1831 0.2509 0.2542
0.4565 0.5290 0.2719 0.3446 0.4502 0.3371 0.2976 0.4525 0.2879 0.6930 0.6312 0.5721 0.2793 0.4020 0.1746 1.0000 0.7522 0.3013 0.2206 0.3989 0.4585 0.0162 0.4255 0.8657 0.7198 0.6529 0.7203 0.7264 0.6831 0.4235 0.4326 0.1828 -0.0466 0.0696 0.6346 0.6743 0.6661 0.4323 0.5313 0.3553 0.5003 0.6224 0.5252 0.6174 0.5157 0.1746 0.3415 0.1482 0.4914 0.5074 0.1820 0.1619 0.5403 0.4791 0.7061 0.5584 0.4769 0.2722 0.5114 0.3575 0.6988 0.5312 0.7609 0.6562 0.5509 0.4383 0.3460 0.5952 0.7519 0.7355 0.7781 0.6831 0.6996 0.6404
0.3721 0.6606 0.2845 0.4813 0.5072 0.3343 0.3834 0.3737 0.4461 0.5435 0.7426 0.5075 0.1322 0.3038 0.2294 0.7522 1.0000 0.2758 0.1867 0.4703 0.4699 0.0806 0.4575 0.7583 0.8634 0.5793 0.6915 0.6388 0.6377 0.3283 0.3742 0.1343 -0.0558 -0.0002 0.5568 0.6028 0.6081 0.3839 0.4400 0.2953 0.4332 0.4989 0.4280 0.6528 0.4006 0.1399 0.2171 0.0233 0.4564 0.6907 0.1809 0.1589 0.4293 0.5649 0.5545 0.7328 0.4510 0.3407 0.5059 0.3399 0.6207 0.5152 0.6320 0.7222 0.3906 0.5957 0.2486 0.5930 0.6156 0.8502 0.7028 0.8459 0.5773 0.7868
0.7746 0.4451 0.7349 0.5363 0.1374 0.6875 0.5740 0.4248 0.3401 0.3994 0.2767 0.5512 0.1916 0.5256 0.5564 0.3013 0.2758 1.0000 0.8884 0.5491 0.5019 0.5292 0.3763 0.3296 0.3251 0.4401 0.3648 0.4716 0.5663 0.4384 0.4905 0.4171 0.4458 0.3480 0.5210 0.5085 0.5551 0.6944 0.5863 0.6520 0.5023 0.4587 0.4652 0.4094 0.6023 0.6260 0.3879 0.5715 0.5739 0.3961 0.3940 0.3875 0.4136 0.2905 0.4299 0.3278 0.3577 0.4381 0.6142 0.6915 0.3165 0.2333 0.2861 0.3331 0.1664 0.3410 0.5058 0.5751 0.2072 0.2063 0.3547 0.2919 0.4627 0.3702
0.7295 0.4358 0.6444 0.5267 0.0586 0.6086 0.5415 0.3292 0.2376 0.2622 0.1931 0.4569 0.1680 0.4456 0.4978 0.2206 0.1867 0.8884 1.0000 0.4567 0.4567 0.4772 0.2403 0.2203 0.2470 0.3600 0.2419 0.3725 0.4721 0.3423 0.4211 0.4178 0.4641 0.2982 0.3840 0.4016 0.4534 0.6395 0.4694 0.5623 0.4287 0.3660 0.3181 0.3170 0.4880 0.5804 0.3017 0.5402 0.5645 0.3944 0.4220 0.4384 0.3144 0.2340 0.3355 0.2497 0.1854 0.3567 0.5490 0.6622 0.2156 0.1250 0.1996 0.2624 0.1022 0.2961 0.4514 0.5120 0.1170 0.1172 0.2540 0.1935 0.3429 0.2576
0.6182 0.4009 0.8186 0.8064 0.4660 0.6158 0.6250 0.5576 0.4692 0.3924 0.3615 0.4413 0.0524 0.5301 0.3518 0.3989 0.4703 0.5491 0.4567 1.0000 0.8806 0.5335 0.6360 0.3982 0.4292 0.6134 0.6178 0.5519 0.5556 0.4751 0.5361 0.3097 0.1033 0.0526 0.4600 0.4662 0.4729 0.4526 0.4359 0.4220 0.3779 0.3501 0.4790 0.3870 0.4291 0.3337 0.1142 0.1311 0.5471 0.3162 0.2542 0.1480 0.4207 0.3019 0.4092 0.4474 0.6261 0.5095 0.5620 0.4803 0.5639 0.4708 0.4853 0.5103 0.3108 0.5180 0.4183 0.4689 0.3356 0.4183 0.5165 0.5359 0.6508 0.5378
0.5597 0.3609 0.7635 0.7596 0.4001 0.5720 0.5768 0.5265 0.2682 0.4850 0.3633 0.5037 0.1588 0.5115 0.2245 0.4585 0.4699 0.5019 0.4567 0.8806 1.0000 0.4344 0.5390 0.4288 0.4018 0.5820 0.6409 0.4881 0.5021 0.6085 0.6431 0.3257 0.0376 0.0486 0.5025 0.5108 0.5331 0.4433 0.4219 0.3710 0.3779 0.4154 0.4110 0.4243 0.4021 0.3163 0.2043 0.1583 0.4014 0.2851 0.2460 0.2017 0.4333 0.2961 0.4719 0.3756 0.6087 0.4884 0.5006 0.4772 0.5828 0.4007 0.5061 0.4614 0.3797 0.3875 0.3530 0.4846 0.4032 0.4798 0.5504 0.5424 0.6559 0.5162
0.3894 -0.0234 0.5988 0.3297 0.0851 0.3766 0.2977 0.5040 0.2840 0.0326 -0.1045 0.2838 -0.1310 0.5188 0.4816 0.0162 0.0806 0.5292 0.4772 0.5335 0.4344 1.0000 0.5935 0.1200 0.1798 0.2411 0.2081 0.1590 0.1960 0.3902 0.5142 0.3465 0.4149 0.3069 0.4191 0.3814 0.3084 0.4577 0.4003 0.4936 0.1632 0.0775 0.1901 0.1646 0.3636 0.4435 0.1942 0.4154 0.3693 -0.0276 0.0723 0.0579 0.0145 -0.0472 0.0703 0.0346 0.2317 0.3210 0.3449 0.4745 0.2388 0.0532 0.1441 0.0872 0.0239 0.1944 0.2448 0.5073 0.0078 0.1104 0.2988 0.1654 0.3281 0.2403
0.3803 0.3203 0.4788 0.4811 0.5329 0.2980 0.3635 0.4849 0.5726 0.2827 0.3130 0.2617 -0.1573 0.4347 0.3732 0.4255 0.4575 0.3763 0.2403 0.6360 0.5390 0.5935 1.0000 0.4632 0.4969 0.5965 0.6854 0.5679 0.5300 0.4219 0.4893 0.1068 0.1253 0.0363 0.5386 0.5545 0.4946 0.3482 0.4858 0.4450 0.3135 0.3288 0.4747 0.4535 0.3935 0.2430 0.1987 0.1121 0.3811 0.2760 0.0817 -0.0454 0.3269 0.3314 0.3365 0.4615 0.5689 0.4414 0.5166 0.3487 0.6116 0.5537 0.4924 0.4783 0.2816 0.3761 0.2786 0.5161 0.3132 0.5008 0.5913 0.6222 0.5684 0.6327
0.4265 0.5306 0.2756 0.3467 0.5078 0.3896 0.3294 0.5385 0.3959 0.6836 0.6854 0.5933 0.3104 0.4969 0.2853 0.8657 0.7583 0.3296 0.2203 0.3982 0.4288 0.1200 0.4632 1.0000 0.8232 0.6670 0.7474 0.7247 0.6872 0.3940 0.4192 0.2612 0.0429 0.1829 0.6437 0.6849 0.6615 0.3996 0.5644 0.3965 0.5019 0.5970 0.5267 0.6329 0.5643 0.2060 0.3937 0.1955 0.4799 0.5231 0.2303 0.1942 0.5295 0.4544 0.7109 0.5710 0.4454 0.2317 0.5087 0.3306 0.7399 0.5365 0.8160 0.6905 0.5654 0.5197 0.3498 0.6674 0.6718 0.7716 0.8318 0.7213 0.7321 0.6803
0.4044 0.6503 0.2637 0.4325 0.5060 0.3610 0.3806 0.4131 0.4991 0.5380 0.7301 0.4904 0.1325 0.3693 0.3553 0.7198 0.8634 0.3251 0.2470 0.4292 0.4018 0.1798 0.4969 0.8232 1.0000 0.5990 0.7003 0.6700 0.6663 0.2758 0.3286 0.1866 0.0733 0.1217 0.5667 0.6076 0.5925 0.3655 0.5050 0.3698 0.4650 0.5057 0.4620 0.6247 0.4671 0.1957 0.2735 0.1158 0.4871 0.6706 0.2491 0.2165 0.4576 0.5536 0.5829 0.7140 0.4152 0.2988 0.5223 0.3298 0.6325 0.5395 0.6848 0.7761 0.4397 0.6416 0.3099 0.6599 0.5808 0.8008 0.7551 0.8267 0.6149 0.7823
0.5445 0.5314 0.4874 0.5625 0.4778 0.5167 0.4998 0.5669 0.3921 0.5764 0.5510 0.3859 0.1423 0.6049 0.2281 0.6529 0.5793 0.4401 0.3600 0.6134 0.5820 0.2411 0.5965 0.6670 0.5990 1.0000 0.8898 0.7782 0.7431 0.4446 0.4066 0.2513 -0.0904 0.0408 0.5530 0.5399 0.5824 0.4180 0.5567 0.3938 0.4543 0.6244 0.5924 0.5225 0.5483 0.2836 0.3393 0.1006 0.4875 0.4748 0.2690 0.1794 0.5651 0.4652 0.6625 0.5820 0.5563 0.3575 0.5743 0.4386 0.7547 0.7196 0.7431 0.6920 0.6005 0.5609 0.5361 0.4675 0.5877 0.5061 0.6736 0.6435 0.7496 0.6465
0.4749 0.5594 0.4358 0.5630 0.5442 0.4556 0.5002 0.5386 0.4221 0.6281 0.6406 0.4275 0.1325 0.4983 0.2101 0.7203 0.6915 0.3648 0.2419 0.6178 0.6409 0.2081 0.6854 0.7474 0.7003 0.8898 1.0000 0.7909 0.7632 0.5004 0.4987 0.1788 -0.0987 0.0013 0.6125 0.6379 0.6324 0.3836 0.5501 0.3811 0.4559 0.6286 0.5643 0.6170 0.5219 0.2520 0.3261 0.0707 0.4139 0.4951 0.2533 0.1530 0.5960 0.5498 0.6567 0.6785 0.6321 0.4241 0.5819 0.3965 0.8406 0.7667 0.7884 0.7378 0.6131 0.5373 0.4146 0.5629 0.5884 0.6837 0.7636 0.7964 0.7722 0.7671
0.6131 0.7047 0.4083 0.5214 0.5559 0.5251 0.5234 0.4600 0.4794 0.6483 0.7078 0.4260 0.2111 0.4912 0.2848 0.7264 0.6388 0.4716 0.3725 0.5519 0.4881 0.1590 0.5679 0.7247 0.6700 0.7782 0.7909 1.0000 0.9208 0.4423 0.4097 0.2685 0.0375 0.1024 0.5905 0.6104 0.6277 0.4348 0.6258 0.4802 0.5330 0.6816 0.6612 0.6028 0.6268 0.2662 0.4024 0.1963 0.5837 0.6536 0.3508 0.2833 0.6829 0.6780 0.7229 0.7718 0.6211 0.4672 0.6618 0.4718 0.7489 0.7553 0.7750 0.7740 0.6180 0.6038 0.5606 0.5626 0.5348 0.5505 0.7098 0.7466 0.7765 0.7647
0.6720 0.7243 0.4924 0.6001 0.5137 0.6165 0.6385 0.4435 0.5301 0.6259 0.7090 0.4741 0.2411 0.4491 0.3369 0.6831 0.6377 0.5663 0.4721 0.5556 0.5021 0.1960 0.5300 0.6872 0.6663 0.7431 0.7632 0.9208 1.0000 0.4737 0.4811 0.2945 0.1295 0.1240 0.6172 0.6396 0.6782 0.5442 0.6340 0.5314 0.6084 0.7165 0.6928 0.6610 0.6695 0.4031 0.4366 0.2964 0.6127 0.6837 0.4764 0.4077 0.7238 0.7158 0.6818 0.7858 0.6290 0.5612 0.7501 0.6117 0.7059 0.7161 0.7003 0.7535 0.5526 0.5886 0.5778 0.6100 0.5161 0.5490 0.6446 0.7134 0.7375 0.7546
0.4173 0.2479 0.5412 0.3574 0.2916 0.4259 0.3612 0.4782 0.1135 0.5297 0.2682 0.4538 0.2451 0.4587 0.1031 0.4235 0.3283 0.4384 0.3423 0.4751 0.6085 0.3902 0.4219 0.3940 0.2758 0.4446 0.5004 0.4423 0.4737 1.0000 0.8622 0.3884 0.1090 0.2404 0.7145 0.6819 0.7119 0.5476 0.5803 0.5698 0.4907 0.5792 0.4965 0.5194 0.5735 0.4520 0.5286 0.4135 0.2015 0.2192 0.2334 0.2170 0.4434 0.3290 0.4499 0.2569 0.6327 0.5247 0.5428 0.5975 0.5091 0.3183 0.4510 0.2996 0.4243 0.1220 0.3510 0.5704 0.3596 0.3959 0.4899 0.4360 0.6085 0.4452
0.4684 0.2223 0.5992 0.4182 0.2562 0.4420 0.4073 0.5136 0.1750 0.4353 0.2289 0.5353 0.2433 0.4787 0.2560 0.4326 0.3742 0.4905 0.4211 0.5361 0.6431 0.5142 0.4893 0.4192 0.3286 0.4066 0.4987 0.4097 0.4811 0.8622 1.0000 0.4357 0.2646 0.2595 0.7124 0.7216 0.7073 0.6641 0.5751 0.5940 0.4835 0.5166 0.4338 0.5589 0.5525 0.4988 0.3795 0.4603 0.3361 0.1785 0.2095 0.1927 0.3466 0.2673 0.3717 0.2675 0.5622 0.5670 0.5562 0.6676 0.5113 0.2270 0.4414 0.2985 0.3272 0.1612 0.3227 0.6756 0.3230 0.4512 0.5257 0.4437 0.5925 0.4485
0.4249 0.2032 0.4178 0.2484 0.2196 0.4068 0.3084 0.4668 0.1207 0.3163 0.2184 0.3987 0.3870 0.5470 0.3032 0.1828 0.1343 0.4171 0.4178 0.3097 0.3257 0.3465 0.1068 0.2612 0.1866 0.2513 0.1788 0.2685 0.2945 0.3884 0.4357 1.0000 0.3925 0.4783 0.4244 0.3768 0.3624 0.4215 0.5472 0.4859 0.3410 0.3152 0.3055 0.1971 0.5178 0.3813 0.4727 0.5161 0.3739 0.1985 0.2565 0.2925 0.2727 0.1203 0.3233 0.1397 0.2423 0.2357 0.3308 0.4088 0.2921 0.1073 0.3774 0.2543 0.3167 0.3088 0.4079 0.4455 0.1297 0.0902 0.3050 0.1379 0.4356 0.1553
0.3086 0.1005 0.2766 0.1508 -0.0177 0.2250 0.2561 0.0782 0.2501 -0.0928 -0.0114 0.1961 0.0610 0.1808 0.5307 -0.0466 -0.0558 0.4458 0.4641 0.1033 0.0376 0.4149 0.1253 0.0429 0.0733 -0.0904 -0.0987 0.0375 0.1295 0.1090 0.2646 0.3925 1.0000 0.4534 0.2181 0.2475 0.2062 0.3942 0.3335 0.5071 0.2254 0.0350 0.1201 0.1461 0.3234 0.4130 0.2067 0.5985 0.3149 0.0835 0.2856 0.2938 0.0478 0.0367 -0.0369 0.0440 0.0078 0.2515 0.3341 0.3906 -0.0414 -0.1217 -0.0446 0.0069 -0.1229 0.1380 0.2360 0.3978 -0.1740 -0.0585 0.0378 -0.0409 0.0415 0.0324
0.2728 0.0616 0.1872 -0.1006 -0.0096 0.1659 -0.0041 0.3225 0.1396 0.2169 0.0511 0.2525 0.2656 0.4357 0.4990 0.0696 -0.0002 0.3480 0.2982 0.0526 0.0486 0.3069 0.0363 0.1829 0.1217 0.0408 0.0013 0.1024 0.1240 0.2404 0.2595 0.4783 0.4534 1.0000 0.3491 0.3221 0.2318 0.3888 0.2915 0.3386 0.1649 0.2347 0.1405 0.1465 0.4090 0.3076 0.3398 0.4703 0.2632 0.0645 0.1708 0.1786 0.1323 0.0016 0.1975 -0.0389 0.1010 0.0800 0.1500 0.2975 -0.0237 -0.1027 0.1167 0.0453 0.1994 0.1152 0.3210 0.3692 0.1113 0.0552 0.0759 -0.0294 0.1947 0.0299
0.5487 0.3819 0.5049 0.3453 0.3521 0.4662 0.3888 0.5797 0.3561 0.5912 0.4082 0.5989 0.1704 0.5364 0.3105 0.6346 0.5568 0.5210 0.3840 0.4600 0.5025 0.4191 0.5386 0.6437 0.5667 0.5530 0.6125 0.5905 0.6172 0.7145 0.7124 0.4244 0.2181 0.3491 1.0000 0.9025 0.8826 0.7245 0.8397 0.7589 0.6110 0.6828 0.6208 0.7016 0.7785 0.5765 0.6550 0.5604 0.4687 0.3761 0.2543 0.2947 0.4895 0.4540 0.5457 0.4031 0.5719 0.5230 0.7093 0.6819 0.6044 0.3986 0.5851 0.4539 0.4160 0.3285 0.4190 0.7763 0.5378 0.6004 0.6787 0.5509 0.6708 0.5757
0.5267 0.3891 0.4790 0.3503 0.3853 0.4447 0.3997 0.5984 0.3601 0.5857 0.4401 0.6225 0.2084 0.4865 0.3349 0.6743 0.6028 0.5085 0.4016 0.4662 0.5108 0.3814 0.5545 0.6849 0.6076 0.5399 0.6379 0.6104 0.6396 0.6819 0.7216 0.3768 0.2475 0.3221 0.9025 1.0000 0.8430 0.7218 0.7442 0.6874 0.5603 0.7006 0.5285 0.7349 0.7102 0.5189 0.5643 0.5029 0.4612 0.3658 0.2585 0.2779 0.5021 0.4724 0.5177 0.4425 0.5298 0.5140 0.6831 0.6720 0.6461 0.3893 0.6094 0.4609 0.4127 0.3036 0.3687 0.8455 0.5477 0.7200 0.6506 0.5973 0.6451 0.6130
0.5808 0.5069 0.5061 0.4440 0.4372 0.5058 0.4706 0.4733 0.4005 0.5939 0.5027 0.6313 0.2719 0.4402 0.3112 0.6661 0.6081 0.5551 0.4534 0.4729 0.5331 0.3084 0.4946 0.6615 0.5925 0.5824 0.6324 0.6277 0.6782 0.7119 0.7073 0.3624 0.2062 0.2318 0.8826 0.8430 1.0000 0.7554 0.7517 0.7023 0.7530 0.7355 0.6534 0.7418 0.6813 0.5829 0.5483 0.5079 0.4836 0.5040 0.3892 0.3842 0.5517 0.5373 0.5610 0.4969 0.6083 0.5487 0.8033 0.7175 0.5939 0.4302 0.5771 0.5244 0.3935 0.3526 0.4001 0.7276 0.5265 0.6191 0.6622 0.6021 0.6386 0.6100
0.6253 0.3129 0.5976 0.3967 0.1697 0.5140 0.4665 0.4729 0.3428 0.3674 0.2161 0.6032 0.2721 0.4777 0.5303 0.4323 0.3839 0.6944 0.6395 0.4526 0.4433 0.4577 0.3482 0.3996 0.3655 0.4180 0.3836 0.4348 0.5442 0.5476 0.6641 0.4215 0.3942 0.3888 0.7245 0.7218 0.7554 1.0000 0.6203 0.6791 0.6270 0.6147 0.4908 0.5879 0.6240 0.6978 0.3579 0.6414 0.6058 0.2893 0.3206 0.3399 0.3500 0.2854 0.3795 0.3004 0.3731 0.5228 0.7067 0.8569 0.3197 0.1488 0.3200 0.2884 0.1575 0.2684 0.4461 0.6777 0.3702 0.3536 0.3786 0.2829 0.4667 0.3390
0.6010 0.4498 0.4857 0.3724 0.3488 0.5156 0.4664 0.4980 0.3370 0.5302 0.4453 0.4787 0.1820 0.5472 0.3533 0.5313 0.4400 0.5863 0.4694 0.4359 0.4219 0.4003 0.4858 0.5644 0.5050 0.5567 0.5501 0.6258 0.6340 0.5803 0.5751 0.5472 0.3335 0.2915 0.8397 0.7442 0.7517 0.6203 1.0000 0.8579 0.6285 0.6174 0.6706 0.5927 0.8132 0.5529 0.7123 0.6305 0.5095 0.4231 0.3288 0.3657 0.5433 0.4818 0.5508 0.4513 0.5459 0.5021 0.6942 0.6085 0.5951 0.4989 0.6092 0.5135 0.4567 0.4095 0.5371 0.6755 0.3984 0.3761 0.6720 0.5172 0.6729 0.5701
0.6184 0.4023 0.5350 0.3783 0.2691 0.5005 0.4966 0.4355 0.3732 0.3711 0.3171 0.4520 0.1659 0.5094 0.4448 0.3553 0.2953 0.6520 0.5623 0.4220 0.3710 0.4936 0.4450 0.3965 0.3698 0.3938 0.3811 0.4802 0.5314 0.5698 0.5940 0.4859 0.5071 0.3386 0.7589 0.6874 0.7023 0.6791 0.8579 1.0000 0.6589 0.5180 0.6280 0.5718 0.7599 0.7205 0.6066 0.7350 0.5095 0.3649 0.4128 0.4120 0.4470 0.3937 0.3930 0.3511 0.4527 0.5176 0.7003 0.6777 0.4236 0.3422 0.4008 0.3585 0.2777 0.3139 0.5009 0.6285 0.1949 0.2376 0.5029 0.3774 0.5403 0.4517
0.5847 0.5783 0.4621 0.4679 0.4315 0.5267 0.5630 0.3457 0.4295 0.4758 0.5339 0.5132 0.3515 0.3600 0.3008 0.5003 0.4332 0.5023 0.4287 0.3779 0.3779 0.1632 0.3135 0.5019 0.4650 0.4543 0.4559 0.5330 0.6084 0.4907 0.4835 0.3410 0.2254 0.1649 0.6110 0.5603 0.7530 0.6270 0.6285 0.6589 1.0000 0.6574 0.7695 0.6737 0.6135 0.5822 0.4275 0.4678 0.5058 0.5495 0.5930 0.5032 0.6215 0.5443 0.5288 0.5169 0.5434 0.5687 0.7437 0.5976 0.4551 0.4279 0.4965 0.5049 0.3658 0.3530 0.4494 0.4844 0.3650 0.3428 0.5187 0.4701 0.5777 0.5017
0.5335 0.5399 0.4002 0.3688 0.3431 0.4917 0.4634 0.4321 0.2558 0.6493 0.5740 0.5028 0.3376 0.4232 0.1726 0.6224 0.4989 0.4587 0.3660 0.3501 0.4154 0.0775 0.3288 0.5970 0.5057 0.6244 0.6286 0.6816 0.7165 0.5792 0.5166 0.3152 0.0350 0.2347 0.6828 0.7006 0.7355 0.6147 0.6174 0.5180 0.6574 1.0000 0.6320 0.7375 0.6431 0.4121 0.5489 0.3708 0.3982 0.5017 0.4452 0.4428 0.6810 0.6502 0.6352 0.5896 0.5743 0.5678 0.6655 0.6010 0.5889 0.5380 0.6041 0.5475 0.5420 0.3156 0.4850 0.5460 0.5446 0.5276 0.5188 0.5806 0.6263 0.6131
0.5944 0.5656 0.4972 0.4982 0.5174 0.5103 0.5579 0.4203 0.5177 0.4923 0.5617 0.3753 0.2521 0.4423 0.2870 0.5252 0.4280 0.4652 0.3181 0.4790 0.4110 0.1901 0.4747 0.5267 0.4620 0.5924 0.5643 0.6612 0.6928 0.4965 0.4338 0.3055 0.1201 0.1405 0.6208 0.5285 0.6534 0.4908 0.6706 0.6280 0.7695 0.6320 1.0000 0.6132 0.7126 0.4416 0.4791 0.2993 0.5241 0.5305 0.4537 0.3404 0.6672 0.5460 0.6177 0.5624 0.7004 0.5611 0.7003 0.5298 0.5580 0.6213 0.6053 0.6219 0.4969 0.4833 0.5617 0.4147 0.4279 0.3271 0.5790 0.5244 0.7145 0.5760
0.4383 0.5562 0.3878 0.4263 0.3908 0.3848 0.4672 0.3840 0.3765 0.5171 0.5741 0.5143 0.1639 0.3443 0.2397 0.6174 0.6528 0.4094 0.3170 0.3870 0.4243 0.1646 0.4535 0.6329 0.6247 0.5225 0.6170 0.6028 0.6610 0.5194 0.5589 0.1971 0.1461 0.1465 0.7016 0.7349 0.7418 0.5879 0.5927 0.5718 0.6737 0.7375 0.6132 1.0000 0.5705 0.4327 0.3798 0.3094 0.3926 0.5303 0.3900 0.3627 0.5203 0.6000 0.4935 0.6357 0.5014 0.5939 0.6801 0.5624 0.5811 0.4585 0.5710 0.5533 0.3994 0.3801 0.3078 0.6525 0.4538 0.6542 0.5856 0.6877 0.5636 0.7266
0.6527 0.4501 0.5131 0.3909 0.3013 0.5864 0.5272 0.5865 0.3440 0.5749 0.4492 0.5004 0.2129 0.6020 0.3613 0.5157 0.4006 0.6023 0.4880 0.4291 0.4021 0.3636 0.3935 0.5643 0.4671 0.5483 0.5219 0.6268 0.6695 0.5735 0.5525 0.5178 0.3234 0.4090 0.7785 0.7102 0.6813 0.6240 0.8132 0.7599 0.6135 0.6431 0.7126 0.5705 1.0000 0.6083 0.7177 0.5916 0.5638 0.4082 0.4433 0.4400 0.6086 0.4868 0.6234 0.4363 0.5350 0.5193 0.6895 0.6757 0.5910 0.4755 0.5852 0.4975 0.4872 0.4236 0.5740 0.6701 0.4086 0.3658 0.5760 0.4459 0.7194 0.5184
0.5479 0.2479 0.5202 0.3660 0.0637 0.4974 0.5355 0.3743 0.2596 0.2558 0.1228 0.4083 0.1425 0.4010 0.3887 0.1746 0.1399 0.6260 0.5804 0.3337 0.3163 0.4435 0.2430 0.2060 0.1957 0.2836 0.2520 0.2662 0.4031 0.4520 0.4988 0.3813 0.4130 0.3076 0.5765 0.5189 0.5829 0.6978 0.5529 0.7205 0.5822 0.4121 0.4416 0.4327 0.6083 1.0000 0.4411 0.7218 0.3906 0.2318 0.4843 0.4908 0.3272 0.2657 0.2616 0.1835 0.2623 0.5027 0.6642 0.7514 0.2461 0.1564 0.1656 0.1442 0.1193 0.1574 0.4087 0.4959 0.1175 0.0982 0.2375 0.1379 0.3628 0.2418
0.3891 0.3031 0.2351 0.1218 0.2097 0.4171 0.2953 0.3398 0.1313 0.5513 0.3872 0.3390 0.2128 0.3662 0.1193 0.3415 0.2171 0.3879 0.3017 0.1142 0.2043 0.1942 0.1987 0.3937 0.2735 0.3393 0.3261 0.4024 0.4366 0.5286 0.3795 0.4727 0.2067 0.3398 0.6550 0.5643 0.5483 0.3579 0.7123 0.6066 0.4275 0.5489 0.4791 0.3798 0.7177 0.4411 1.0000 0.6029 0.1893 0.3468 0.3867 0.4786 0.5515 0.4471 0.5250 0.2539 0.3982 0.3473 0.4788 0.4666 0.4239 0.3681 0.4018 0.2844 0.4302 0.1331 0.3844 0.4817 0.2708 0.2163 0.3890 0.2714 0.4607 0.3371
0.4703 0.1562 0.3450 0.1093 0.0434 0.3728 0.3041 0.2774 0.1730 0.2601 0.0877 0.4070 0.3373 0.3477 0.4712 0.1482 0.0233 0.5715 0.5402 0.1311 0.1583 0.4154 0.1121 0.1955 0.1158 0.1006 0.0707 0.1963 0.2964 0.4135 0.4603 0.5161 0.5985 0.4703 0.5604 0.5029 0.5079 0.6414 0.6305 0.7350 0.4678 0.3708 0.2993 0.3094 0.5916 0.7218 0.6029 1.0000 0.3768 0.1469 0.3711 0.4633 0.2645 0.1544 0.2239 0.0572 0.1368 0.3268 0.5108 0.6093 0.1360 0.0366 0.1404 0.0590 0.1087 0.0732 0.3745 0.5211 0.0597 0.0067 0.1989 0.0112 0.2503 0.1073
0.8071 0.5459 0.5397 0.5085 0.3372 0.5745 0.4982 0.4375 0.4971 0.3234 0.4371 0.4739 0.2706 0.4780 0.5815 0.4914 0.4564 0.5739 0.5645 0.5471 0.4014 0.3693 0.3811 0.4799 0.4871 0.4875 0.4139 0.5837 0.6127 0.2015 0.3361 0.3739 0.3149 0.2632 0.4687 0.4612 0.4836 0.6058 0.5095 0.5095 0.5058 0.3982 0.5241 0.3926 0.5638 0.3906 0.1893 0.3768 1.0000 0.4824 0.4405 0.3485 0.4681 0.3451 0.4903 0.4373 0.3549 0.3442 0.6331 0.5697 0.3771 0.3427 0.4356 0.4955 0.2059 0.5424 0.5026 0.5169 0.3348 0.3154 0.4778 0.3732 0.5343 0.4012
0.5189 0.9143 0.2374 0.4998 0.5065 0.4258 0.4946 0.1234 0.4977 0.4542 0.8140 0.2859 0.1975 0.1746 0.2571 0.5074 0.6907 0.3961 0.3944 0.3162 0.2851 -0.0276 0.2760 0.5231 0.6706 0.4748 0.4951 0.6536 0.6837 0.2192 0.1785 0.1985 0.0835 0.0645 0.3761 0.3658 0.5040 0.2893 0.4231 0.3649 0.5495 0.5017 0.5305 0.5303 0.4082 0.2318 0.3468 0.1469 0.4824 1.0000 0.5138 0.5112 0.5859 0.7533 0.5559 0.7971 0.3916 0.3656 0.5760 0.3553 0.4201 0.5581 0.4707 0.6983 0.3699 0.5796 0.3852 0.3856 0.3340 0.4710 0.4675 0.6815 0.4382 0.6819
0.5609 0.5406 0.3828 0.4688 0.2096 0.5666 0.6006 0.1365 0.3054 0.2999 0.4611 0.2892 0.2630 0.1476 0.2255 0.1820 0.1809 0.3940 0.4220 0.2542 0.2460 0.0723 0.0817 0.2303 0.2491 0.2690 0.2533 0.3508 0.4764 0.2334 0.2095 0.2565 0.2856 0.1708 0.2543 0.2585 0.3892 0.3206 0.3288 0.4128 0.5930 0.4452 0.4537 0.3900 0.4433 0.4843 0.3867 0.3711 0.4405 0.5138 1.0000 0.7480 0.7036 0.5338 0.3766 0.4205 0.3620 0.4726 0.6303 0.4787 0.2805 0.3706 0.2044 0.3422 0.2184 0.2172 0.3346 0.2768 0.0523 0.1004 0.1707 0.2677 0.3111 0.3315
0.4943 0.4818 0.2856 0.3604 0.1448 0.5399 0.5416 0.0621 0.1570 0.2786 0.3912 0.2369 0.2071 0.0861 0.1340 0.1619 0.1589 0.3875 0.4384 0.1480 0.2017 0.0579 -0.0454 0.1942 0.2165 0.1794 0.1530 0.2833 0.4077 0.2170 0.1927 0.2925 0.2938 0.1786 0.2947 0.2779 0.3842 0.3399 0.3657 0.4120 0.5032 0.4428 0.3404 0.3627 0.4400 0.4908 0.4786 0.4633 0.3485 0.5112 0.7480 1.0000 0.5292 0.5501 0.3187 0.3237 0.1985 0.4585 0.5598 0.5225 0.2268 0.2628 0.1841 0.2644 0.1940 0.1827 0.2611 0.3092 0.0585 0.0879 0.1640 0.1935 0.2099 0.2639
0.6359 0.6493 0.4193 0.5007 0.4486 0.6196 0.6045 0.3471 0.3458 0.6767 0.6939 0.4468 0.3318 0.3419 0.1625 0.5403 0.4293 0.4136 0.3144 0.4207 0.4333 0.0145 0.3269 0.5295 0.4576 0.5651 0.5960 0.6829 0.7238 0.4434 0.3466 0.2727 0.0478 0.1323 0.4895 0.5021 0.5517 0.3500 0.5433 0.4470 0.6215 0.6810 0.6672 0.5203 0.6086 0.3272 0.5515 0.2645 0.4681 0.5859 0.7036 0.5292 1.0000 0.7092 0.7263 0.6349 0.7280 0.5415 0.6379 0.4659 0.6019 0.6621 0.5840 0.6142 0.5630 0.3815 0.5003 0.4008 0.4161 0.3782 0.5039 0.5570 0.6667 0.5846
0.4524 0.7369 0.2250 0.4602 0.4490 0.4432 0.5681 0.1713 0.4159 0.5046 0.7316 0.2701 0.0942 0.1091 0.0770 0.4791 0.5649 0.2905 0.2340 0.3019 0.2961 -0.0472 0.3314 0.4544 0.5536 0.4652 0.5498 0.6780 0.7158 0.3290 0.2673 0.1203 0.0367 0.0016 0.4540 0.4724 0.5373 0.2854 0.4818 0.3937 0.5443 0.6502 0.5460 0.6000 0.4868 0.2657 0.4471 0.1544 0.3451 0.7533 0.5338 0.5501 0.7092 1.0000 0.4986 0.8237 0.5684 0.6459 0.6317 0.4403 0.5179 0.6426 0.4655 0.6163 0.3952 0.4210 0.3483 0.3938 0.3387 0.4808 0.4223 0.6831 0.4588 0.7071
0.5691 0.5634 0.3666 0.3652 0.3928 0.5057 0.3791 0.4774 0.2515 0.7695 0.6627 0.5225 0.3142 0.5637 0.2104 0.7061 0.5545 0.4299 0.3355 0.4092 0.4719 0.0703 0.3365 0.7109 0.5829 0.6625 0.6567 0.7229 0.6818 0.4499 0.3717 0.3233 -0.0369 0.1975 0.5457 0.5177 0.5610 0.3795 0.5508 0.3930 0.5288 0.6352 0.6177 0.4935 0.6234 0.2616 0.5250 0.2239 0.4903 0.5559 0.3766 0.3187 0.7263 0.4986 1.0000 0.5560 0.5645 0.2987 0.4739 0.3839 0.6246 0.5859 0.6948 0.6336 0.6401 0.4687 0.5280 0.4615 0.5795 0.4564 0.6922 0.5799 0.7772 0.5919
0.4487 0.8008 0.2742 0.5577 0.5145 0.4074 0.5701 0.2466 0.5292 0.4830 0.8173 0.2986 0.1039 0.2382 0.2417 0.5584 0.7328 0.3278 0.2497 0.4474 0.3756 0.0346 0.4615 0.5710 0.7140 0.5820 0.6785 0.7718 0.7858 0.2569 0.2675 0.1397 0.0440 -0.0389 0.4031 0.4425 0.4969 0.3004 0.4513 0.3511 0.5169 0.5896 0.5624 0.6357 0.4363 0.1835 0.2539 0.0572 0.4373 0.7971 0.4205 0.3237 0.6349 0.8237 0.5560 1.0000 0.5516 0.5561 0.5986 0.3665 0.6064 0.7103 0.6016 0.7762 0.4577 0.6153 0.4158 0.4452 0.3792 0.5661 0.5466 0.8444 0.5711 0.8470
0.5149 0.4649 0.5500 0.5705 0.5176 0.5045 0.5090 0.4062 0.3836 0.5458 0.5147 0.3754 0.1598 0.3918 0.1332 0.4769 0.4510 0.3577 0.1854 0.6261 0.6087 0.2317 0.5689 0.4454 0.4152 0.5563 0.6321 0.6211 0.6290 0.6327 0.5622 0.2423 0.0078 0.1010 0.5719 0.5298 0.6083 0.3731 0.5459 0.4527 0.5434 0.5743 0.7004 0.5014 0.5350 0.2623 0.3982 0.1368 0.3549 0.3916 0.3620 0.1985 0.7280 0.5684 0.5645 0.5516 1.0000 0.6784 0.5900 0.4424 0.6062 0.6292 0.5496 0.5745 0.4864 0.4040 0.4270 0.3864 0.4306 0.4206 0.5643 0.6016 0.7164 0.6032
0.5005 0.4177 0.5547 0.6093 0.2778 0.5076 0.6781 0.3068 0.3517 0.3169 0.3620 0.3277 0.0221 0.2446 0.1847 0.2722 0.3407 0.4381 0.3567 0.5095 0.4884 0.3210 0.4414 0.2317 0.2988 0.3575 0.4241 0.4672 0.5612 0.5247 0.5670 0.2357 0.2515 0.0800 0.5230 0.5140 0.5487 0.5228 0.5021 0.5176 0.5687 0.5678 0.5611 0.5939 0.5193 0.5027 0.3473 0.3268 0.3442 0.3656 0.4726 0.4585 0.5415 0.6459 0.2987 0.5561 0.6784 1.0000 0.6800 0.6546 0.4481 0.4369 0.3105 0.3867 0.2355 0.2914 0.3707 0.4506 0.2164 0.2992 0.3331 0.4675 0.4805 0.5285
0.6874 0.6211 0.5925 0.6311 0.4332 0.6208 0.6861 0.3815 0.5446 0.4302 0.5298 0.4802 0.1787 0.3461 0.4125 0.5114 0.5059 0.6142 0.5490 0.5620 0.5006 0.3449 0.5166 0.5087 0.5223 0.5743 0.5819 0.6618 0.7501 0.5428 0.5562 0.3308 0.3341 0.1500 0.7093 0.6831 0.8033 0.7067 0.6942 0.7003 0.7437 0.6655 0.7003 0.6801 0.6895 0.6642 0.4788 0.5108 0.6331 0.5760 0.6303 0.5598 0.6379 0.6317 0.4739 0.5986 0.5900 0.6800 1.0000 0.8174 0.5287 0.5331 0.4695 0.5406 0.2833 0.4527 0.4830 0.6471 0.3639 0.4386 0.5062 0.5464 0.5752 0.6097
0.6664 0.3746 0.6462 0.5171 0.1692 0.6465 0.6461 0.4427 0.3243 0.3564 0.2727 0.5189 0.1836 0.4245 0.4282 0.3575 0.3399 0.6915 0.6622 0.4803 0.4772 0.4745 0.3487 0.3306 0.3298 0.4386 0.3965 0.4718 0.6117 0.5975 0.6676 0.4088 0.3906 0.2975 0.6819 0.6720 0.7175 0.8569 0.6085 0.6777 0.5976 0.6010 0.5298 0.5624 0.6757 0.7514 0.4666 0.6093 0.5697 0.3553 0.4787 0.5225 0.4659 0.4403 0.3839 0.3665 0.4424 0.6546 0.8174 1.0000 0.3612 0.2503 0.2901 0.3185 0.1742 0.2748 0.4705 0.6454 0.2935 0.3007 0.3295 0.3070 0.4786 0.3970
0.4662 0.4773 0.4367 0.5277 0.5027 0.4862 0.5168 0.6117 0.3078 0.6210 0.5789 0.4415 0.1127 0.5167 0.0631 0.6988 0.6207 0.3165 0.2156 0.5639 0.5828 0.2388 0.6116 0.7399 0.6325 0.7547 0.8406 0.7489 0.7059 0.5091 0.5113 0.2921 -0.0414 -0.0237 0.6044 0.6461 0.5939 0.3197 0.5951 0.4236 0.4551 0.5889 0.5580 0.5811 0.5910 0.2461 0.4239 0.1360 0.3771 0.4201 0.2805 0.2268 0.6019 0.5179 0.6246 0.6064 0.6062 0.4481 0.5287 0.3612 1.0000 0.7794 0.8643 0.7014 0.6809 0.4788 0.3853 0.6129 0.5249 0.6393 0.8157 0.7567 0.8255 0.7302
0.4077 0.6115 0.2793 0.4967 0.5427 0.3785 0.4984 0.3067 0.4282 0.4962 0.6509 0.1275 0.0664 0.2870 0.0777 0.5312 0.5152 0.2333 0.1250 0.4708 0.4007 0.0532 0.5537 0.5365 0.5395 0.7196 0.7667 0.7553 0.7161 0.3183 0.2270 0.1073 -0.1217 -0.1027 0.3986 0.3893 0.4302 0.1488 0.4989 0.3422 0.4279 0.5380 0.6213 0.4585 0.4755 0.1564 0.3681 0.0366 0.3427 0.5581 0.3706 0.2628 0.6621 0.6426 0.5859 0.7103 0.6292 0.4369 0.5331 0.2503 0.7794 1.0000 0.7017 0.7606 0.6336 0.5438 0.4720 0.3243 0.4464 0.4099 0.6103 0.7062 0.6698 0.7165
0.4612 0.5422 0.3322 0.4210 0.5508 0.4076 0.4123 0.5957 0.3176 0.6665 0.6536 0.4459 0.2990 0.5751 0.1684 0.7609 0.6320 0.2861 0.1996 0.4853 0.5061 0.1441 0.4924 0.8160 0.6848 0.7431 0.7884 0.7750 0.7003 0.4510 0.4414 0.3774 -0.0446 0.1167 0.5851 0.6094 0.5771 0.3200 0.6092 0.4008 0.4965 0.6041 0.6053 0.5710 0.5852 0.1656 0.4018 0.1404 0.4356 0.4707 0.2044 0.1841 0.5840 0.4655 0.6948 0.6016 0.5496 0.3105 0.4695 0.2901 0.8643 0.7017 1.0000 0.7859 0.7979 0.5847 0.4495 0.5775 0.6049 0.6171 0.8348 0.7328 0.8406 0.6969
0.4807 0.7384 0.3177 0.5585 0.5997 0.4446 0.5294 0.3364 0.5141 0.5619 0.7790 0.3654 0.2429 0.3898 0.2794 0.6562 0.7222 0.3331 0.2624 0.5103 0.4614 0.0872 0.4783 0.6905 0.7761 0.6920 0.7378 0.7740 0.7535 0.2996 0.2985 0.2543 0.0069 0.0453 0.4539 0.4609 0.5244 0.2884 0.5135 0.3585 0.5049 0.5475 0.6219 0.5533 0.4975 0.1442 0.2844 0.0590 0.4955 0.6983 0.3422 0.2644 0.6142 0.6163 0.6336 0.7762 0.5745 0.3867 0.5406 0.3185 0.7014 0.7606 0.7859 1.0000 0.6368 0.7895 0.4805 0.4944 0.5237 0.5747 0.7174 0.8033 0.7022 0.7876
0.3360 0.4450 0.1862 0.2489 0.4142 0.3107 0.2906 0.4148 0.1435 0.6115 0.5435 0.2521 0.3253 0.4851 0.0370 0.5509 0.3906 0.1664 0.1022 0.3108 0.3797 0.0239 0.2816 0.5654 0.4397 0.6005 0.6131 0.6180 0.5526 0.4243 0.3272 0.3167 -0.1229 0.1994 0.4160 0.4127 0.3935 0.1575 0.4567 0.2777 0.3658 0.5420 0.4969 0.3994 0.4872 0.1193 0.4302 0.1087 0.2059 0.3699 0.2184 0.1940 0.5630 0.3952 0.6401 0.4577 0.4864 0.2355 0.2833 0.1742 0.6809 0.6336 0.7979 0.6368 1.0000 0.4287 0.4536 0.3180 0.4937 0.3671 0.6115 0.5441 0.7056 0.5397
0.4558 0.6093 0.3305 0.5197 0.4600 0.3960 0.4533 0.3253 0.5196 0.3579 0.6126 0.2781 0.1626 0.4308 0.3909 0.4383 0.5957 0.3410 0.2961 0.5180 0.3875 0.1944 0.3761 0.5197 0.6416 0.5609 0.5373 0.6038 0.5886 0.1220 0.1612 0.3088 0.1380 0.1152 0.3285 0.3036 0.3526 0.2684 0.4095 0.3139 0.3530 0.3156 0.4833 0.3801 0.4236 0.1574 0.1331 0.0732 0.5424 0.5796 0.2172 0.1827 0.3815 0.4210 0.4687 0.6153 0.4040 0.2914 0.4527 0.2748 0.4788 0.5438 0.5847 0.7895 0.4287 1.0000 0.4809 0.3989 0.3542 0.3889 0.5551 0.5958 0.5676 0.5996
0.5738 0.4073 0.4446 0.3758 0.2400 0.4612 0.4314 0.3919 0.3350 0.3970 0.3916 0.2858 0.2517 0.5453 0.3708 0.3460 0.2486 0.5058 0.4514 0.4183 0.3530 0.2448 0.2786 0.3498 0.3099 0.5361 0.4146 0.5606 0.5778 0.3510 0.3227 0.4079 0.2360 0.3210 0.4190 0.3687 0.4001 0.4461 0.5371 0.5009 0.4494 0.4850 0.5617 0.3078 0.5740 0.4087 0.3844 0.3745 0.5026 0.3852 0.3346 0.2611 0.5003 0.3483 0.5280 0.4158 0.4270 0.3707 0.4830 0.4705 0.3853 0.4720 0.4495 0.4805 0.4536 0.4809 1.0000 0.3842 0.3297 0.1097 0.3660 0.3205 0.5771 0.3925
0.5279 0.3868 0.4974 0.3887 0.2782 0.4896 0.4388 0.5910 0.3779 0.5079 0.4255 0.6488 0.1769 0.4996 0.4593 0.5952 0.5930 0.5751 0.5120 0.4689 0.4846 0.5073 0.5161 0.6674 0.6599 0.4675 0.5629 0.5626 0.6100 0.5704 0.6756 0.4455 0.3978 0.3692 0.7763 0.8455 0.7276 0.6777 0.6755 0.6285 0.4844 0.5460 0.4147 0.6525 0.6701 0.4959 0.4817 0.5211 0.5169 0.3856 0.2768 0.3092 0.4008 0.3938 0.4615 0.4452 0.3864 0.4506 0.6471 0.6454 0.6129 0.3243 0.5775 0.4944 0.3180 0.3989 0.3842 1.0000 0.4117 0.6698 0.6487 0.5756 0.5962 0.5916
0.3276 0.3582 0.2321 0.2385 0.3478 0.2486 0.1755 0.4028 0.1755 0.5610 0.4425 0.4129 0.2299 0.3394 0.0716 0.7519 0.6156 0.2072 0.1170 0.3356 0.4032 0.0078 0.3132 0.6718 0.5808 0.5877 0.5884 0.5348 0.5161 0.3596 0.3230 0.1297 -0.1740 0.1113 0.5378 0.5477 0.5265 0.3702 0.3984 0.1949 0.3650 0.5446 0.4279 0.4538 0.4086 0.1175 0.2708 0.0597 0.3348 0.3340 0.0523 0.0585 0.4161 0.3387 0.5795 0.3792 0.4306 0.2164 0.3639 0.2935 0.5249 0.4464 0.6049 0.5237 0.4937 0.3542 0.3297 0.4117 1.0000 0.6459 0.6245 0.5098 0.5936 0.4720
0.2748 0.4723 0.2540 0.3742 0.4632 0.2664 0.2876 0.4286 0.3508 0.5428 0.6004 0.5277 0.1134 0.2373 0.1434 0.7355 0.8502 0.2063 0.1172 0.4183 0.4798 0.1104 0.5008 0.7716 0.8008 0.5061 0.6837 0.5505 0.5490 0.3959 0.4512 0.0902 -0.0585 0.0552 0.6004 0.7200 0.6191 0.3536 0.3761 0.2376 0.3428 0.5276 0.3271 0.6542 0.3658 0.0982 0.2163 0.0067 0.3154 0.4710 0.1004 0.0879 0.3782 0.4808 0.4564 0.5661 0.4206 0.2992 0.4386 0.3007 0.6393 0.4099 0.6171 0.5747 0.3671 0.3889 0.1097 0.6698 0.6459 1.0000 0.6619 0.7793 0.5163 0.6954
0.4861 0.5054 0.3898 0.4366 0.4784 0.4203 0.3784 0.5538 0.3169 0.6175 0.5894 0.5257 0.1587 0.5629 0.1996 0.7781 0.7028 0.3547 0.2540 0.5165 0.5504 0.2988 0.5913 0.8318 0.7551 0.6736 0.7636 0.7098 0.6446 0.4899 0.5257 0.3050 0.0378 0.0759 0.6787 0.6506 0.6622 0.3786 0.6720 0.5029 0.5187 0.5188 0.5790 0.5856 0.5760 0.2375 0.3890 0.1989 0.4778 0.4675 0.1707 0.1640 0.5039 0.4223 0.6922 0.5466 0.5643 0.3331 0.5062 0.3295 0.8157 0.6103 0.8348 0.7174 0.6115 0.5551 0.3660 0.6487 0.6245 0.6619 1.0000 0.7677 0.8431 0.7240
0.3982 0.6958 0.3268 0.5352 0.5661 0.3652 0.4601 0.3903 0.4515 0.5566 0.7717 0.3881 0.0663 0.3445 0.1831 0.6831 0.8459 0.2919 0.1935 0.5359 0.5424 0.1654 0.6222 0.7213 0.8267 0.6435 0.7964 0.7466 0.7134 0.4360 0.4437 0.1379 -0.0409 -0.0294 0.5509 0.5973 0.6021 0.2829 0.5172 0.3774 0.4701 0.5806 0.5244 0.6877 0.4459 0.1379 0.2714 0.0112 0.3732 0.6815 0.2677 0.1935 0.5570 0.6831 0.5799 0.8444 0.6016 0.4675 0.5464 0.3070 0.7567 0.7062 0.7328 0.8033 0.5441 0.5958 0.3205 0.5756 0.5098 0.7793 0.7677 1.0000 0.6921 0.9526
0.6333 0.5080 0.5761 0.5469 0.4758 0.5609 0.5179 0.7074 0.3485 0.6814 0.5842 0.5465 0.2601 0.7434 0.2509 0.6996 0.5773 0.4627 0.3429 0.6508 0.6559 0.3281 0.5684 0.7321 0.6149 0.7496 0.7722 0.7765 0.7375 0.6085 0.5925 0.4356 0.0415 0.1947 0.6708 0.6451 0.6386 0.4667 0.6729 0.5403 0.5777 0.6263 0.7145 0.5636 0.7194 0.3628 0.4607 0.2503 0.5343 0.4382 0.3111 0.2099 0.6667 0.4588 0.7772 0.5711 0.7164 0.4805 0.5752 0.4786 0.8255 0.6698 0.8406 0.7022 0.7056 0.5676 0.5771 0.5962 0.5936 0.5163 0.8431 0.6921 1.0000 0.6954
0.4418 0.6831 0.3721 0.5382 0.5370 0.4110 0.5039 0.3980 0.4964 0.5398 0.7413 0.3700 0.0299 0.3881 0.2542 0.6404 0.7868 0.3702 0.2576 0.5378 0.5162 0.2403 0.6327 0.6803 0.7823 0.6465 0.7671 0.7647 0.7546 0.4452 0.4485 0.1553 0.0324 0.0299 0.5757 0.6130 0.6100 0.3390 0.5701 0.4517 0.5017 0.6131 0.5760 0.7266 0.5184 0.2418 0.3371 0.1073 0.4012 0.6819 0.3315 0.2639 0.5846 0.7071 0.5919 0.8470 0.6032 0.5285 0.6097 0.3970 0.7302 0.7165 0.6969 0.7876 0.5397 0.5996 0.3925 0.5916 0.4720 0.6954 0.7240 0.9526 0.6954 1.0000
