1.0000 0.7259 0.7184 0.7687 -0.1724 0.7522 0.6776 -0.2212 -0.2135 0.5701 0.6285 0.6345 0.1653 0.1469 -0.1006 0.8211 0.7500 0.8496 0.9070 0.7386 0.7385 -0.1419 -0.1748 0.7947 0.7187 0.5331 0.5169 0.6916 0.6781 0.3990 0.4566 0.4759 0.5751 0.3702 0.7033 0.7075 0.6958 0.7477 0.7516 0.6907 0.7243 0.6241 0.6739 0.5667 0.6021 0.3977 0.6492 0.6063 0.8775 0.7975 0.7934 0.7284 0.5476 0.5481 0.6720 0.3899 0.5687 0.5656 0.7338 0.7152 0.5141 0.5266 0.6715 0.7482 0.5516 0.5419 0.6260 0.5709 0.6745 0.7343 0.7163 0.6233 0.6752 0.5112
0.7259 1.0000 0.5821 0.5812 0.0201 0.5304 0.5981 -0.0244 0.0044 0.3985 0.6113 0.4719 0.3177 0.1897 0.0890 0.6953 0.5957 0.7471 0.7021 0.5627 0.5143 0.0492 0.0404 0.5998 0.5267 0.3837 0.4147 0.7244 0.7446 0.4041 0.4200 0.4055 0.4446 0.3485 0.5960 0.6318 0.6138 0.6227 0.6341 0.6060 0.5895 0.5289 0.5210 0.4848 0.4684 0.2975 0.5133 0.5184 0.7853 0.8540 0.7084 0.6064 0.6474 0.4972 0.5598 0.3847 0.5184 0.5010 0.6947 0.5462 0.3574 0.3826 0.4921 0.4782 0.3949 0.3879 0.4436 0.4030 0.5715 0.6557 0.6151 0.5944 0.5232 0.4600
0.7184 0.5821 1.0000 0.8429 -0.0302 0.9053 0.7879 -0.0643 -0.1083 0.5578 0.5663 0.7102 0.2450 0.3350 0.0644 0.5805 0.5681 0.6974 0.7118 0.9437 0.8893 0.0335 -0.0182 0.7517 0.6558 0.7060 0.6850 0.7669 0.7243 0.4272 0.4282 0.4871 0.5752 0.4098 0.5893 0.5414 0.6518 0.6206 0.6158 0.5160 0.5584 0.5258 0.6287 0.4744 0.5461 0.4044 0.5628 0.5190 0.5417 0.6328 0.6456 0.4121 0.6296 0.4002 0.6496 0.3846 0.7534 0.4641 0.6983 0.6884 0.6945 0.6876 0.7266 0.7187 0.6752 0.4398 0.6592 0.6170 0.5181 0.6070 0.6100 0.6102 0.7095 0.5711
0.7687 0.5812 0.8429 1.0000 -0.3047 0.8726 0.8756 -0.3373 -0.3702 0.4811 0.5941 0.6020 0.1450 0.0620 -0.2262 0.6325 0.6183 0.7517 0.8010 0.8688 0.8868 -0.2835 -0.3079 0.7703 0.6740 0.5490 0.6035 0.6482 0.6903 0.3418 0.4016 0.3730 0.4783 0.2577 0.5695 0.5501 0.5820 0.6111 0.5916 0.4863 0.5913 0.4942 0.6069 0.4602 0.5272 0.3404 0.5479 0.4707 0.5581 0.6101 0.6809 0.5782 0.5069 0.4754 0.6056 0.4200 0.5760 0.4673 0.6596 0.6473 0.5397 0.6217 0.6934 0.7845 0.5702 0.5212 0.6308 0.5829 0.5045 0.5763 0.5432 0.5078 0.6151 0.4823
-0.1724 0.0201 -0.0302 -0.3047 1.0000 -0.2883 -0.1214 0.8581 0.9299 0.1858 0.1271 0.1334 0.6018 0.6892 0.8980 -0.0449 -0.0995 -0.1987 -0.2866 -0.1095 -0.1012 0.8926 0.9576 -0.0437 0.0137 0.3256 0.3604 0.0093 0.0734 0.1082 0.1189 0.1872 0.1692 0.3439 0.0728 0.0405 0.1623 0.0637 0.1347 0.1596 0.1087 0.2886 0.1475 0.2754 0.2288 0.2007 0.0429 0.1672 0.0087 0.1727 -0.0986 -0.1090 0.0322 0.1727 0.0538 0.4116 0.0704 0.2397 0.0397 0.0895 0.3391 0.2558 0.0484 -0.1878 0.1658 -0.1933 0.1045 0.1392 0.0881 0.0944 0.1556 0.3347 0.0678 0.2652
0.7522 0.5304 0.9053 0.8726 -0.2883 1.0000 0.8079 -0.3507 -0.3480 0.5243 0.5349 0.6757 0.0823 0.0619 -0.2307 0.5713 0.5459 0.6815 0.7445 0.9003 0.8487 -0.2834 -0.3141 0.7404 0.6118 0.5407 0.5215 0.7144 0.6682 0.3436 0.3797 0.4082 0.5047 0.2484 0.5164 0.4962 0.5407 0.5561 0.5410 0.4406 0.5097 0.4265 0.5646 0.3921 0.4509 0.2779 0.5263 0.4349 0.5219 0.5430 0.7213 0.5186 0.6521 0.4480 0.5997 0.3221 0.6769 0.4494 0.6722 0.6614 0.5411 0.5826 0.6646 0.7519 0.5447 0.5075 0.6140 0.5676 0.4418 0.5136 0.5012 0.4565 0.6197 0.4286
0.6776 0.5981 0.7879 0.8756 -0.1214 0.8079 1.0000 -0.1755 -0.1570 0.4859 0.7431 0.6127 0.4115 0.1470 -0.0671 0.5847 0.4826 0.6169 0.6418 0.8022 0.8349 -0.1482 -0.1290 0.7241 0.6183 0.5385 0.6614 0.6892 0.7625 0.3428 0.4423 0.3902 0.4540 0.3159 0.5609 0.5517 0.5351 0.5928 0.5747 0.4644 0.6042 0.5253 0.6592 0.5667 0.5727 0.3560 0.5456 0.4905 0.5178 0.6064 0.6691 0.5715 0.6544 0.6273 0.5804 0.5859 0.5666 0.5913 0.5966 0.6645 0.5695 0.6710 0.6876 0.7068 0.5513 0.4819 0.6270 0.5999 0.4725 0.5332 0.5244 0.5205 0.6169 0.5404
-0.2212 -0.0244 -0.0643 -0.3373 0.8581 -0.3507 -0.1755 1.0000 0.8299 0.0632 0.0621 0.0328 0.5207 0.8062 0.8415 -0.1089 0.0122 -0.2706 -0.2714 -0.1559 -0.1229 0.9221 0.9097 -0.1031 0.0736 0.3424 0.3199 0.0354 0.0349 0.0765 0.0513 0.1978 0.1414 0.4190 0.0725 0.0079 0.1300 0.0408 0.1066 0.1473 0.0630 0.2590 0.1054 0.2349 0.1720 0.2446 0.0265 0.1211 -0.0005 0.1553 -0.1952 -0.2018 -0.0185 0.0468 0.0472 0.3358 0.0464 0.1379 -0.0800 0.0811 0.3465 0.1971 0.0446 -0.1627 0.2006 -0.2108 0.0628 0.1157 0.1117 0.1194 0.2104 0.3386 0.1153 0.2078
-0.2135 0.0044 -0.1083 -0.3702 0.9299 -0.3480 -0.1570 0.8299 1.0000 0.0774 0.0957 0.0197 0.6781 0.5933 0.9131 -0.1013 -0.1275 -0.2595 -0.3602 -0.1840 -0.1680 0.8428 0.9256 -0.1169 -0.0552 0.2087 0.2767 -0.0270 0.0172 0.0638 0.0817 0.1264 0.0571 0.2653 0.0115 -0.0247 0.0977 0.0003 0.0712 0.0993 0.0385 0.2169 0.0657 0.2054 0.1415 0.1488 -0.0018 0.0919 -0.0050 0.1459 -0.1446 -0.1476 -0.0023 0.1235 0.0168 0.3771 0.0257 0.1938 -0.0329 0.0294 0.2251 0.1575 -0.0198 -0.2671 0.0862 -0.2294 0.0330 0.0648 0.0543 0.0663 0.1072 0.2841 0.0383 0.1836
0.5701 0.3985 0.5578 0.4811 0.1858 0.5243 0.4859 0.0632 0.0774 1.0000 0.6640 0.8696 0.1961 0.4331 0.1662 0.6659 0.4861 0.5087 0.4689 0.5660 0.5562 0.1220 0.1411 0.6844 0.5870 0.5117 0.5484 0.5080 0.5560 0.4221 0.4703 0.4812 0.6042 0.4136 0.5028 0.5285 0.4864 0.5237 0.5466 0.4906 0.5311 0.4850 0.6123 0.5559 0.5378 0.4034 0.5076 0.5789 0.5100 0.4964 0.5507 0.4105 0.5677 0.5667 0.6290 0.4813 0.5551 0.6136 0.5436 0.5078 0.5393 0.5768 0.5692 0.5654 0.5023 0.4380 0.5448 0.5319 0.4161 0.5424 0.5227 0.5443 0.4744 0.6418
0.6285 0.6113 0.5663 0.5941 0.1271 0.5349 0.7431 0.0621 0.0957 0.6640 1.0000 0.6931 0.5270 0.3551 0.1966 0.6836 0.5912 0.5432 0.5167 0.5747 0.6121 0.0680 0.1009 0.6965 0.6883 0.5056 0.6289 0.6359 0.7373 0.4456 0.5149 0.4598 0.5086 0.4501 0.5996 0.6215 0.4981 0.5921 0.6111 0.5689 0.6186 0.5653 0.6931 0.6747 0.6469 0.5276 0.5817 0.6337 0.6231 0.6622 0.5914 0.5416 0.6990 0.7355 0.6396 0.6581 0.5048 0.7042 0.5219 0.5790 0.5708 0.6603 0.6564 0.6472 0.5469 0.5366 0.6438 0.6624 0.5521 0.6374 0.6025 0.6074 0.5475 0.6701
0.6345 0.4719 0.7102 0.6020 0.1334 0.6757 0.6127 0.0328 0.0197 0.8696 0.6931 1.0000 0.2813 0.4666 0.1428 0.6631 0.5133 0.5780 0.5535 0.7219 0.6985 0.1134 0.0916 0.7549 0.6306 0.6245 0.6204 0.5966 0.6211 0.4674 0.4618 0.4525 0.5716 0.4076 0.5905 0.5968 0.5833 0.6068 0.5953 0.5470 0.6023 0.5338 0.6864 0.5946 0.5861 0.4515 0.5216 0.5967 0.5151 0.5401 0.5651 0.4178 0.6059 0.5606 0.7219 0.5007 0.6552 0.6211 0.6038 0.5850 0.6559 0.6600 0.6710 0.6390 0.5952 0.4454 0.6127 0.5948 0.4994 0.6002 0.5939 0.5963 0.6106 0.6718
0.1653 0.3177 0.2450 0.1450 0.6018 0.0823 0.4115 0.5207 0.6781 0.1961 0.5270 0.2813 1.0000 0.4525 0.6930 0.1740 0.1042 0.0805 -0.0019 0.2077 0.2603 0.5219 0.6082 0.2559 0.2251 0.3958 0.5557 0.2508 0.3471 0.1267 0.2110 0.2152 0.1428 0.2880 0.2868 0.2581 0.3099 0.2653 0.3286 0.2685 0.3277 0.4113 0.3907 0.4612 0.3783 0.2936 0.2173 0.2752 0.2286 0.4276 0.1838 0.1375 0.2716 0.4002 0.3221 0.6434 0.2443 0.4129 0.2038 0.2718 0.4531 0.4904 0.3491 0.1413 0.3623 0.0788 0.3211 0.3418 0.2519 0.2912 0.3003 0.4296 0.3603 0.3733
0.1469 0.1897 0.3350 0.0620 0.6892 0.0619 0.1470 0.8062 0.5933 0.4331 0.3551 0.4666 0.4525 1.0000 0.7369 0.2837 0.3494 0.0670 0.1169 0.2833 0.3283 0.8111 0.7557 0.3657 0.4792 0.7247 0.6532 0.4079 0.3850 0.4147 0.3662 0.4842 0.5005 0.6987 0.4653 0.3883 0.4696 0.4300 0.4707 0.5040 0.4177 0.5367 0.5075 0.5316 0.5419 0.5851 0.4068 0.5084 0.2780 0.4105 0.0977 0.0497 0.3029 0.3009 0.4636 0.5074 0.4420 0.4425 0.2745 0.4300 0.7130 0.5467 0.4703 0.2798 0.5891 0.0855 0.4088 0.4560 0.4401 0.4686 0.5914 0.6369 0.5206 0.5735
-0.1006 0.0890 0.0644 -0.2262 0.8980 -0.2307 -0.0671 0.8415 0.9131 0.1662 0.1966 0.1428 0.6930 0.7369 1.0000 0.0130 0.0169 -0.1291 -0.2170 -0.0165 0.0147 0.8759 0.9264 0.0472 0.1476 0.4118 0.4550 0.1378 0.1598 0.2063 0.1998 0.2710 0.2119 0.4418 0.1650 0.1199 0.2449 0.1510 0.2158 0.2539 0.1649 0.3378 0.2086 0.3242 0.2971 0.3523 0.1430 0.2746 0.0995 0.2550 -0.0882 -0.1319 0.0790 0.1356 0.1813 0.4302 0.1797 0.2581 0.0855 0.1505 0.4168 0.3213 0.1650 -0.0906 0.2858 -0.1045 0.1748 0.2139 0.1906 0.2282 0.2763 0.4478 0.2177 0.3841
0.8211 0.6953 0.5805 0.6325 -0.0449 0.5713 0.5847 -0.1089 -0.1013 0.6659 0.6836 0.6631 0.1740 0.2837 0.0130 1.0000 0.7565 0.7313 0.7698 0.6387 0.6492 -0.0083 -0.0366 0.8499 0.7584 0.5547 0.5631 0.6800 0.7206 0.5810 0.6154 0.5705 0.6525 0.4810 0.7649 0.7708 0.6867 0.7672 0.7942 0.7481 0.7258 0.6264 0.7140 0.6204 0.7067 0.5001 0.7480 0.7216 0.8480 0.7513 0.6945 0.6595 0.5640 0.6030 0.7407 0.4759 0.5570 0.6392 0.7379 0.6888 0.5351 0.5544 0.7058 0.7262 0.5626 0.5625 0.6340 0.5910 0.7785 0.7811 0.8169 0.7064 0.6712 0.6416
0.7500 0.5957 0.5681 0.6183 -0.0995 0.5459 0.4826 0.0122 -0.1275 0.4861 0.5912 0.5133 0.1042 0.3494 0.0169 0.7565 1.0000 0.6098 0.7705 0.5863 0.6152 0.0074 -0.0649 0.7259 0.8495 0.5533 0.4981 0.6849 0.6694 0.4417 0.4512 0.5208 0.5932 0.5058 0.6567 0.5992 0.6742 0.6904 0.7085 0.6790 0.6187 0.6538 0.5988 0.5405 0.5823 0.5076 0.6216 0.5955 0.7712 0.7556 0.5431 0.5164 0.4380 0.4160 0.6434 0.3897 0.4943 0.4666 0.5890 0.6852 0.5342 0.5120 0.6455 0.7632 0.5703 0.5075 0.5879 0.6090 0.7655 0.8336 0.8059 0.7574 0.6647 0.5379
0.8496 0.7471 0.6974 0.7517 -0.1987 0.6815 0.6169 -0.2706 -0.2595 0.5087 0.5432 0.5780 0.0805 0.0670 -0.1291 0.7313 0.6098 1.0000 0.8577 0.7234 0.6629 -0.1851 -0.2123 0.7154 0.5795 0.3959 0.4194 0.6218 0.6306 0.3869 0.4030 0.3795 0.4662 0.2642 0.5814 0.6105 0.6169 0.6377 0.6163 0.5548 0.5899 0.4751 0.5265 0.4360 0.4775 0.2947 0.5239 0.4987 0.7395 0.6940 0.6887 0.6064 0.4808 0.4165 0.5975 0.2620 0.5570 0.4422 0.7089 0.5624 0.3907 0.4255 0.5694 0.6310 0.4629 0.4977 0.5181 0.4480 0.5128 0.6293 0.5783 0.5019 0.5658 0.4653
0.9070 0.7021 0.7118 0.8010 -0.2866 0.7445 0.6418 -0.2714 -0.3602 0.4689 0.5167 0.5535 -0.0019 0.1169 -0.2170 0.7698 0.7705 0.8577 1.0000 0.7383 0.7347 -0.2065 -0.2847 0.7556 0.7305 0.5052 0.4382 0.7000 0.6827 0.4106 0.4360 0.4517 0.5596 0.3751 0.6877 0.6648 0.6885 0.7289 0.7289 0.6656 0.6647 0.5785 0.6030 0.4867 0.5603 0.3803 0.6423 0.5677 0.8009 0.7435 0.7319 0.6930 0.4976 0.4610 0.6432 0.3035 0.5566 0.4803 0.7196 0.7213 0.4666 0.4538 0.6314 0.7563 0.5138 0.4946 0.5813 0.5335 0.6639 0.7074 0.7228 0.6020 0.6635 0.4575
0.7386 0.5627 0.9437 0.8688 -0.1095 0.9003 0.8022 -0.1559 -0.1840 0.5660 0.5747 0.7219 0.2077 0.2833 -0.0165 0.6387 0.5863 0.7234 0.7383 1.0000 0.9418 -0.0448 -0.1007 0.7962 0.6808 0.6914 0.6815 0.7367 0.7177 0.4457 0.4617 0.4664 0.5661 0.3835 0.6325 0.5854 0.6676 0.6564 0.6466 0.5461 0.6003 0.5333 0.6627 0.5037 0.5876 0.4203 0.5923 0.5445 0.5552 0.6099 0.6377 0.4707 0.5906 0.4443 0.6703 0.3958 0.7739 0.5025 0.7359 0.7157 0.6802 0.6974 0.7427 0.7559 0.6735 0.4712 0.6680 0.6261 0.5374 0.6187 0.6248 0.5971 0.7331 0.5803
0.7385 0.5143 0.8893 0.8868 -0.1012 0.8487 0.8349 -0.1229 -0.1680 0.5562 0.6121 0.6985 0.2603 0.3283 0.0147 0.6492 0.6152 0.6629 0.7347 0.9418 1.0000 -0.0329 -0.0722 0.8207 0.7394 0.7407 0.7482 0.7165 0.7156 0.4582 0.4997 0.4992 0.6060 0.4494 0.6737 0.6255 0.6709 0.6944 0.6834 0.5906 0.6563 0.5853 0.7217 0.5678 0.6527 0.5044 0.6384 0.6066 0.5626 0.6193 0.6132 0.5113 0.5562 0.5036 0.6877 0.4880 0.7016 0.5670 0.6860 0.7510 0.7221 0.7398 0.7911 0.7983 0.7102 0.4803 0.6915 0.6595 0.5791 0.6422 0.6616 0.6356 0.7595 0.6383
-0.1419 0.0492 0.0335 -0.2835 0.8926 -0.2834 -0.1482 0.9221 0.8428 0.1220 0.0680 0.1134 0.5219 0.8111 0.8759 -0.0083 0.0074 -0.1851 -0.2065 -0.0448 -0.0329 1.0000 0.9532 0.0004 0.1044 0.4613 0.4087 0.0867 0.0911 0.1806 0.1373 0.2225 0.1984 0.4317 0.1853 0.1161 0.2493 0.1440 0.2020 0.2320 0.1580 0.3258 0.2072 0.2943 0.2605 0.3000 0.0881 0.2011 0.0442 0.2169 -0.1254 -0.1468 0.0133 0.0818 0.1086 0.3314 0.1624 0.2109 0.0668 0.1391 0.4239 0.2701 0.1242 -0.1276 0.2896 -0.2287 0.1155 0.1581 0.2091 0.1766 0.2835 0.4113 0.2035 0.3004
-0.1748 0.0404 -0.0182 -0.3079 0.9576 -0.3141 -0.1290 0.9097 0.9256 0.1411 0.1009 0.0916 0.6082 0.7557 0.9264 -0.0366 -0.0649 -0.2123 -0.2847 -0.1007 -0.0722 0.9532 1.0000 -0.0242 0.0415 0.3976 0.4198 0.0512 0.0877 0.1370 0.1297 0.2203 0.1764 0.3904 0.1154 0.0692 0.1987 0.0968 0.1586 0.1893 0.1412 0.3088 0.1809 0.2950 0.2440 0.2520 0.0666 0.1824 0.0210 0.1967 -0.1152 -0.1418 0.0240 0.1213 0.0789 0.3905 0.0985 0.2268 0.0348 0.0994 0.3817 0.2710 0.0902 -0.1799 0.2263 -0.2047 0.0913 0.1248 0.1329 0.1331 0.2119 0.3731 0.1367 0.2921
0.7947 0.5998 0.7517 0.7703 -0.0437 0.7404 0.7241 -0.1031 -0.1169 0.6844 0.6965 0.7549 0.2559 0.3657 0.0472 0.8499 0.7259 0.7154 0.7556 0.7962 0.8207 0.0004 -0.0242 1.0000 0.8466 0.7410 0.7490 0.7523 0.7692 0.5307 0.5692 0.5976 0.6585 0.5056 0.7527 0.7287 0.7203 0.7710 0.7772 0.6973 0.7460 0.6861 0.7872 0.6652 0.7466 0.5587 0.7246 0.6818 0.6966 0.7049 0.6805 0.5889 0.6184 0.5880 0.8153 0.5606 0.6892 0.6357 0.7289 0.7356 0.7137 0.7289 0.8517 0.8501 0.7495 0.5961 0.7241 0.7031 0.7687 0.7647 0.8049 0.7174 0.7973 0.6926
0.7187 0.5267 0.6558 0.6740 0.0137 0.6118 0.6183 0.0736 -0.0552 0.5870 0.6883 0.6306 0.2251 0.4792 0.1476 0.7584 0.8495 0.5795 0.7305 0.6808 0.7394 0.1044 0.0415 0.8466 1.0000 0.7228 0.6934 0.7308 0.7335 0.5218 0.5382 0.6249 0.7087 0.6197 0.7055 0.6555 0.6775 0.7279 0.7482 0.7258 0.6787 0.6965 0.7090 0.6461 0.7124 0.6319 0.7193 0.7029 0.6991 0.6979 0.5646 0.5354 0.5323 0.5312 0.7280 0.5386 0.5902 0.5810 0.6147 0.7603 0.6912 0.6698 0.7744 0.8525 0.6914 0.5798 0.7126 0.7401 0.7901 0.8207 0.8447 0.8094 0.7489 0.6848
0.5331 0.3837 0.7060 0.5490 0.3256 0.5407 0.5385 0.3424 0.2087 0.5117 0.5056 0.6245 0.3958 0.7247 0.4118 0.5547 0.5533 0.3959 0.5052 0.6914 0.7407 0.4613 0.3976 0.7410 0.7228 1.0000 0.9032 0.6724 0.6579 0.5220 0.5093 0.5422 0.6273 0.6318 0.7109 0.6214 0.7179 0.6868 0.6984 0.6574 0.6714 0.6994 0.7636 0.6495 0.7368 0.6558 0.6091 0.6434 0.4770 0.6022 0.4451 0.3267 0.4843 0.4583 0.6828 0.5797 0.6808 0.5763 0.6039 0.6853 0.9072 0.8001 0.7886 0.6674 0.8382 0.3280 0.6593 0.6699 0.6805 0.6574 0.7431 0.7267 0.7765 0.6757
0.5169 0.4147 0.6850 0.6035 0.3604 0.5215 0.6614 0.3199 0.2767 0.5484 0.6289 0.6204 0.5557 0.6532 0.4550 0.5631 0.4981 0.4194 0.4382 0.6815 0.7482 0.4087 0.4198 0.7490 0.6934 0.9032 1.0000 0.6407 0.7051 0.5097 0.5459 0.5594 0.5926 0.5940 0.6609 0.6064 0.6696 0.6648 0.6786 0.6111 0.6863 0.7098 0.7726 0.7055 0.7656 0.6329 0.6098 0.6385 0.4733 0.6027 0.4634 0.3462 0.4948 0.5231 0.6681 0.6892 0.6130 0.6096 0.5758 0.6483 0.8830 0.8648 0.8049 0.6469 0.7967 0.4031 0.6964 0.7028 0.6069 0.6503 0.6917 0.7255 0.7379 0.7265
0.6916 0.7244 0.7669 0.6482 0.0093 0.7144 0.6892 0.0354 -0.0270 0.5080 0.6359 0.5966 0.2508 0.4079 0.1378 0.6800 0.6849 0.6218 0.7000 0.7367 0.7165 0.0867 0.0512 0.7523 0.7308 0.6724 0.6407 1.0000 0.9370 0.5898 0.5951 0.5448 0.6060 0.5480 0.7099 0.6656 0.7151 0.7272 0.7246 0.6711 0.6394 0.6411 0.6905 0.5825 0.6513 0.5337 0.6680 0.6551 0.7013 0.7325 0.6459 0.4475 0.8169 0.5025 0.7294 0.4771 0.7493 0.5688 0.7145 0.7674 0.6594 0.6171 0.7144 0.7122 0.6601 0.4869 0.6511 0.6234 0.6753 0.7381 0.7656 0.7121 0.7510 0.6518
0.6781 0.7446 0.7243 0.6903 0.0734 0.6682 0.7625 0.0349 0.0172 0.5560 0.7373 0.6211 0.3471 0.3850 0.1598 0.7206 0.6694 0.6306 0.6827 0.7177 0.7156 0.0911 0.0877 0.7692 0.7335 0.6579 0.7051 0.9370 1.0000 0.6101 0.6575 0.5173 0.5985 0.5269 0.7338 0.7029 0.7305 0.7490 0.7540 0.6908 0.6969 0.6913 0.7376 0.6638 0.7216 0.5490 0.6824 0.6942 0.6993 0.7534 0.6508 0.5062 0.7928 0.6143 0.7308 0.6003 0.6962 0.6528 0.7338 0.7620 0.6613 0.6808 0.7212 0.7129 0.6400 0.5004 0.6778 0.6548 0.6794 0.7534 0.7598 0.7380 0.7203 0.7161
0.3990 0.4041 0.4272 0.3418 0.1082 0.3436 0.3428 0.0765 0.0638 0.4221 0.4456 0.4674 0.1267 0.4147 0.2063 0.5810 0.4417 0.3869 0.4106 0.4457 0.4582 0.1806 0.1370 0.5307 0.5218 0.5220 0.5097 0.5898 0.6101 1.0000 0.8569 0.5165 0.5884 0.5394 0.6642 0.6487 0.5834 0.6389 0.6103 0.6783 0.5269 0.4683 0.5608 0.4560 0.6198 0.6192 0.6932 0.7366 0.5243 0.4384 0.3832 0.3458 0.4847 0.4812 0.5444 0.3570 0.5793 0.6092 0.6818 0.6158 0.5619 0.5287 0.5696 0.4846 0.4967 0.4060 0.6126 0.5967 0.5436 0.5705 0.6028 0.5355 0.5301 0.6058
0.4566 0.4200 0.4282 0.4016 0.1189 0.3797 0.4423 0.0513 0.0817 0.4703 0.5149 0.4618 0.2110 0.3662 0.1998 0.6154 0.4512 0.4030 0.4360 0.4617 0.4997 0.1373 0.1297 0.5692 0.5382 0.5093 0.5459 0.5951 0.6575 0.8569 1.0000 0.5385 0.6160 0.5211 0.6926 0.6978 0.6029 0.6881 0.6862 0.7173 0.5890 0.5585 0.6141 0.5488 0.6817 0.6064 0.7483 0.7692 0.5699 0.4837 0.4596 0.4688 0.5298 0.6267 0.5639 0.4983 0.5736 0.7183 0.7118 0.6921 0.5519 0.5658 0.5752 0.5169 0.5031 0.4359 0.6296 0.6236 0.5290 0.5742 0.6032 0.5586 0.5519 0.6274
0.4759 0.4055 0.4871 0.3730 0.1872 0.4082 0.3902 0.1978 0.1264 0.4812 0.4598 0.4525 0.2152 0.4842 0.2710 0.5705 0.5208 0.3795 0.4517 0.4664 0.4992 0.2225 0.2203 0.5976 0.6249 0.5422 0.5594 0.5448 0.5173 0.5165 0.5385 1.0000 0.8110 0.8004 0.5043 0.5032 0.4426 0.5227 0.6097 0.6038 0.4682 0.4886 0.4895 0.4500 0.6010 0.4686 0.7707 0.6357 0.5418 0.4919 0.4196 0.3781 0.4426 0.3960 0.4605 0.3590 0.4041 0.4796 0.4977 0.6221 0.5577 0.5380 0.6196 0.5425 0.5089 0.5769 0.6292 0.6406 0.5476 0.5860 0.6674 0.6112 0.5823 0.4986
0.5751 0.4446 0.5752 0.4783 0.1692 0.5047 0.4540 0.1414 0.0571 0.6042 0.5086 0.5716 0.1428 0.5005 0.2119 0.6525 0.5932 0.4662 0.5596 0.5661 0.6060 0.1984 0.1764 0.6585 0.7087 0.6273 0.5926 0.6060 0.5985 0.5884 0.6160 0.8110 1.0000 0.7212 0.6370 0.6289 0.5788 0.6422 0.6914 0.7214 0.5632 0.5424 0.6102 0.5149 0.6798 0.5532 0.7926 0.7824 0.5910 0.5458 0.4856 0.4513 0.5044 0.5066 0.5105 0.3923 0.5237 0.6094 0.6392 0.7137 0.6271 0.6019 0.6466 0.6374 0.5667 0.5266 0.6618 0.6608 0.5909 0.6395 0.6820 0.6875 0.6033 0.6413
0.3702 0.3485 0.4098 0.2577 0.3439 0.2484 0.3159 0.4190 0.2653 0.4136 0.4501 0.4076 0.2880 0.6987 0.4418 0.4810 0.5058 0.2642 0.3751 0.3835 0.4494 0.4317 0.3904 0.5056 0.6197 0.6318 0.5940 0.5480 0.5269 0.5394 0.5211 0.8004 0.7212 1.0000 0.5733 0.5065 0.4868 0.5411 0.6180 0.6298 0.4821 0.5314 0.5331 0.5075 0.6380 0.6028 0.7008 0.6790 0.4789 0.4909 0.2724 0.2820 0.4019 0.3844 0.4657 0.4272 0.4054 0.4965 0.4258 0.6010 0.6385 0.5422 0.5989 0.4763 0.5735 0.3847 0.5761 0.5955 0.5765 0.5878 0.7104 0.6556 0.6012 0.5666
0.7033 0.5960 0.5893 0.5695 0.0728 0.5164 0.5609 0.0725 0.0115 0.5028 0.5996 0.5905 0.2868 0.4653 0.1650 0.7649 0.6567 0.5814 0.6877 0.6325 0.6737 0.1853 0.1154 0.7527 0.7055 0.7109 0.6609 0.7099 0.7338 0.6642 0.6926 0.5043 0.6370 0.5733 1.0000 0.9480 0.8771 0.9352 0.9422 0.9010 0.8806 0.7972 0.8726 0.7777 0.8431 0.7224 0.7893 0.8404 0.7149 0.7129 0.5733 0.5769 0.5588 0.6079 0.7242 0.5159 0.6486 0.7029 0.7872 0.7878 0.6866 0.6437 0.7181 0.6640 0.6791 0.3932 0.6231 0.6023 0.7484 0.7438 0.8160 0.7289 0.8018 0.7489
0.7075 0.6318 0.5414 0.5501 0.0405 0.4962 0.5517 0.0079 -0.0247 0.5285 0.6215 0.5968 0.2581 0.3883 0.1199 0.7708 0.5992 0.6105 0.6648 0.5854 0.6255 0.1161 0.0692 0.7287 0.6555 0.6214 0.6064 0.6656 0.7029 0.6487 0.6978 0.5032 0.6289 0.5065 0.9480 1.0000 0.8116 0.9204 0.8840 0.8971 0.8623 0.7410 0.8317 0.7612 0.7798 0.6541 0.7534 0.8378 0.7345 0.6963 0.6065 0.6074 0.5834 0.6444 0.6913 0.5000 0.6091 0.7282 0.7780 0.7120 0.5964 0.5801 0.6592 0.6189 0.6026 0.4411 0.5758 0.5600 0.6900 0.7140 0.7518 0.6731 0.7311 0.7491
0.6958 0.6138 0.6518 0.5820 0.1623 0.5407 0.5351 0.1300 0.0977 0.4864 0.4981 0.5833 0.3099 0.4696 0.2449 0.6867 0.6742 0.6169 0.6885 0.6676 0.6709 0.2493 0.1987 0.7203 0.6775 0.7179 0.6696 0.7151 0.7305 0.5834 0.6029 0.4426 0.5788 0.4868 0.8771 0.8116 1.0000 0.9288 0.8819 0.8228 0.8815 0.8771 0.8284 0.7627 0.7535 0.5773 0.6558 0.7210 0.6895 0.7570 0.5959 0.5277 0.4943 0.5012 0.6920 0.5021 0.6979 0.6273 0.8166 0.7932 0.6670 0.6141 0.6502 0.6130 0.6407 0.2986 0.5407 0.5244 0.7070 0.7527 0.7864 0.7875 0.8143 0.7272
0.7477 0.6227 0.6206 0.6111 0.0637 0.5561 0.5928 0.0408 0.0003 0.5237 0.5921 0.6068 0.2653 0.4300 0.1510 0.7672 0.6904 0.6377 0.7289 0.6564 0.6944 0.1440 0.0968 0.7710 0.7279 0.6868 0.6648 0.7272 0.7490 0.6389 0.6881 0.5227 0.6422 0.5411 0.9352 0.9204 0.9288 1.0000 0.9202 0.8843 0.9242 0.8715 0.8730 0.8105 0.8139 0.6432 0.7606 0.8037 0.7519 0.7456 0.6366 0.6194 0.5702 0.6103 0.7267 0.5350 0.6734 0.7077 0.8025 0.8292 0.6632 0.6283 0.6996 0.6791 0.6468 0.4191 0.6096 0.5968 0.7321 0.7675 0.8226 0.7675 0.8296 0.7613
0.7516 0.6341 0.6158 0.5916 0.1347 0.5410 0.5747 0.1066 0.0712 0.5466 0.6111 0.5953 0.3286 0.4707 0.2158 0.7942 0.7085 0.6163 0.7289 0.6466 0.6834 0.2020 0.1586 0.7772 0.7482 0.6984 0.6786 0.7246 0.7540 0.6103 0.6862 0.6097 0.6914 0.6180 0.9422 0.8840 0.8819 0.9202 1.0000 0.9052 0.8699 0.8508 0.8403 0.7813 0.8659 0.6745 0.8512 0.8397 0.7772 0.7775 0.6326 0.6467 0.5623 0.6357 0.7358 0.5723 0.6302 0.7046 0.8074 0.8502 0.6892 0.6680 0.7300 0.6819 0.6569 0.4420 0.6544 0.6398 0.7525 0.7652 0.8560 0.7887 0.8134 0.7188
0.6907 0.6060 0.5160 0.4863 0.1596 0.4406 0.4644 0.1473 0.0993 0.4906 0.5689 0.5470 0.2685 0.5040 0.2539 0.7481 0.6790 0.5548 0.6656 0.5461 0.5906 0.2320 0.1893 0.6973 0.7258 0.6574 0.6111 0.6711 0.6908 0.6783 0.7173 0.6038 0.7214 0.6298 0.9010 0.8971 0.8228 0.8843 0.9052 1.0000 0.8317 0.7914 0.7729 0.7426 0.8106 0.7237 0.8080 0.8795 0.7745 0.7368 0.5638 0.6204 0.5179 0.6198 0.6687 0.5260 0.5660 0.7187 0.7732 0.7849 0.6336 0.5873 0.6463 0.6011 0.5965 0.4048 0.6063 0.6032 0.7552 0.7520 0.8169 0.7705 0.7173 0.7167
0.7243 0.5895 0.5584 0.5913 0.1087 0.5097 0.6042 0.0630 0.0385 0.5311 0.6186 0.6023 0.3277 0.4177 0.1649 0.7258 0.6187 0.5899 0.6647 0.6003 0.6563 0.1580 0.1412 0.7460 0.6787 0.6714 0.6863 0.6394 0.6969 0.5269 0.5890 0.4682 0.5632 0.4821 0.8806 0.8623 0.8815 0.9242 0.8699 0.8317 1.0000 0.8940 0.9250 0.8857 0.8315 0.6254 0.6913 0.7369 0.6928 0.7334 0.6670 0.6596 0.5294 0.6346 0.6828 0.5764 0.5766 0.6949 0.7308 0.7581 0.6396 0.6249 0.6694 0.6274 0.6055 0.3691 0.5620 0.5494 0.6764 0.6950 0.7556 0.7106 0.7724 0.7245
0.6241 0.5289 0.5258 0.4942 0.2886 0.4265 0.5253 0.2590 0.2169 0.4850 0.5653 0.5338 0.4113 0.5367 0.3378 0.6264 0.6538 0.4751 0.5785 0.5333 0.5853 0.3258 0.3088 0.6861 0.6965 0.6994 0.7098 0.6411 0.6913 0.4683 0.5585 0.4886 0.5424 0.5314 0.7972 0.7410 0.8771 0.8715 0.8508 0.7914 0.8940 1.0000 0.8374 0.8866 0.8088 0.6425 0.6315 0.6833 0.6483 0.7431 0.5677 0.5747 0.4790 0.5933 0.6441 0.6529 0.5447 0.6556 0.6575 0.7718 0.6719 0.6404 0.6339 0.5811 0.6198 0.2951 0.5508 0.5729 0.6818 0.7067 0.7711 0.7992 0.7514 0.7031
0.6739 0.5210 0.6287 0.6069 0.1475 0.5646 0.6592 0.1054 0.0657 0.6123 0.6931 0.6864 0.3907 0.5075 0.2086 0.7140 0.5988 0.5265 0.6030 0.6627 0.7217 0.2072 0.1809 0.7872 0.7090 0.7636 0.7726 0.6905 0.7376 0.5608 0.6141 0.4895 0.6102 0.5331 0.8726 0.8317 0.8284 0.8730 0.8403 0.7729 0.9250 0.8374 1.0000 0.8972 0.8870 0.7027 0.7092 0.7617 0.6142 0.6846 0.6154 0.5524 0.6140 0.6545 0.7509 0.6332 0.6762 0.7249 0.7027 0.7580 0.7603 0.7460 0.7696 0.6981 0.7299 0.3884 0.6549 0.6468 0.6756 0.6938 0.7563 0.7124 0.8190 0.7948
0.5667 0.4848 0.4744 0.4602 0.2754 0.3921 0.5667 0.2349 0.2054 0.5559 0.6747 0.5946 0.4612 0.5316 0.3242 0.6204 0.5405 0.4360 0.4867 0.5037 0.5678 0.2943 0.2950 0.6652 0.6461 0.6495 0.7055 0.5825 0.6638 0.4560 0.5488 0.4500 0.5149 0.5075 0.7777 0.7612 0.7627 0.8105 0.7813 0.7426 0.8857 0.8866 0.8972 1.0000 0.8303 0.6839 0.6115 0.6994 0.5844 0.6568 0.5224 0.5280 0.5290 0.6500 0.6587 0.6852 0.5206 0.7013 0.5687 0.6768 0.6518 0.6499 0.6358 0.5624 0.6078 0.3016 0.5406 0.5653 0.6004 0.6525 0.7051 0.7319 0.7203 0.7896
0.6021 0.4684 0.5461 0.5272 0.2288 0.4509 0.5727 0.1720 0.1415 0.5378 0.6469 0.5861 0.3783 0.5419 0.2971 0.7067 0.5823 0.4775 0.5603 0.5876 0.6527 0.2605 0.2440 0.7466 0.7124 0.7368 0.7656 0.6513 0.7216 0.6198 0.6817 0.6010 0.6798 0.6380 0.8431 0.7798 0.7535 0.8139 0.8659 0.8106 0.8315 0.8088 0.8870 0.8303 1.0000 0.7932 0.8192 0.8307 0.6176 0.6358 0.4806 0.5271 0.5122 0.6288 0.6924 0.6337 0.5847 0.6901 0.6672 0.7745 0.7580 0.7510 0.7532 0.6574 0.6922 0.4318 0.7126 0.7057 0.7166 0.6934 0.7738 0.7239 0.7486 0.7585
0.3977 0.2975 0.4044 0.3404 0.2007 0.2779 0.3560 0.2446 0.1488 0.4034 0.5276 0.4515 0.2936 0.5851 0.3523 0.5001 0.5076 0.2947 0.3803 0.4203 0.5044 0.3000 0.2520 0.5587 0.6319 0.6558 0.6329 0.5337 0.5490 0.6192 0.6064 0.4686 0.5532 0.6028 0.7224 0.6541 0.5773 0.6432 0.6745 0.7237 0.6254 0.6425 0.7027 0.6839 0.7932 1.0000 0.6581 0.7787 0.4551 0.4739 0.2602 0.3495 0.4015 0.4873 0.6095 0.5142 0.5067 0.5907 0.4908 0.5955 0.6817 0.6299 0.6524 0.5460 0.6597 0.3703 0.5997 0.6369 0.5824 0.5912 0.6262 0.6098 0.5905 0.6894
0.6492 0.5133 0.5628 0.5479 0.0429 0.5263 0.5456 0.0265 -0.0018 0.5076 0.5817 0.5216 0.2173 0.4068 0.1430 0.7480 0.6216 0.5239 0.6423 0.5923 0.6384 0.0881 0.0666 0.7246 0.7193 0.6091 0.6098 0.6680 0.6824 0.6932 0.7483 0.7707 0.7926 0.7008 0.7893 0.7534 0.6558 0.7606 0.8512 0.8080 0.6913 0.6315 0.7092 0.6115 0.8192 0.6581 1.0000 0.8602 0.6884 0.6073 0.5604 0.5991 0.5557 0.6120 0.6500 0.4852 0.5656 0.6629 0.7271 0.8114 0.6288 0.6226 0.7182 0.6770 0.5922 0.5717 0.7303 0.7108 0.6807 0.6806 0.7860 0.6700 0.7270 0.6302
0.6063 0.5184 0.5190 0.4707 0.1672 0.4349 0.4905 0.1211 0.0919 0.5789 0.6337 0.5967 0.2752 0.5084 0.2746 0.7216 0.5955 0.4987 0.5677 0.5445 0.6066 0.2011 0.1824 0.6818 0.7029 0.6434 0.6385 0.6551 0.6942 0.7366 0.7692 0.6357 0.7824 0.6790 0.8404 0.8378 0.7210 0.8037 0.8397 0.8795 0.7369 0.6833 0.7617 0.6994 0.8307 0.7787 0.8602 1.0000 0.6754 0.6139 0.4804 0.5161 0.5462 0.6402 0.6544 0.5345 0.5616 0.7465 0.7271 0.7395 0.6513 0.6371 0.6728 0.6155 0.5940 0.4825 0.6448 0.6475 0.6685 0.7219 0.7439 0.7200 0.6601 0.7977
0.8775 0.7853 0.5417 0.5581 0.0087 0.5219 0.5178 -0.0005 -0.0050 0.5100 0.6231 0.5151 0.2286 0.2780 0.0995 0.8480 0.7712 0.7395 0.8009 0.5552 0.5626 0.0442 0.0210 0.6966 0.6991 0.4770 0.4733 0.7013 0.6993 0.5243 0.5699 0.5418 0.5910 0.4789 0.7149 0.7345 0.6895 0.7519 0.7772 0.7745 0.6928 0.6483 0.6142 0.5844 0.6176 0.4551 0.6884 0.6754 1.0000 0.8624 0.7260 0.7014 0.5679 0.5859 0.6650 0.4519 0.5164 0.6232 0.7167 0.7047 0.4647 0.4480 0.5898 0.6232 0.4713 0.4917 0.5706 0.5310 0.7391 0.7968 0.7859 0.7037 0.6307 0.5507
0.7975 0.8540 0.6328 0.6101 0.1727 0.5430 0.6064 0.1553 0.1459 0.4964 0.6622 0.5401 0.4276 0.4105 0.2550 0.7513 0.7556 0.6940 0.7435 0.6099 0.6193 0.2169 0.1967 0.7049 0.6979 0.6022 0.6027 0.7325 0.7534 0.4384 0.4837 0.4919 0.5458 0.4909 0.7129 0.6963 0.7570 0.7456 0.7775 0.7368 0.7334 0.7431 0.6846 0.6568 0.6358 0.4739 0.6073 0.6139 0.8624 1.0000 0.7300 0.6773 0.6072 0.6078 0.6695 0.5899 0.5647 0.6313 0.7280 0.7014 0.5692 0.5481 0.6379 0.6075 0.5701 0.3764 0.5728 0.5534 0.7253 0.7767 0.7765 0.7675 0.6761 0.5723
0.7934 0.7084 0.6456 0.6809 -0.0986 0.7213 0.6691 -0.1952 -0.1446 0.5507 0.5914 0.5651 0.1838 0.0977 -0.0882 0.6945 0.5431 0.6887 0.7319 0.6377 0.6132 -0.1254 -0.1152 0.6805 0.5646 0.4451 0.4634 0.6459 0.6508 0.3832 0.4596 0.4196 0.4856 0.2724 0.5733 0.6065 0.5959 0.6366 0.6326 0.5638 0.6670 0.5677 0.6154 0.5224 0.4806 0.2602 0.5604 0.4804 0.7260 0.7300 1.0000 0.8037 0.7049 0.6482 0.6165 0.4508 0.5678 0.6196 0.7606 0.6686 0.4123 0.4409 0.5598 0.6069 0.4322 0.4541 0.5270 0.4735 0.4908 0.5349 0.5683 0.5056 0.5577 0.4152
0.7284 0.6064 0.4121 0.5782 -0.1090 0.5186 0.5715 -0.2018 -0.1476 0.4105 0.5416 0.4178 0.1375 0.0497 -0.1319 0.6595 0.5164 0.6064 0.6930 0.4707 0.5113 -0.1468 -0.1418 0.5889 0.5354 0.3267 0.3462 0.4475 0.5062 0.3458 0.4688 0.3781 0.4513 0.2820 0.5769 0.6074 0.5277 0.6194 0.6467 0.6204 0.6596 0.5747 0.5524 0.5280 0.5271 0.3495 0.5991 0.5161 0.7014 0.6773 0.8037 1.0000 0.4846 0.7733 0.4897 0.4953 0.3809 0.7064 0.6889 0.6771 0.2990 0.3530 0.4758 0.5316 0.3188 0.4088 0.4652 0.4487 0.5048 0.4841 0.5268 0.4449 0.4427 0.3262
0.5476 0.6474 0.6296 0.5069 0.0322 0.6521 0.6544 -0.0185 -0.0023 0.5677 0.6990 0.6059 0.2716 0.3029 0.0790 0.5640 0.4380 0.4808 0.4976 0.5906 0.5562 0.0133 0.0240 0.6184 0.5323 0.4843 0.4948 0.8169 0.7928 0.4847 0.5298 0.4426 0.5044 0.4019 0.5588 0.5834 0.4943 0.5702 0.5623 0.5179 0.5294 0.4790 0.6140 0.5290 0.5122 0.4015 0.5557 0.5462 0.5679 0.6072 0.7049 0.4846 1.0000 0.6567 0.6544 0.4984 0.6996 0.6379 0.6049 0.6042 0.4982 0.5015 0.5664 0.5506 0.5038 0.4263 0.5395 0.5263 0.4565 0.4996 0.5439 0.4937 0.5611 0.5489
0.5481 0.4972 0.4002 0.4754 0.1727 0.4480 0.6273 0.0468 0.1235 0.5667 0.7355 0.5606 0.4002 0.3009 0.1356 0.6030 0.4160 0.4165 0.4610 0.4443 0.5036 0.0818 0.1213 0.5880 0.5312 0.4583 0.5231 0.5025 0.6143 0.4812 0.6267 0.3960 0.5066 0.3844 0.6079 0.6444 0.5012 0.6103 0.6357 0.6198 0.6346 0.5933 0.6545 0.6500 0.6288 0.4873 0.6120 0.6402 0.5859 0.6078 0.6482 0.7733 0.6567 1.0000 0.5669 0.7780 0.4951 0.9196 0.6162 0.6511 0.4837 0.5462 0.5363 0.5130 0.4276 0.3882 0.5540 0.5715 0.5001 0.4933 0.5223 0.5121 0.4668 0.5464
0.6720 0.5598 0.6496 0.6056 0.0538 0.5997 0.5804 0.0472 0.0168 0.6290 0.6396 0.7219 0.3221 0.4636 0.1813 0.7407 0.6434 0.5975 0.6432 0.6703 0.6877 0.1086 0.0789 0.8153 0.7280 0.6828 0.6681 0.7294 0.7308 0.5444 0.5639 0.4605 0.5105 0.4657 0.7242 0.6913 0.6920 0.7267 0.7358 0.6687 0.6828 0.6441 0.7509 0.6587 0.6924 0.6095 0.6500 0.6544 0.6650 0.6695 0.6165 0.4897 0.6544 0.5669 1.0000 0.6331 0.7500 0.6348 0.6511 0.6690 0.6800 0.6402 0.7607 0.7134 0.7162 0.4672 0.6376 0.6220 0.6837 0.7145 0.7866 0.6950 0.7898 0.7025
0.3899 0.3847 0.3846 0.4200 0.4116 0.3221 0.5859 0.3358 0.3771 0.4813 0.6581 0.5007 0.6434 0.5074 0.4302 0.4759 0.3897 0.2620 0.3035 0.3958 0.4880 0.3314 0.3905 0.5606 0.5386 0.5797 0.6892 0.4771 0.6003 0.3570 0.4983 0.3590 0.3923 0.4272 0.5159 0.5000 0.5021 0.5350 0.5723 0.5260 0.5764 0.6529 0.6332 0.6852 0.6337 0.5142 0.4852 0.5345 0.4519 0.5899 0.4508 0.4953 0.4984 0.7780 0.6331 1.0000 0.4447 0.7619 0.4419 0.5762 0.6135 0.6513 0.5779 0.4776 0.5461 0.3022 0.5642 0.5933 0.5090 0.5137 0.5620 0.6420 0.5374 0.6161
0.5687 0.5184 0.7534 0.5760 0.0704 0.6769 0.5666 0.0464 0.0257 0.5551 0.5048 0.6552 0.2443 0.4420 0.1797 0.5570 0.4943 0.5570 0.5566 0.7739 0.7016 0.1624 0.0985 0.6892 0.5902 0.6808 0.6130 0.7493 0.6962 0.5793 0.5736 0.4041 0.5237 0.4054 0.6486 0.6091 0.6979 0.6734 0.6302 0.5660 0.5766 0.5447 0.6762 0.5206 0.5847 0.5067 0.5656 0.5616 0.5164 0.5647 0.5678 0.3809 0.6996 0.4951 0.7500 0.4447 1.0000 0.6109 0.7528 0.6833 0.6604 0.6183 0.6541 0.6181 0.6847 0.3636 0.6011 0.5703 0.5275 0.5927 0.6117 0.5762 0.7498 0.6128
0.5656 0.5010 0.4641 0.4673 0.2397 0.4494 0.5913 0.1379 0.1938 0.6136 0.7042 0.6211 0.4129 0.4425 0.2581 0.6392 0.4666 0.4422 0.4803 0.5025 0.5670 0.2109 0.2268 0.6357 0.5810 0.5763 0.6096 0.5688 0.6528 0.6092 0.7183 0.4796 0.6094 0.4965 0.7029 0.7282 0.6273 0.7077 0.7046 0.7187 0.6949 0.6556 0.7249 0.7013 0.6901 0.5907 0.6629 0.7465 0.6232 0.6313 0.6196 0.7064 0.6379 0.9196 0.6348 0.7619 0.6109 1.0000 0.7045 0.7266 0.5842 0.6143 0.6054 0.5362 0.5315 0.3814 0.6012 0.6128 0.5785 0.6010 0.6151 0.6307 0.5826 0.6841
0.7338 0.6947 0.6983 0.6596 0.0397 0.6722 0.5966 -0.0800 -0.0329 0.5436 0.5219 0.6038 0.2038 0.2745 0.0855 0.7379 0.5890 0.7089 0.7196 0.7359 0.6860 0.0668 0.0348 0.7289 0.6147 0.6039 0.5758 0.7145 0.7338 0.6818 0.7118 0.4977 0.6392 0.4258 0.7872 0.7780 0.8166 0.8025 0.8074 0.7732 0.7308 0.6575 0.7027 0.5687 0.6672 0.4908 0.7271 0.7271 0.7167 0.7280 0.7606 0.6889 0.6049 0.6162 0.6511 0.4419 0.7528 0.7045 1.0000 0.8180 0.5794 0.5949 0.6441 0.6244 0.5578 0.4299 0.6356 0.5895 0.6288 0.6655 0.6708 0.6400 0.6825 0.5967
0.7152 0.5462 0.6884 0.6473 0.0895 0.6614 0.6645 0.0811 0.0294 0.5078 0.5790 0.5850 0.2718 0.4300 0.1505 0.6888 0.6852 0.5624 0.7213 0.7157 0.7510 0.1391 0.0994 0.7356 0.7603 0.6853 0.6483 0.7674 0.7620 0.6158 0.6921 0.6221 0.7137 0.6010 0.7878 0.7120 0.7932 0.8292 0.8502 0.7849 0.7581 0.7718 0.7580 0.6768 0.7745 0.5955 0.8114 0.7395 0.7047 0.7014 0.6686 0.6771 0.6042 0.6511 0.6690 0.5762 0.6833 0.7266 0.8180 1.0000 0.6970 0.6700 0.7131 0.7204 0.6183 0.4644 0.7295 0.7226 0.7010 0.7157 0.7816 0.7535 0.7871 0.6375
0.5141 0.3574 0.6945 0.5397 0.3391 0.5411 0.5695 0.3465 0.2251 0.5393 0.5708 0.6559 0.4531 0.7130 0.4168 0.5351 0.5342 0.3907 0.4666 0.6802 0.7221 0.4239 0.3817 0.7137 0.6912 0.9072 0.8830 0.6594 0.6613 0.5619 0.5519 0.5577 0.6271 0.6385 0.6866 0.5964 0.6670 0.6632 0.6892 0.6336 0.6396 0.6719 0.7603 0.6518 0.7580 0.6817 0.6288 0.6513 0.4647 0.5692 0.4123 0.2990 0.4982 0.4837 0.6800 0.6135 0.6604 0.5842 0.5794 0.6970 1.0000 0.9072 0.8398 0.6918 0.8430 0.4058 0.7468 0.7556 0.6213 0.6312 0.7053 0.7039 0.7585 0.6941
0.5266 0.3826 0.6876 0.6217 0.2558 0.5826 0.6710 0.1971 0.1575 0.5768 0.6603 0.6600 0.4904 0.5467 0.3213 0.5544 0.5120 0.4255 0.4538 0.6974 0.7398 0.2701 0.2710 0.7289 0.6698 0.8001 0.8648 0.6171 0.6808 0.5287 0.5658 0.5380 0.6019 0.5422 0.6437 0.5801 0.6141 0.6283 0.6680 0.5873 0.6249 0.6404 0.7460 0.6499 0.7510 0.6299 0.6226 0.6371 0.4480 0.5481 0.4409 0.3530 0.5015 0.5462 0.6402 0.6513 0.6183 0.6143 0.5949 0.6700 0.9072 1.0000 0.8374 0.7208 0.7836 0.5079 0.7776 0.7956 0.5623 0.6001 0.6204 0.6575 0.6881 0.6955
0.6715 0.4921 0.7266 0.6934 0.0484 0.6646 0.6876 0.0446 -0.0198 0.5692 0.6564 0.6710 0.3491 0.4703 0.1650 0.7058 0.6455 0.5694 0.6314 0.7427 0.7911 0.1242 0.0902 0.8517 0.7744 0.7886 0.8049 0.7144 0.7212 0.5696 0.5752 0.6196 0.6466 0.5989 0.7181 0.6592 0.6502 0.6996 0.7300 0.6463 0.6694 0.6339 0.7696 0.6358 0.7532 0.6524 0.7182 0.6728 0.5898 0.6379 0.5598 0.4758 0.5664 0.5363 0.7607 0.5779 0.6541 0.6054 0.6441 0.7131 0.8398 0.8374 1.0000 0.8566 0.8675 0.6218 0.8053 0.8016 0.6972 0.7078 0.7508 0.6927 0.7799 0.6708
0.7482 0.4782 0.7187 0.7845 -0.1878 0.7519 0.7068 -0.1627 -0.2671 0.5654 0.6472 0.6390 0.1413 0.2798 -0.0906 0.7262 0.7632 0.6310 0.7563 0.7559 0.7983 -0.1276 -0.1799 0.8501 0.8525 0.6674 0.6469 0.7122 0.7129 0.4846 0.5169 0.5425 0.6374 0.4763 0.6640 0.6189 0.6130 0.6791 0.6819 0.6011 0.6274 0.5811 0.6981 0.5624 0.6574 0.5460 0.6770 0.6155 0.6232 0.6075 0.6069 0.5316 0.5506 0.5130 0.7134 0.4776 0.6181 0.5362 0.6244 0.7204 0.6918 0.7208 0.8566 1.0000 0.7334 0.7173 0.7616 0.7667 0.6776 0.7194 0.7162 0.6421 0.7284 0.5984
0.5516 0.3949 0.6752 0.5702 0.1658 0.5447 0.5513 0.2006 0.0862 0.5023 0.5469 0.5952 0.3623 0.5891 0.2858 0.5626 0.5703 0.4629 0.5138 0.6735 0.7102 0.2896 0.2263 0.7495 0.6914 0.8382 0.7967 0.6601 0.6400 0.4967 0.5031 0.5089 0.5667 0.5735 0.6791 0.6026 0.6407 0.6468 0.6569 0.5965 0.6055 0.6198 0.7299 0.6078 0.6922 0.6597 0.5922 0.5940 0.4713 0.5701 0.4322 0.3188 0.5038 0.4276 0.7162 0.5461 0.6847 0.5315 0.5578 0.6183 0.8430 0.7836 0.8675 0.7334 1.0000 0.4443 0.7131 0.7286 0.6222 0.6328 0.6936 0.6468 0.7534 0.6498
0.5419 0.3879 0.4398 0.5212 -0.1933 0.5075 0.4819 -0.2108 -0.2294 0.4380 0.5366 0.4454 0.0788 0.0855 -0.1045 0.5625 0.5075 0.4977 0.4946 0.4712 0.4803 -0.2287 -0.2047 0.5961 0.5798 0.3280 0.4031 0.4869 0.5004 0.4060 0.4359 0.5769 0.5266 0.3847 0.3932 0.4411 0.2986 0.4191 0.4420 0.4048 0.3691 0.2951 0.3884 0.3016 0.4318 0.3703 0.5717 0.4825 0.4917 0.3764 0.4541 0.4088 0.4263 0.3882 0.4672 0.3022 0.3636 0.3814 0.4299 0.4644 0.4058 0.5079 0.6218 0.7173 0.4443 1.0000 0.6185 0.6377 0.4227 0.5084 0.4545 0.3714 0.4201 0.3806
0.6260 0.4436 0.6592 0.6308 0.1045 0.6140 0.6270 0.0628 0.0330 0.5448 0.6438 0.6127 0.3211 0.4088 0.1748 0.6340 0.5879 0.5181 0.5813 0.6680 0.6915 0.1155 0.0913 0.7241 0.7126 0.6593 0.6964 0.6511 0.6778 0.6126 0.6296 0.6292 0.6618 0.5761 0.6231 0.5758 0.5407 0.6096 0.6544 0.6063 0.5620 0.5508 0.6549 0.5406 0.7126 0.5997 0.7303 0.6448 0.5706 0.5728 0.5270 0.4652 0.5395 0.5540 0.6376 0.5642 0.6011 0.6012 0.6356 0.7295 0.7468 0.7776 0.8053 0.7616 0.7131 0.6185 1.0000 0.9094 0.6310 0.6609 0.6645 0.6373 0.6498 0.5935
0.5709 0.4030 0.6170 0.5829 0.1392 0.5676 0.5999 0.1157 0.0648 0.5319 0.6624 0.5948 0.3418 0.4560 0.2139 0.5910 0.6090 0.4480 0.5335 0.6261 0.6595 0.1581 0.1248 0.7031 0.7401 0.6699 0.7028 0.6234 0.6548 0.5967 0.6236 0.6406 0.6608 0.5955 0.6023 0.5600 0.5244 0.5968 0.6398 0.6032 0.5494 0.5729 0.6468 0.5653 0.7057 0.6369 0.7108 0.6475 0.5310 0.5534 0.4735 0.4487 0.5263 0.5715 0.6220 0.5933 0.5703 0.6128 0.5895 0.7226 0.7556 0.7956 0.8016 0.7667 0.7286 0.6377 0.9094 1.0000 0.6299 0.6577 0.6635 0.6576 0.6426 0.5979
0.6745 0.5715 0.5181 0.5045 0.0881 0.4418 0.4725 0.1117 0.0543 0.4161 0.5521 0.4994 0.2519 0.4401 0.1906 0.7785 0.7655 0.5128 0.6639 0.5374 0.5791 0.2091 0.1329 0.7687 0.7901 0.6805 0.6069 0.6753 0.6794 0.5436 0.5290 0.5476 0.5909 0.5765 0.7484 0.6900 0.7070 0.7321 0.7525 0.7552 0.6764 0.6818 0.6756 0.6004 0.7166 0.5824 0.6807 0.6685 0.7391 0.7253 0.4908 0.5048 0.4565 0.5001 0.6837 0.5090 0.5275 0.5785 0.6288 0.7010 0.6213 0.5623 0.6972 0.6776 0.6222 0.4227 0.6310 0.6299 1.0000 0.8362 0.8704 0.7788 0.7188 0.6143
0.7343 0.6557 0.6070 0.5763 0.0944 0.5136 0.5332 0.1194 0.0663 0.5424 0.6374 0.6002 0.2912 0.4686 0.2282 0.7811 0.8336 0.6293 0.7074 0.6187 0.6422 0.1766 0.1331 0.7647 0.8207 0.6574 0.6503 0.7381 0.7534 0.5705 0.5742 0.5860 0.6395 0.5878 0.7438 0.7140 0.7527 0.7675 0.7652 0.7520 0.6950 0.7067 0.6938 0.6525 0.6934 0.5912 0.6806 0.7219 0.7968 0.7767 0.5349 0.4841 0.4996 0.4933 0.7145 0.5137 0.5927 0.6010 0.6655 0.7157 0.6312 0.6001 0.7078 0.7194 0.6328 0.5084 0.6609 0.6577 0.8362 1.0000 0.8547 0.8552 0.7447 0.7166
0.7163 0.6151 0.6100 0.5432 0.1556 0.5012 0.5244 0.2104 0.1072 0.5227 0.6025 0.5939 0.3003 0.5914 0.2763 0.8169 0.8059 0.5783 0.7228 0.6248 0.6616 0.2835 0.2119 0.8049 0.8447 0.7431 0.6917 0.7656 0.7598 0.6028 0.6032 0.6674 0.6820 0.7104 0.8160 0.7518 0.7864 0.8226 0.8560 0.8169 0.7556 0.7711 0.7563 0.7051 0.7738 0.6262 0.7860 0.7439 0.7859 0.7765 0.5683 0.5268 0.5439 0.5223 0.7866 0.5620 0.6117 0.6151 0.6708 0.7816 0.7053 0.6204 0.7508 0.7162 0.6936 0.4545 0.6645 0.6635 0.8704 0.8547 1.0000 0.8856 0.8661 0.7116
0.6233 0.5944 0.6102 0.5078 0.3347 0.4565 0.5205 0.3386 0.2841 0.5443 0.6074 0.5963 0.4296 0.6369 0.4478 0.7064 0.7574 0.5019 0.6020 0.5971 0.6356 0.4113 0.3731 0.7174 0.8094 0.7267 0.7255 0.7121 0.7380 0.5355 0.5586 0.6112 0.6875 0.6556 0.7289 0.6731 0.7875 0.7675 0.7887 0.7705 0.7106 0.7992 0.7124 0.7319 0.7239 0.6098 0.6700 0.7200 0.7037 0.7675 0.5056 0.4449 0.4937 0.5121 0.6950 0.6420 0.5762 0.6307 0.6400 0.7535 0.7039 0.6575 0.6927 0.6421 0.6468 0.3714 0.6373 0.6576 0.7788 0.8552 0.8856 1.0000 0.7856 0.8015
0.6752 0.5232 0.7095 0.6151 0.0678 0.6197 0.6169 0.1153 0.0383 0.4744 0.5475 0.6106 0.3603 0.5206 0.2177 0.6712 0.6647 0.5658 0.6635 0.7331 0.7595 0.2035 0.1367 0.7973 0.7489 0.7765 0.7379 0.7510 0.7203 0.5301 0.5519 0.5823 0.6033 0.6012 0.8018 0.7311 0.8143 0.8296 0.8134 0.7173 0.7724 0.7514 0.8190 0.7203 0.7486 0.5905 0.7270 0.6601 0.6307 0.6761 0.5577 0.4427 0.5611 0.4668 0.7898 0.5374 0.7498 0.5826 0.6825 0.7871 0.7585 0.6881 0.7799 0.7284 0.7534 0.4201 0.6498 0.6426 0.7188 0.7447 0.8661 0.7856 1.0000 0.7130
0.5112 0.4600 0.5711 0.4823 0.2652 0.4286 0.5404 0.2078 0.1836 0.6418 0.6701 0.6718 0.3733 0.5735 0.3841 0.6416 0.5379 0.4653 0.4575 0.5803 0.6383 0.3004 0.2921 0.6926 0.6848 0.6757 0.7265 0.6518 0.7161 0.6058 0.6274 0.4986 0.6413 0.5666 0.7489 0.7491 0.7272 0.7613 0.7188 0.7167 0.7245 0.7031 0.7948 0.7896 0.7585 0.6894 0.6302 0.7977 0.5507 0.5723 0.4152 0.3262 0.5489 0.5464 0.7025 0.6161 0.6128 0.6841 0.5967 0.6375 0.6941 0.6955 0.6708 0.5984 0.6498 0.3806 0.5935 0.5979 0.6143 0.7166 0.7116 0.8015 0.7130 1.0000
