1.0000 0.5639 0.4454 0.3641 0.2030 0.5854 0.3358 0.2462 0.2124 0.1269 0.1808 0.1642 0.2312 0.3439 0.0693 0.0391 0.2447 0.6405 0.6423 0.2997 0.1348 0.2607 0.2239 0.0131 0.0220 0.1457 0.1218 0.3001 0.2703 0.1795 0.2750 -0.0663 -0.1073 0.0248 0.2365 0.2792 0.3172 0.2310 0.1917 0.1736 0.2887 0.1808 0.1036 0.0425 -0.1404 -0.0604 -0.0178 -0.0332 0.6928 0.4959 0.3650 0.2393 0.2385 0.1520 0.0691 0.1562 0.1679 0.1206 0.3798 0.3208 0.0064 0.0246 -0.0289 0.0109 -0.0318 -0.0146 0.0627 0.0082 0.0195 0.1498 0.1304 0.1924 0.1356 -0.0027
0.5639 1.0000 0.3161 0.4098 0.3259 0.4982 0.4466 0.1998 0.2772 0.2072 0.5106 0.3566 0.3630 0.2288 0.1849 -0.0238 0.1432 0.3192 0.3691 0.4515 0.2578 0.3050 0.3304 -0.0005 -0.0275 0.4664 0.4588 0.7347 0.7438 0.0458 0.0849 0.0925 -0.0741 0.1881 0.1339 0.2348 0.1833 0.1278 0.0921 0.1321 0.1742 0.1263 -0.0482 0.0833 -0.2119 -0.0699 -0.0481 0.0230 0.5317 0.7286 0.1344 0.3544 0.1957 0.1725 0.0237 0.0188 -0.0114 0.2134 0.2272 0.2530 0.0152 0.0122 0.0257 -0.0044 0.0630 0.0434 0.0919 0.1025 -0.0220 0.1457 -0.0026 0.1835 0.0257 0.0419
0.4454 0.3161 1.0000 0.6192 0.0449 0.5935 0.1430 0.4051 0.0010 0.0287 0.0288 -0.0714 -0.0116 0.3105 0.1337 -0.0495 0.1117 0.5995 0.5788 0.8423 0.7351 0.1818 0.2266 0.0079 0.0630 0.2875 0.2416 0.0898 0.1603 0.0147 0.1459 -0.0371 0.0753 -0.1354 0.1831 0.0980 0.2078 0.0413 0.1832 0.1581 0.1632 0.1065 0.2540 -0.0416 0.1981 0.1803 0.2365 0.2210 0.1554 0.5413 -0.1648 0.5407 -0.2300 0.5522 -0.2409 0.4448 0.0935 0.5363 0.1139 0.3193 0.0363 0.0616 0.0389 0.0273 -0.0505 -0.1156 0.1186 0.1163 0.0246 0.1111 0.0855 0.1691 0.2268 0.1701
0.3641 0.4098 0.6192 1.0000 0.1641 0.5602 0.6581 0.2032 0.0129 0.1009 0.1670 0.0889 0.3638 0.0936 0.1669 0.0188 0.1899 0.6848 0.6680 0.5991 0.5779 0.0912 0.2237 0.0705 0.1057 0.2166 0.1951 0.1991 0.2131 0.0999 0.1232 0.1835 0.1194 0.0112 0.1698 0.1115 0.1785 0.0851 0.1370 0.1178 0.1114 0.0481 0.1484 0.0515 0.1610 0.1608 0.2521 0.3140 0.3423 0.4958 0.1540 0.3307 0.0994 0.2206 0.0359 0.3043 0.1608 0.3433 0.2555 0.2240 0.1034 0.1129 0.1481 0.0597 0.1109 -0.0327 0.1976 0.2642 0.0351 0.1890 0.0625 0.2323 0.1746 0.2325
0.2030 0.3259 0.0449 0.1641 1.0000 0.0896 0.1646 0.3741 0.7315 -0.0398 -0.1085 0.0639 0.3521 0.4326 0.3958 -0.0157 0.0415 0.1159 0.1427 0.1343 0.0150 0.7612 0.6558 -0.0110 -0.2227 0.0205 0.0447 0.0879 0.0659 0.0590 0.0588 0.0700 -0.2356 0.4050 -0.0919 0.0523 -0.0452 0.0477 -0.1344 0.0144 -0.0358 0.0066 -0.3477 0.0272 -0.4320 -0.3054 -0.1594 -0.0932 0.1937 0.2006 0.0896 0.0918 -0.0102 -0.0473 0.0006 -0.0224 -0.1952 -0.0004 0.0526 0.0270 -0.0005 0.0385 0.0754 -0.1077 0.1950 0.0100 0.0938 0.0695 -0.0620 0.0245 -0.0818 0.0295 -0.1409 -0.1669
0.5854 0.4982 0.5935 0.5602 0.0896 1.0000 0.5873 0.3902 -0.0185 0.1527 0.2998 0.3264 0.3882 0.3728 0.0162 0.0046 0.1465 0.5342 0.5195 0.4289 0.3102 0.1971 0.2448 0.0722 0.1088 0.3165 0.2303 0.4958 0.4489 0.1562 0.2469 0.0079 0.0643 -0.1105 0.3108 0.1441 0.2992 0.1599 0.3037 0.1622 0.2595 0.0952 0.2717 -0.0395 0.1904 0.2119 0.3474 0.2328 0.5736 0.4236 0.3564 0.1517 0.3914 0.0482 0.1038 0.1799 0.3097 0.1993 0.4054 0.3028 0.0746 0.1005 0.0758 0.0803 -0.0160 -0.0539 0.1809 0.1597 0.0776 0.1402 0.1625 0.1178 0.2823 0.1217
0.3358 0.4466 0.1430 0.6581 0.1646 0.5873 1.0000 0.1646 0.1656 0.0652 0.3251 0.2946 0.6123 0.0504 0.2331 0.0367 0.2120 0.4206 0.3941 0.1199 0.0286 0.1650 0.1860 0.0751 0.1156 0.0763 0.0337 0.4115 0.3249 0.1865 0.1756 0.2156 0.0198 0.0821 0.1928 0.1238 0.1928 0.1962 0.1613 0.1193 0.1258 0.0982 0.0677 0.1195 0.0594 0.0711 0.1568 0.1957 0.5241 0.2865 0.5337 -0.0031 0.5500 -0.1639 0.2604 0.0529 0.2254 0.0333 0.4080 0.1724 0.0232 0.0664 0.1565 0.0754 0.1469 -0.0055 0.1810 0.2001 0.0530 0.1793 0.0834 0.1575 0.1259 0.0871
0.2462 0.1998 0.4051 0.2032 0.3741 0.3902 0.1646 1.0000 0.3042 0.0558 0.0064 0.1138 0.2521 0.6907 0.3891 0.0518 0.2348 0.3160 0.3190 0.2609 0.0977 0.4723 0.3185 0.0724 0.0907 0.0496 -0.0084 0.0842 0.0598 0.1556 0.2438 -0.0051 0.0523 -0.0172 0.2065 0.2725 0.1879 0.2330 0.2299 0.2170 0.1567 0.1973 0.0979 0.0792 0.0594 0.1393 0.2820 0.2656 0.2084 0.2657 0.1496 0.1394 0.1138 0.0964 0.0520 0.2037 0.0838 0.1188 0.2717 0.2420 0.1289 0.1767 0.0317 0.0402 -0.0818 -0.1923 0.0575 0.0594 0.0266 0.0914 0.1141 0.2029 0.0046 0.1442
0.2124 0.2772 0.0010 0.0129 0.7315 -0.0185 0.1656 0.3042 1.0000 -0.0463 -0.0289 0.0876 0.2625 0.3184 0.5978 -0.0424 0.1021 0.0343 0.0823 0.0496 -0.1258 0.6964 0.4762 -0.0101 -0.1280 -0.0345 0.0024 0.0679 0.0504 0.1027 0.0933 0.0442 -0.2507 0.4374 -0.0637 0.0758 0.0153 0.0817 -0.0858 0.1233 0.0329 0.0476 -0.2961 0.1400 -0.4515 -0.2495 -0.3241 -0.1976 0.1218 0.1496 0.0803 0.0609 -0.0015 0.0399 -0.0090 -0.0491 -0.2562 -0.0449 0.0876 0.0802 -0.0732 -0.0209 0.0617 -0.0317 0.2333 0.1312 0.0464 -0.0224 -0.0216 0.0818 -0.0213 0.0718 -0.1410 -0.1440
0.1269 0.2072 0.0287 0.1009 -0.0398 0.1527 0.0652 0.0558 -0.0463 1.0000 0.4627 0.6832 0.0673 0.0299 0.0886 0.6594 0.3283 0.0612 0.0787 0.0804 0.0412 -0.0061 0.0088 0.6220 0.3217 0.3505 0.4465 0.3527 0.3961 0.5180 0.3870 0.2102 0.1419 0.0886 0.1569 0.1305 0.2502 0.2072 0.1750 0.1001 0.2293 0.0904 0.1409 0.1326 0.1598 0.2388 0.1909 0.2372 0.4510 0.1978 0.0407 0.0152 0.1112 0.0843 0.5192 -0.3282 0.1319 -0.0318 0.2855 0.2546 0.7111 0.6608 0.3456 0.2944 0.0812 0.0809 0.2403 0.2141 0.1512 0.1299 0.2791 0.0858 0.1506 0.2401
0.1808 0.5106 0.0288 0.1670 -0.1085 0.2998 0.3251 0.0064 -0.0289 0.4627 1.0000 0.7090 0.4173 -0.0030 0.0820 0.1548 0.2431 0.0702 0.0709 0.1179 0.0271 -0.0915 -0.1064 0.0799 0.2561 0.5423 0.5777 0.6812 0.7115 0.2214 0.1053 0.2045 0.1495 0.0776 0.1278 0.1064 0.1391 0.0850 0.1393 0.0508 0.1221 0.0804 0.1256 0.0615 0.1419 0.1619 0.1146 0.1337 0.3562 0.3554 0.0721 -0.0110 0.2804 0.0387 0.3556 -0.2279 0.1669 0.0640 0.1905 0.1689 0.0199 -0.0135 -0.0208 0.0741 0.0152 0.0944 0.1272 0.1240 0.2111 0.0936 0.2455 0.1420 0.1724 0.2375
0.1642 0.3566 -0.0714 0.0889 0.0639 0.3264 0.2946 0.1138 0.0876 0.6832 0.7090 1.0000 0.4530 0.1226 0.0812 0.3667 0.2516 0.0768 0.1048 -0.0131 -0.1402 0.0753 0.0300 0.3088 0.2491 0.4053 0.4446 0.6016 0.5799 0.4614 0.2554 0.2454 0.1410 0.2048 0.1679 0.1609 0.2318 0.2322 0.1926 0.1224 0.2170 0.1042 0.0842 0.1102 0.0895 0.1946 0.1302 0.1697 0.4854 0.1731 0.2142 -0.1599 0.3655 -0.1619 0.5765 -0.3649 0.1876 -0.2231 0.3598 0.2079 0.2683 0.2144 0.1403 0.1575 0.1434 0.1958 0.1767 0.1282 0.1994 0.1000 0.2899 0.0776 0.1674 0.1846
0.2312 0.3630 -0.0116 0.3638 0.3521 0.3882 0.6123 0.2521 0.2625 0.0673 0.4173 0.4530 1.0000 0.2242 0.2096 0.0252 0.2395 0.3104 0.3219 0.0035 -0.1030 0.3314 0.3402 -0.0215 0.0260 0.1226 0.0619 0.3608 0.2718 0.2266 0.1052 0.1449 0.0390 0.1492 0.1488 0.1402 0.1847 0.1487 0.1224 0.1020 0.1732 0.0991 0.0461 0.0470 -0.0150 0.0715 0.1432 0.1525 0.4091 0.2840 0.4587 -0.0244 0.4411 -0.2259 0.3949 0.0519 0.2796 -0.1549 0.3984 0.1661 -0.0956 -0.0855 0.0739 0.0670 0.1718 0.1345 0.2165 0.2596 0.0825 0.1836 0.1570 0.0538 0.0907 0.0576
0.3439 0.2288 0.3105 0.0936 0.4326 0.3728 0.0504 0.6907 0.3184 0.0299 -0.0030 0.1226 0.2242 1.0000 0.3482 0.0685 0.3013 0.2264 0.2371 0.1901 0.0363 0.5753 0.4668 0.1354 0.2180 0.1035 0.0500 0.0751 0.0461 0.1626 0.1369 0.0031 -0.0817 0.0809 0.2177 0.0912 0.2877 0.0699 0.1724 0.1356 0.2989 -0.0292 0.0793 -0.1705 -0.1385 -0.0189 0.1288 0.0758 0.2554 0.2350 0.1492 0.1216 0.0834 0.0544 0.0246 0.1281 0.0837 0.0346 0.2390 0.1207 -0.0973 -0.0310 -0.0511 0.0962 -0.0226 -0.0409 0.2345 0.0808 0.2123 0.1266 0.3346 0.1423 0.2787 0.0417
0.0693 0.1849 0.1337 0.1669 0.3958 0.0162 0.2331 0.3891 0.5978 0.0886 0.0820 0.0812 0.2096 0.3482 1.0000 0.0933 0.2904 0.1188 0.1275 0.1188 0.0401 0.4468 0.3425 0.2000 0.1434 0.0866 0.0770 0.0898 0.0914 0.1928 0.1893 0.2368 -0.0593 0.2170 0.1657 0.0887 0.1911 0.1323 0.1417 0.1728 0.1080 0.0619 -0.0532 0.0479 -0.0876 0.0780 0.0664 0.1707 0.0991 0.1874 0.0496 0.1073 0.0171 0.1143 0.0790 0.0020 -0.0781 0.1093 0.1387 0.1233 0.0684 0.1341 0.2319 0.1838 0.2363 0.0593 0.2741 0.2252 0.1368 0.2416 0.1767 0.1948 0.0880 0.1960
0.0391 -0.0238 -0.0495 0.0188 -0.0157 0.0046 0.0367 0.0518 -0.0424 0.6594 0.1548 0.3667 0.0252 0.0685 0.0933 1.0000 0.4725 0.0458 0.0589 -0.0868 -0.1445 0.0084 -0.0639 0.8102 0.4226 -0.1236 -0.0367 0.0331 0.0197 0.6491 0.4935 0.1415 0.1230 0.0203 0.1846 0.1358 0.3247 0.3890 0.1829 0.1262 0.1774 0.2318 0.0951 0.0822 0.1656 0.1892 0.1620 0.2189 0.3715 -0.0038 0.0962 0.0288 0.0785 0.0212 0.6058 -0.2749 0.1310 -0.1893 0.3715 0.2571 0.5533 0.5493 0.4477 0.3824 0.0816 0.0633 0.4093 0.3023 0.4371 0.1924 0.5435 0.0805 0.1661 0.2371
0.2447 0.1432 0.1117 0.1899 0.0415 0.1465 0.2120 0.2348 0.1021 0.3283 0.2431 0.2516 0.2395 0.3013 0.2904 0.4725 1.0000 0.2400 0.2427 0.0918 0.0622 0.0859 0.1053 0.4061 0.6676 0.1656 0.1395 0.0943 0.0800 0.4777 0.2974 0.2418 0.1673 0.0818 0.4010 0.2936 0.4746 0.3207 0.3428 0.2390 0.3836 0.2291 0.3230 0.0996 0.2218 0.2493 0.2565 0.2372 0.3575 0.2885 0.2369 0.1803 0.1546 0.1665 0.2922 0.2031 0.2886 0.1198 0.4331 0.3215 0.0935 0.1392 0.1376 0.4423 0.0406 0.1100 0.3622 0.3538 0.5468 0.5719 0.6666 0.3913 0.3519 0.3060
0.6405 0.3192 0.5995 0.6848 0.1159 0.5342 0.4206 0.3160 0.0343 0.0612 0.0702 0.0768 0.3104 0.2264 0.1188 0.0458 0.2400 1.0000 0.9687 0.4313 0.3319 0.1155 0.1789 0.0516 0.0954 0.1085 0.0546 0.1734 0.1316 0.1831 0.2277 0.1020 0.1211 -0.0093 0.3041 0.2346 0.3170 0.2053 0.2524 0.2327 0.2333 0.1808 0.2330 0.0782 0.1857 0.2385 0.2136 0.2844 0.4688 0.3865 0.2503 0.1981 0.1515 0.1337 0.0527 0.3403 0.1968 0.1932 0.3524 0.2731 0.0803 0.0757 0.0873 0.0552 0.0364 -0.0054 0.1432 0.1772 0.0430 0.1676 0.1442 0.2328 0.2149 0.2425
0.6423 0.3691 0.5788 0.6680 0.1427 0.5195 0.3941 0.3190 0.0823 0.0787 0.0709 0.1048 0.3219 0.2371 0.1275 0.0589 0.2427 0.9687 1.0000 0.4319 0.3333 0.1360 0.1908 0.0604 0.0843 0.1147 0.0578 0.2066 0.1678 0.1861 0.2159 0.1056 0.1174 0.0294 0.2932 0.2544 0.3141 0.2203 0.2321 0.2465 0.2278 0.1842 0.1922 0.0828 0.1380 0.2255 0.1777 0.2766 0.4696 0.4245 0.2349 0.2033 0.1398 0.1308 0.0583 0.3347 0.1511 0.1557 0.3543 0.2817 0.0744 0.0731 0.0857 0.0597 0.0493 0.0222 0.1411 0.1733 0.0404 0.1731 0.1424 0.2250 0.1835 0.2321
0.2997 0.4515 0.8423 0.5991 0.1343 0.4289 0.1199 0.2609 0.0496 0.0804 0.1179 -0.0131 0.0035 0.1901 0.1188 -0.0868 0.0918 0.4313 0.4319 1.0000 0.8512 0.1651 0.2792 -0.0133 0.0700 0.4425 0.4249 0.2225 0.3279 -0.0021 0.1181 0.0717 0.0781 0.0169 0.1407 0.1122 0.1593 0.0171 0.1406 0.1354 0.1416 0.1276 0.1878 0.0396 0.1361 0.1675 0.1783 0.1981 0.0402 0.6170 -0.2732 0.6379 -0.3079 0.6313 -0.3020 0.4451 0.0003 0.6014 0.0755 0.3511 0.0680 0.0659 0.0560 0.0289 0.0217 -0.0308 0.0975 0.1341 -0.0175 0.1230 -0.0187 0.1924 0.1597 0.1781
0.1348 0.2578 0.7351 0.5779 0.0150 0.3102 0.0286 0.0977 -0.1258 0.0412 0.0271 -0.1402 -0.1030 0.0363 0.0401 -0.1445 0.0622 0.3319 0.3333 0.8512 1.0000 -0.0417 0.1992 -0.0291 0.0855 0.4810 0.4483 0.0817 0.2007 -0.1516 0.0021 0.1243 0.1232 -0.0406 0.0615 0.0445 0.0513 -0.1315 0.0733 0.0687 0.0440 -0.0037 0.1900 -0.0016 0.1825 0.1474 0.2532 0.2149 -0.0966 0.4806 -0.3393 0.5511 -0.3740 0.5855 -0.4105 0.5098 -0.0387 0.6520 -0.0880 0.2157 0.0621 0.0682 0.0751 0.0680 0.0344 -0.0031 0.1129 0.1941 -0.0253 0.1184 -0.0520 0.1508 0.1361 0.1544
0.2607 0.3050 0.1818 0.0912 0.7612 0.1971 0.1650 0.4723 0.6964 -0.0061 -0.0915 0.0753 0.3314 0.5753 0.4468 0.0084 0.0859 0.1155 0.1360 0.1651 -0.0417 1.0000 0.8202 0.0523 -0.1177 0.0607 0.0315 0.1003 0.0800 0.0582 0.0365 -0.0145 -0.2632 0.2852 -0.0183 -0.0162 0.1023 -0.0387 -0.0624 0.0503 0.1821 -0.0852 -0.1483 -0.0691 -0.3822 -0.2672 -0.1480 -0.1054 0.2082 0.2355 0.1019 0.1339 -0.0094 0.0159 0.0153 -0.0428 -0.1033 -0.0440 0.1174 0.0393 -0.0187 0.0593 0.0809 0.0077 0.1657 0.0264 0.2164 0.1473 -0.0306 0.1399 0.0349 -0.0019 0.0464 -0.1854
0.2239 0.3304 0.2266 0.2237 0.6558 0.2448 0.1860 0.3185 0.4762 0.0088 -0.1064 0.0300 0.3402 0.4668 0.3425 -0.0639 0.1053 0.1789 0.1908 0.2792 0.1992 0.8202 1.0000 0.1174 -0.0233 0.2920 0.2258 0.1749 0.1659 -0.0781 -0.0065 0.0466 -0.1148 0.2376 0.0591 -0.0054 0.1695 -0.1270 0.0162 0.0725 0.2619 -0.1596 0.0296 -0.1275 -0.2303 -0.1202 0.0165 0.0116 0.1929 0.2996 0.0998 0.2005 0.0164 0.0688 -0.0887 0.1245 0.0713 0.1700 0.0931 0.0423 0.0688 0.1216 0.2316 0.1640 0.2928 0.1877 0.3461 0.3605 -0.0116 0.3198 0.0166 0.1016 0.1934 -0.0409
0.0131 -0.0005 0.0079 0.0705 -0.0110 0.0722 0.0751 0.0724 -0.0101 0.6220 0.0799 0.3088 -0.0215 0.1354 0.2000 0.8102 0.4061 0.0516 0.0604 -0.0133 -0.0291 0.0523 0.1174 1.0000 0.5027 0.0354 0.1013 0.0831 0.0832 0.5267 0.4865 0.2585 0.2455 0.0966 0.2405 0.0570 0.3466 0.3244 0.2156 0.1714 0.1804 0.1605 0.1505 0.0507 0.2108 0.2639 0.2660 0.3270 0.2988 0.0237 0.0786 0.0459 0.0870 0.0644 0.4254 -0.1212 0.0970 -0.0457 0.3213 0.2917 0.6251 0.6398 0.7556 0.6877 0.4260 0.3602 0.5839 0.5377 0.3738 0.4568 0.5340 0.2650 0.3151 0.3521
0.0220 -0.0275 0.0630 0.1057 -0.2227 0.1088 0.1156 0.0907 -0.1280 0.3217 0.2561 0.2491 0.0260 0.2180 0.1434 0.4226 0.6676 0.0954 0.0843 0.0700 0.0855 -0.1177 -0.0233 0.5027 1.0000 0.1944 0.1736 0.1004 0.1117 0.3689 0.2662 0.3856 0.3766 -0.0046 0.4103 0.1739 0.4910 0.1969 0.4016 0.3102 0.4433 0.0759 0.5187 0.1070 0.4454 0.4125 0.4231 0.4096 0.1516 0.0800 0.0657 0.1064 0.0966 0.1761 0.2474 0.1462 0.2470 0.1016 0.3360 0.2621 0.0882 0.0948 0.2009 0.5837 0.0783 0.2114 0.4997 0.4003 0.5834 0.4820 0.6901 0.3911 0.5306 0.3535
0.1457 0.4664 0.2875 0.2166 0.0205 0.3165 0.0763 0.0496 -0.0345 0.3505 0.5423 0.4053 0.1226 0.1035 0.0866 -0.1236 0.1656 0.1085 0.1147 0.4425 0.4810 0.0607 0.2920 0.0354 0.1944 1.0000 0.9498 0.5900 0.6866 -0.0688 -0.0187 0.1947 0.1772 0.1369 0.1631 0.0977 0.1770 -0.1542 0.1841 0.1053 0.2615 -0.0559 0.2653 0.0063 0.1636 0.1921 0.2401 0.2134 0.1688 0.4104 -0.1454 0.1345 0.0391 0.2711 -0.1859 0.1283 0.0696 0.4752 -0.0480 0.0796 0.1584 0.1310 0.0867 0.2113 0.0900 0.1819 0.1620 0.2468 0.0706 0.2139 0.0757 0.1730 0.2048 0.2081
0.1218 0.4588 0.2416 0.1951 0.0447 0.2303 0.0337 -0.0084 0.0024 0.4465 0.5777 0.4446 0.0619 0.0500 0.0770 -0.0367 0.1395 0.0546 0.0578 0.4249 0.4483 0.0315 0.2258 0.1013 0.1736 0.9498 1.0000 0.5589 0.6807 -0.0145 0.0107 0.2020 0.1308 0.1844 0.0857 0.0519 0.1194 -0.1264 0.1054 0.0495 0.1860 -0.0335 0.1608 0.0412 0.0948 0.1261 0.1489 0.1407 0.1729 0.4058 -0.2167 0.1724 -0.0516 0.3233 -0.1240 0.0407 -0.0305 0.4745 -0.0761 0.1122 0.2356 0.1975 0.1216 0.1921 0.1159 0.1908 0.1333 0.2022 0.0629 0.1850 0.0559 0.1509 0.1504 0.1846
0.3001 0.7347 0.0898 0.1991 0.0879 0.4958 0.4115 0.0842 0.0679 0.3527 0.6812 0.6016 0.3608 0.0751 0.0898 0.0331 0.0943 0.1734 0.2066 0.2225 0.0817 0.1003 0.1749 0.0831 0.1004 0.5900 0.5589 1.0000 0.9652 0.1442 0.1536 0.2020 0.1220 0.1604 0.2054 0.1853 0.1781 0.1275 0.2110 0.1727 0.1585 0.0824 0.1002 0.0935 0.0867 0.1610 0.1959 0.1769 0.4868 0.3905 0.1399 0.0329 0.4148 -0.0737 0.2199 -0.2251 0.1350 0.0644 0.2408 0.2368 0.1272 0.1098 0.1082 0.1261 0.0896 0.1421 0.1282 0.1566 0.0516 0.1240 0.0853 0.1561 0.1481 0.1682
0.2703 0.7438 0.1603 0.2131 0.0659 0.4489 0.3249 0.0598 0.0504 0.3961 0.7115 0.5799 0.2718 0.0461 0.0914 0.0197 0.0800 0.1316 0.1678 0.3279 0.2007 0.0800 0.1659 0.0832 0.1117 0.6866 0.6807 0.9652 1.0000 0.1064 0.1305 0.1907 0.1164 0.1534 0.1530 0.1487 0.1393 0.0736 0.1757 0.1330 0.1331 0.0733 0.0928 0.0834 0.0849 0.1476 0.1829 0.1658 0.3925 0.4557 -0.0221 0.1453 0.2318 0.1124 0.1352 -0.1878 0.0519 0.1804 0.1440 0.2590 0.1420 0.1199 0.1025 0.1330 0.0829 0.1408 0.1260 0.1628 0.0469 0.1245 0.0595 0.1413 0.1141 0.1631
0.1795 0.0458 0.0147 0.0999 0.0590 0.1562 0.1865 0.1556 0.1027 0.5180 0.2214 0.4614 0.2266 0.1626 0.1928 0.6491 0.4777 0.1831 0.1861 -0.0021 -0.1516 0.0582 -0.0781 0.5267 0.3689 -0.0688 -0.0145 0.1442 0.1064 1.0000 0.7802 0.2599 0.1194 0.1348 0.3881 0.2644 0.4612 0.5680 0.3591 0.2705 0.2515 0.4176 0.1402 0.2866 0.1959 0.3053 0.2492 0.2322 0.4030 0.1257 0.2567 0.0819 0.1589 0.0786 0.6269 -0.1014 0.2249 -0.1742 0.6828 0.5939 0.3904 0.3832 0.3218 0.3438 0.1644 0.1547 0.3016 0.2133 0.2711 0.1945 0.4834 0.2622 0.2486 0.2830
0.2750 0.0849 0.1459 0.1232 0.0588 0.2469 0.1756 0.2438 0.0933 0.3870 0.1053 0.2554 0.1052 0.1369 0.1893 0.4935 0.2974 0.2277 0.2159 0.1181 0.0021 0.0365 -0.0065 0.4865 0.2662 -0.0187 0.0107 0.1536 0.1305 0.7802 1.0000 0.1999 0.1588 0.0758 0.4058 0.3288 0.4572 0.5597 0.4520 0.3355 0.2379 0.4419 0.2163 0.2476 0.2644 0.3354 0.3817 0.2841 0.3580 0.1818 0.2787 0.1736 0.1695 0.1748 0.3698 0.0583 0.2439 0.0546 0.6081 0.6769 0.4511 0.4654 0.4527 0.3583 0.2062 0.1556 0.3195 0.2480 0.1269 0.1641 0.2863 0.2821 0.2110 0.3274
-0.0663 0.0925 -0.0371 0.1835 0.0700 0.0079 0.2156 -0.0051 0.0442 0.2102 0.2045 0.2454 0.1449 0.0031 0.2368 0.1415 0.2418 0.1020 0.1056 0.0717 0.1243 -0.0145 0.0466 0.2585 0.3856 0.1947 0.2020 0.2020 0.1907 0.2599 0.1999 1.0000 0.4945 0.5415 0.1928 0.0839 0.1676 0.0996 0.0715 0.3351 0.0942 0.0277 0.1036 0.2044 0.1727 0.2012 0.2207 0.4178 0.0918 0.0683 0.0220 -0.0239 0.0738 -0.0114 0.1373 0.0358 0.0165 0.0292 0.1771 0.1597 0.1023 0.0946 0.2914 0.3352 0.3293 0.2655 0.3236 0.3109 0.1989 0.2871 0.2751 0.2536 0.3240 0.2564
-0.1073 -0.0741 0.0753 0.1194 -0.2356 0.0643 0.0198 0.0523 -0.2507 0.1419 0.1495 0.1410 0.0390 -0.0817 -0.0593 0.1230 0.1673 0.1211 0.1174 0.0781 0.1232 -0.2632 -0.1148 0.2455 0.3766 0.1772 0.1308 0.1220 0.1164 0.1194 0.1588 0.4945 1.0000 0.3212 0.2527 0.1369 0.2099 0.0907 0.1040 0.5440 0.2021 0.0982 0.4858 0.2423 0.5688 0.4918 0.4065 0.6110 0.0167 0.0232 -0.0029 -0.0261 0.1201 0.0457 0.1492 0.1849 0.2972 0.0861 0.1392 0.1735 0.1376 0.0970 0.2535 0.4074 0.1971 0.3167 0.2141 0.3749 0.1988 0.2884 0.2839 0.4784 0.3519 0.5739
0.0248 0.1881 -0.1354 0.0112 0.4050 -0.1105 0.0821 -0.0172 0.4374 0.0886 0.0776 0.2048 0.1492 0.0809 0.2170 0.0203 0.0818 -0.0093 0.0294 0.0169 -0.0406 0.2852 0.2376 0.0966 -0.0046 0.1369 0.1844 0.1604 0.1534 0.1348 0.0758 0.5415 0.3212 1.0000 -0.0673 -0.0244 -0.0541 0.0137 -0.2244 0.2704 -0.0285 -0.0221 -0.2150 0.1989 -0.2573 -0.1143 -0.2521 -0.0353 0.0567 0.0419 0.0045 -0.0444 -0.0063 -0.0443 0.0516 -0.0682 -0.1624 -0.1060 0.0283 0.0491 0.0055 0.0106 0.1879 0.1660 0.3814 0.3632 0.0947 0.1411 0.0330 0.1643 0.0581 0.2907 0.0677 0.1641
0.2365 0.1339 0.1831 0.1698 -0.0919 0.3108 0.1928 0.2065 -0.0637 0.1569 0.1278 0.1679 0.1488 0.2177 0.1657 0.1846 0.4010 0.3041 0.2932 0.1407 0.0615 -0.0183 0.0591 0.2405 0.4103 0.1631 0.0857 0.2054 0.1530 0.3881 0.4058 0.1928 0.2527 -0.0673 1.0000 0.5853 0.8280 0.6103 0.8241 0.5955 0.6727 0.4539 0.6075 0.2099 0.5280 0.6812 0.5935 0.5443 0.2894 0.2536 0.3367 0.1650 0.2803 0.1048 0.2078 0.2573 0.4099 0.1699 0.6075 0.4775 0.1020 0.0870 0.1231 0.2800 0.0416 0.1060 0.2694 0.2413 0.2883 0.3645 0.4434 0.3442 0.5357 0.4749
0.2792 0.2348 0.0980 0.1115 0.0523 0.1441 0.1238 0.2725 0.0758 0.1305 0.1064 0.1609 0.1402 0.0912 0.0887 0.1358 0.2936 0.2346 0.2544 0.1122 0.0445 -0.0162 -0.0054 0.0570 0.1739 0.0977 0.0519 0.1853 0.1487 0.2644 0.3288 0.0839 0.1369 -0.0244 0.5853 1.0000 0.5099 0.6352 0.5939 0.6322 0.3983 0.4998 0.2806 0.4207 0.2386 0.3857 0.2957 0.3192 0.2502 0.2626 0.2494 0.1371 0.1809 0.0886 0.1200 0.1742 0.2033 0.0917 0.4394 0.4269 0.1204 0.0928 0.0062 0.0777 -0.1089 -0.0558 -0.0552 0.0095 0.0940 0.1494 0.1216 0.3138 -0.0204 0.2996
0.3172 0.1833 0.2078 0.1785 -0.0452 0.2992 0.1928 0.1879 0.0153 0.2502 0.1391 0.2318 0.1847 0.2877 0.1911 0.3247 0.4746 0.3170 0.3141 0.1593 0.0513 0.1023 0.1695 0.3466 0.4910 0.1770 0.1194 0.1781 0.1393 0.4612 0.4572 0.1676 0.2099 -0.0541 0.8280 0.5099 1.0000 0.5464 0.7257 0.5768 0.8305 0.3453 0.6123 0.1219 0.4226 0.5538 0.4565 0.4661 0.3480 0.2892 0.3489 0.2398 0.2358 0.1768 0.2250 0.2127 0.3956 0.1522 0.6496 0.4799 0.1373 0.1161 0.1831 0.3734 0.1037 0.2075 0.4666 0.3730 0.3695 0.4115 0.5249 0.3019 0.5343 0.3906
0.2310 0.1278 0.0413 0.0851 0.0477 0.1599 0.1962 0.2330 0.0817 0.2072 0.0850 0.2322 0.1487 0.0699 0.1323 0.3890 0.3207 0.2053 0.2203 0.0171 -0.1315 -0.0387 -0.1270 0.3244 0.1969 -0.1542 -0.1264 0.1275 0.0736 0.5680 0.5597 0.0996 0.0907 0.0137 0.6103 0.6352 0.5464 1.0000 0.5759 0.4305 0.2652 0.7969 0.1675 0.4088 0.2422 0.4024 0.2795 0.2997 0.3161 0.1850 0.3390 0.1650 0.2174 0.0942 0.3692 0.0997 0.1710 -0.0467 0.6567 0.6343 0.2572 0.2469 0.1925 0.1633 0.0411 0.0174 0.0293 0.0287 0.1205 0.1994 0.2359 0.3072 0.0956 0.3724
0.1917 0.0921 0.1832 0.1370 -0.1344 0.3037 0.1613 0.2299 -0.0858 0.1750 0.1393 0.1926 0.1224 0.1724 0.1417 0.1829 0.3428 0.2524 0.2321 0.1406 0.0733 -0.0624 0.0162 0.2156 0.4016 0.1841 0.1054 0.2110 0.1757 0.3591 0.4520 0.0715 0.1040 -0.2244 0.8241 0.5939 0.7257 0.5759 1.0000 0.4218 0.5691 0.4486 0.5866 0.1486 0.5200 0.6735 0.6616 0.4815 0.2378 0.1997 0.2954 0.1471 0.2650 0.1375 0.1841 0.2512 0.4028 0.1718 0.5485 0.4721 0.1700 0.1410 0.1573 0.2946 0.0192 0.1022 0.2490 0.2250 0.2427 0.3142 0.3708 0.2769 0.3998 0.4730
0.1736 0.1321 0.1581 0.1178 0.0144 0.1622 0.1193 0.2170 0.1233 0.1001 0.0508 0.1224 0.1020 0.1356 0.1728 0.1262 0.2390 0.2327 0.2465 0.1354 0.0687 0.0503 0.0725 0.1714 0.3102 0.1053 0.0495 0.1727 0.1330 0.2705 0.3355 0.3351 0.5440 0.2704 0.5955 0.6322 0.5768 0.4305 0.4218 1.0000 0.5224 0.3264 0.4354 0.4617 0.3777 0.4924 0.3329 0.5313 0.1614 0.1798 0.1896 0.1414 0.1617 0.1049 0.1018 0.1897 0.1780 0.0745 0.4159 0.4116 0.0939 0.0882 0.1133 0.2547 0.0409 0.1306 0.1677 0.1780 0.1734 0.2389 0.2868 0.4411 0.2845 0.3711
0.2887 0.1742 0.1632 0.1114 -0.0358 0.2595 0.1258 0.1567 0.0329 0.2293 0.1221 0.2170 0.1732 0.2989 0.1080 0.1774 0.3836 0.2333 0.2278 0.1416 0.0440 0.1821 0.2619 0.1804 0.4433 0.2615 0.1860 0.1585 0.1331 0.2515 0.2379 0.0942 0.2021 -0.0285 0.6727 0.3983 0.8305 0.2652 0.5691 0.5224 1.0000 0.1951 0.7197 0.1575 0.3658 0.4668 0.3832 0.3859 0.3062 0.2644 0.3337 0.2567 0.2062 0.1502 0.1914 0.1637 0.4279 0.1220 0.5312 0.3265 0.0849 0.0707 -0.0016 0.2437 -0.0366 0.1205 0.3523 0.2651 0.2814 0.2988 0.3947 0.2137 0.4563 0.2645
0.1808 0.1263 0.1065 0.0481 0.0066 0.0952 0.0982 0.1973 0.0476 0.0904 0.0804 0.1042 0.0991 -0.0292 0.0619 0.2318 0.2291 0.1808 0.1842 0.1276 -0.0037 -0.0852 -0.1596 0.1605 0.0759 -0.0559 -0.0335 0.0824 0.0733 0.4176 0.4419 0.0277 0.0982 -0.0221 0.4539 0.4998 0.3453 0.7969 0.4486 0.3264 0.1951 1.0000 0.1999 0.5630 0.2656 0.3996 0.2352 0.2677 0.1861 0.2465 0.2084 0.2519 0.1091 0.2460 0.1775 0.2455 0.0769 0.1439 0.4721 0.5402 0.1715 0.1567 0.1167 0.0779 -0.0286 -0.0480 -0.1015 -0.0285 0.0531 0.1465 0.1003 0.2401 -0.0584 0.3195
0.1036 -0.0482 0.2540 0.1484 -0.3477 0.2717 0.0677 0.0979 -0.2961 0.1409 0.1256 0.0842 0.0461 0.0793 -0.0532 0.0951 0.3230 0.2330 0.1922 0.1878 0.1900 -0.1483 0.0296 0.1505 0.5187 0.2653 0.1608 0.1002 0.0928 0.1402 0.2163 0.1036 0.4858 -0.2150 0.6075 0.2806 0.6123 0.1675 0.5866 0.4354 0.7197 0.1999 1.0000 0.2003 0.8037 0.6787 0.6399 0.5526 0.1179 0.1712 0.2186 0.1957 0.2096 0.2028 0.1321 0.3065 0.6169 0.2897 0.3943 0.3069 0.0826 0.0605 0.0760 0.3327 -0.0436 0.1082 0.2647 0.2841 0.2885 0.3272 0.3904 0.2797 0.5829 0.4786
0.0425 0.0833 -0.0416 0.0515 0.0272 -0.0395 0.1195 0.0792 0.1400 0.1326 0.0615 0.1102 0.0470 -0.1705 0.0479 0.0822 0.0996 0.0782 0.0828 0.0396 -0.0016 -0.0691 -0.1275 0.0507 0.1070 0.0063 0.0412 0.0935 0.0834 0.2866 0.2476 0.2044 0.2423 0.1989 0.2099 0.4207 0.1219 0.4088 0.1486 0.4617 0.1575 0.5630 0.2003 1.0000 0.1679 0.2957 0.1254 0.2458 0.0636 0.1247 0.1489 0.1375 0.0760 0.1306 0.1344 0.1086 -0.0085 0.1045 0.3272 0.3937 0.2180 0.1943 0.0801 0.0539 -0.0076 -0.0634 -0.2227 -0.1120 -0.0778 0.0405 -0.0656 0.3472 -0.1209 0.1758
-0.1404 -0.2119 0.1981 0.1610 -0.4320 0.1904 0.0594 0.0594 -0.4515 0.1598 0.1419 0.0895 -0.0150 -0.1385 -0.0876 0.1656 0.2218 0.1857 0.1380 0.1361 0.1825 -0.3822 -0.2303 0.2108 0.4454 0.1636 0.0948 0.0867 0.0849 0.1959 0.2644 0.1727 0.5688 -0.2573 0.5280 0.2386 0.4226 0.2422 0.5200 0.3777 0.3658 0.2656 0.8037 0.1679 1.0000 0.7317 0.7393 0.6411 -0.0034 0.0049 0.0770 0.0639 0.1759 0.1326 0.1939 0.2171 0.5072 0.2375 0.2800 0.2806 0.1828 0.1435 0.1741 0.3112 -0.0374 0.0547 0.1760 0.2581 0.2567 0.2346 0.3331 0.2270 0.4723 0.5566
-0.0604 -0.0699 0.1803 0.1608 -0.3054 0.2119 0.0711 0.1393 -0.2495 0.2388 0.1619 0.1946 0.0715 -0.0189 0.0780 0.1892 0.2493 0.2385 0.2255 0.1675 0.1474 -0.2672 -0.1202 0.2639 0.4125 0.1921 0.1261 0.1610 0.1476 0.3053 0.3354 0.2012 0.4918 -0.1143 0.6812 0.3857 0.5538 0.4024 0.6735 0.4924 0.4668 0.3996 0.6787 0.2957 0.7317 1.0000 0.6797 0.7388 0.0731 0.1062 0.1252 0.0786 0.1881 0.1477 0.1803 0.2803 0.3831 0.2217 0.3995 0.3686 0.2380 0.1842 0.2145 0.3316 0.0643 0.1744 0.2138 0.2772 0.2264 0.2704 0.3203 0.3102 0.3897 0.6531
-0.0178 -0.0481 0.2365 0.2521 -0.1594 0.3474 0.1568 0.2820 -0.3241 0.1909 0.1146 0.1302 0.1432 0.1288 0.0664 0.1620 0.2565 0.2136 0.1777 0.1783 0.2532 -0.1480 0.0165 0.2660 0.4231 0.2401 0.1489 0.1959 0.1829 0.2492 0.3817 0.2207 0.4065 -0.2521 0.5935 0.2957 0.4565 0.2795 0.6616 0.3329 0.3832 0.2352 0.6399 0.1254 0.7393 0.6797 1.0000 0.7425 0.1442 0.1318 0.1534 0.1480 0.1967 0.1146 0.2098 0.2561 0.4475 0.2404 0.3661 0.3876 0.2449 0.2330 0.2485 0.3509 0.0275 0.0507 0.3139 0.3831 0.2097 0.2884 0.3291 0.2867 0.4435 0.4686
-0.0332 0.0230 0.2210 0.3140 -0.0932 0.2328 0.1957 0.2656 -0.1976 0.2372 0.1337 0.1697 0.1525 0.0758 0.1707 0.2189 0.2372 0.2844 0.2766 0.1981 0.2149 -0.1054 0.0116 0.3270 0.4096 0.2134 0.1407 0.1769 0.1658 0.2322 0.2841 0.4178 0.6110 -0.0353 0.5443 0.3192 0.4661 0.2997 0.4815 0.5313 0.3859 0.2677 0.5526 0.2458 0.6411 0.7388 0.7425 1.0000 0.1412 0.1682 0.1087 0.1009 0.1660 0.1039 0.1877 0.2401 0.2868 0.2042 0.3365 0.3083 0.2753 0.2538 0.3039 0.3614 0.1107 0.0999 0.3282 0.3944 0.2146 0.2702 0.3234 0.3258 0.3613 0.5215
0.6928 0.5317 0.1554 0.3423 0.1937 0.5736 0.5241 0.2084 0.1218 0.4510 0.3562 0.4854 0.4091 0.2554 0.0991 0.3715 0.3575 0.4688 0.4696 0.0402 -0.0966 0.2082 0.1929 0.2988 0.1516 0.1688 0.1729 0.4868 0.3925 0.4030 0.3580 0.0918 0.0167 0.0567 0.2894 0.2502 0.3480 0.3161 0.2378 0.1614 0.3062 0.1861 0.1179 0.0636 -0.0034 0.0731 0.1442 0.1412 1.0000 0.3688 0.5105 -0.0419 0.5490 -0.1962 0.4884 -0.1144 0.2704 -0.0955 0.4727 0.2209 0.2865 0.2735 0.1556 0.1157 0.0517 0.0353 0.2074 0.1680 0.1226 0.1788 0.2760 0.1731 0.2008 0.1159
0.4959 0.7286 0.5413 0.4958 0.2006 0.4236 0.2865 0.2657 0.1496 0.1978 0.3554 0.1731 0.2840 0.2350 0.1874 -0.0038 0.2885 0.3865 0.4245 0.6170 0.4806 0.2355 0.2996 0.0237 0.0800 0.4104 0.4058 0.3905 0.4557 0.1257 0.1818 0.0683 0.0232 0.0419 0.2536 0.2626 0.2892 0.1850 0.1997 0.1798 0.2644 0.2465 0.1712 0.1247 0.0049 0.1062 0.1318 0.1682 0.3688 1.0000 0.0936 0.6740 -0.0483 0.5042 -0.0077 0.3320 0.0883 0.4315 0.3514 0.5013 0.0293 0.0337 0.0307 0.0583 0.0316 0.0133 0.1186 0.1581 0.0158 0.2458 0.0990 0.2635 0.1458 0.1692
0.3650 0.1344 -0.1648 0.1540 0.0896 0.3564 0.5337 0.1496 0.0803 0.0407 0.0721 0.2142 0.4587 0.1492 0.0496 0.0962 0.2369 0.2503 0.2349 -0.2732 -0.3393 0.1019 0.0998 0.0786 0.0657 -0.1454 -0.2167 0.1399 -0.0221 0.2567 0.2787 0.0220 -0.0029 0.0045 0.3367 0.2494 0.3489 0.3390 0.2954 0.1896 0.3337 0.2084 0.2186 0.1489 0.0770 0.1252 0.1534 0.1087 0.5105 0.0936 1.0000 -0.1372 0.8045 -0.4343 0.3500 -0.0449 0.4921 -0.1920 0.6643 0.2118 0.0869 0.1088 0.0714 0.0857 0.0291 0.0085 0.0687 0.0474 0.0706 0.1523 0.1519 0.1283 0.1452 0.0781
0.2393 0.3544 0.5407 0.3307 0.0918 0.1517 -0.0031 0.1394 0.0609 0.0152 -0.0110 -0.1599 -0.0244 0.1216 0.1073 0.0288 0.1803 0.1981 0.2033 0.6379 0.5511 0.1339 0.2005 0.0459 0.1064 0.1345 0.1724 0.0329 0.1453 0.0819 0.1736 -0.0239 -0.0261 -0.0444 0.1650 0.1371 0.2398 0.1650 0.1471 0.1414 0.2567 0.2519 0.1957 0.1375 0.0639 0.0786 0.1480 0.1009 -0.0419 0.6740 -0.1372 1.0000 -0.4372 0.7762 -0.1291 0.3538 0.0393 0.4780 0.2808 0.6231 -0.0042 0.0222 0.0196 0.0725 -0.0476 -0.0638 0.0991 0.1004 0.0368 0.1735 0.0547 0.1675 0.0787 0.0812
0.2385 0.1957 -0.2300 0.0994 -0.0102 0.3914 0.5500 0.1138 -0.0015 0.1112 0.2804 0.3655 0.4411 0.0834 0.0171 0.0785 0.1546 0.1515 0.1398 -0.3079 -0.3740 -0.0094 0.0164 0.0870 0.0966 0.0391 -0.0516 0.4148 0.2318 0.1589 0.1695 0.0738 0.1201 -0.0063 0.2803 0.1809 0.2358 0.2174 0.2650 0.1617 0.2062 0.1091 0.2096 0.0760 0.1759 0.1881 0.1967 0.1660 0.5490 -0.0483 0.8045 -0.4372 1.0000 -0.6276 0.3631 -0.1929 0.4871 -0.1913 0.4411 -0.0395 0.0920 0.0938 0.0872 0.1057 0.0284 0.0473 0.0673 0.0780 0.1081 0.1162 0.1645 0.1155 0.1787 0.1562
0.1520 0.1725 0.5522 0.2206 -0.0473 0.0482 -0.1639 0.0964 0.0399 0.0843 0.0387 -0.1619 -0.2259 0.0544 0.1143 0.0212 0.1665 0.1337 0.1308 0.6313 0.5855 0.0159 0.0688 0.0644 0.1761 0.2711 0.3233 -0.0737 0.1124 0.0786 0.1748 -0.0114 0.0457 -0.0443 0.1048 0.0886 0.1768 0.0942 0.1375 0.1049 0.1502 0.2460 0.2028 0.1306 0.1326 0.1477 0.1146 0.1039 -0.1962 0.5042 -0.4343 0.7762 -0.6276 1.0000 -0.2985 0.4802 -0.0773 0.6399 0.0322 0.4953 0.0289 0.0297 0.0547 0.1404 -0.0204 0.0059 0.0719 0.0806 0.0606 0.1525 0.0695 0.1666 0.0825 0.1629
0.0691 0.0237 -0.2409 0.0359 0.0006 0.1038 0.2604 0.0520 -0.0090 0.5192 0.3556 0.5765 0.3949 0.0246 0.0790 0.6058 0.2922 0.0527 0.0583 -0.3020 -0.4105 0.0153 -0.0887 0.4254 0.2474 -0.1859 -0.1240 0.2199 0.1352 0.6269 0.3698 0.1373 0.1492 0.0516 0.2078 0.1200 0.2250 0.3692 0.1841 0.1018 0.1914 0.1775 0.1321 0.1344 0.1939 0.1803 0.2098 0.1877 0.4884 -0.0077 0.3500 -0.1291 0.3631 -0.2985 1.0000 -0.4270 0.3927 -0.4990 0.5374 0.2904 0.3482 0.3271 0.2096 0.1852 0.0985 0.0765 0.2052 0.1740 0.1916 0.1225 0.3663 0.1350 0.1778 0.2211
0.1562 0.0188 0.4448 0.3043 -0.0224 0.1799 0.0529 0.2037 -0.0491 -0.3282 -0.2279 -0.3649 0.0519 0.1281 0.0020 -0.2749 0.2031 0.3403 0.3347 0.4451 0.5098 -0.0428 0.1245 -0.1212 0.1462 0.1283 0.0407 -0.2251 -0.1878 -0.1014 0.0583 0.0358 0.1849 -0.0682 0.2573 0.1742 0.2127 0.0997 0.2512 0.1897 0.1637 0.2455 0.3065 0.1086 0.2171 0.2803 0.2561 0.2401 -0.1144 0.3320 -0.0449 0.3538 -0.1929 0.4802 -0.4270 1.0000 0.0590 0.5286 0.0941 0.2611 -0.1677 -0.1770 0.0384 0.1603 0.0648 0.1212 0.0435 0.1441 -0.0039 0.2576 0.0512 0.2915 0.1554 0.2507
0.1679 -0.0114 0.0935 0.1608 -0.1952 0.3097 0.2254 0.0838 -0.2562 0.1319 0.1669 0.1876 0.2796 0.0837 -0.0781 0.1310 0.2886 0.1968 0.1511 0.0003 -0.0387 -0.1033 0.0713 0.0970 0.2470 0.0696 -0.0305 0.1350 0.0519 0.2249 0.2439 0.0165 0.2972 -0.1624 0.4099 0.2033 0.3956 0.1710 0.4028 0.1780 0.4279 0.0769 0.6169 -0.0085 0.5072 0.3831 0.4475 0.2868 0.2704 0.0883 0.4921 0.0393 0.4871 -0.0773 0.3927 0.0590 1.0000 0.1269 0.4851 0.2284 0.0838 0.0850 0.0904 0.2161 -0.0127 0.0461 0.1757 0.2220 0.2273 0.2735 0.3034 0.2339 0.4750 0.4075
0.1206 0.2134 0.5363 0.3433 -0.0004 0.1993 0.0333 0.1188 -0.0449 -0.0318 0.0640 -0.2231 -0.1549 0.0346 0.1093 -0.1893 0.1198 0.1932 0.1557 0.6014 0.6520 -0.0440 0.1700 -0.0457 0.1016 0.4752 0.4745 0.0644 0.1804 -0.1742 0.0546 0.0292 0.0861 -0.1060 0.1699 0.0917 0.1522 -0.0467 0.1718 0.0745 0.1220 0.1439 0.2897 0.1045 0.2375 0.2217 0.2404 0.2042 -0.0955 0.4315 -0.1920 0.4780 -0.1913 0.6399 -0.4990 0.5286 0.1269 1.0000 -0.0819 0.1914 0.0264 0.0319 0.0838 0.0866 0.0080 -0.0311 0.0672 0.1438 0.0578 0.1803 -0.0232 0.2216 0.1737 0.2454
0.3798 0.2272 0.1139 0.2555 0.0526 0.4054 0.4080 0.2717 0.0876 0.2855 0.1905 0.3598 0.3984 0.2390 0.1387 0.3715 0.4331 0.3524 0.3543 0.0755 -0.0880 0.1174 0.0931 0.3213 0.3360 -0.0480 -0.0761 0.2408 0.1440 0.6828 0.6081 0.1771 0.1392 0.0283 0.6075 0.4394 0.6496 0.6567 0.5485 0.4159 0.5312 0.4721 0.3943 0.3272 0.2800 0.3995 0.3661 0.3365 0.4727 0.3514 0.6643 0.2808 0.4411 0.0322 0.5374 0.0941 0.4851 -0.0819 1.0000 0.7489 0.2452 0.2342 0.1889 0.2690 0.0710 0.0800 0.2169 0.1671 0.1962 0.2743 0.3877 0.3267 0.3183 0.3121
0.3208 0.2530 0.3193 0.2240 0.0270 0.3028 0.1724 0.2420 0.0802 0.2546 0.1689 0.2079 0.1661 0.1207 0.1233 0.2571 0.3215 0.2731 0.2817 0.3511 0.2157 0.0393 0.0423 0.2917 0.2621 0.0796 0.1122 0.2368 0.2590 0.5939 0.6769 0.1597 0.1735 0.0491 0.4775 0.4269 0.4799 0.6343 0.4721 0.4116 0.3265 0.5402 0.3069 0.3937 0.2806 0.3686 0.3876 0.3083 0.2209 0.5013 0.2118 0.6231 -0.0395 0.4953 0.2904 0.2611 0.2284 0.1914 0.7489 1.0000 0.2649 0.2738 0.2574 0.3103 0.1224 0.1222 0.1366 0.1492 0.0558 0.2644 0.2305 0.3900 0.2053 0.3236
0.0064 0.0152 0.0363 0.1034 -0.0005 0.0746 0.0232 0.1289 -0.0732 0.7111 0.0199 0.2683 -0.0956 -0.0973 0.0684 0.5533 0.0935 0.0803 0.0744 0.0680 0.0621 -0.0187 0.0688 0.6251 0.0882 0.1584 0.2356 0.1272 0.1420 0.3904 0.4511 0.1023 0.1376 0.0055 0.1020 0.1204 0.1373 0.2572 0.1700 0.0939 0.0849 0.1715 0.0826 0.2180 0.1828 0.2380 0.2449 0.2753 0.2865 0.0293 0.0869 -0.0042 0.0920 0.0289 0.3482 -0.1677 0.0838 0.0264 0.2452 0.2649 1.0000 0.9537 0.5846 0.3530 0.1693 0.0898 0.1058 0.2102 -0.1981 0.0990 -0.0540 0.1486 -0.0496 0.2411
0.0246 0.0122 0.0616 0.1129 0.0385 0.1005 0.0664 0.1767 -0.0209 0.6608 -0.0135 0.2144 -0.0855 -0.0310 0.1341 0.5493 0.1392 0.0757 0.0731 0.0659 0.0682 0.0593 0.1216 0.6398 0.0948 0.1310 0.1975 0.1098 0.1199 0.3832 0.4654 0.0946 0.0970 0.0106 0.0870 0.0928 0.1161 0.2469 0.1410 0.0882 0.0707 0.1567 0.0605 0.1943 0.1435 0.1842 0.2330 0.2538 0.2735 0.0337 0.1088 0.0222 0.0938 0.0297 0.3271 -0.1770 0.0850 0.0319 0.2342 0.2738 0.9537 1.0000 0.6093 0.3939 0.2027 0.0792 0.1388 0.2372 -0.1861 0.1369 -0.0326 0.1585 -0.0411 0.2109
-0.0289 0.0257 0.0389 0.1481 0.0754 0.0758 0.1565 0.0317 0.0617 0.3456 -0.0208 0.1403 0.0739 -0.0511 0.2319 0.4477 0.1376 0.0873 0.0857 0.0560 0.0751 0.0809 0.2316 0.7556 0.2009 0.0867 0.1216 0.1082 0.1025 0.3218 0.4527 0.2914 0.2535 0.1879 0.1231 0.0062 0.1831 0.1925 0.1573 0.1133 -0.0016 0.1167 0.0760 0.0801 0.1741 0.2145 0.2485 0.3039 0.1556 0.0307 0.0714 0.0196 0.0872 0.0547 0.2096 0.0384 0.0904 0.0838 0.1889 0.2574 0.5846 0.6093 1.0000 0.7281 0.7694 0.5784 0.5319 0.6282 0.0948 0.5095 0.2147 0.2703 0.1873 0.3322
0.0109 -0.0044 0.0273 0.0597 -0.1077 0.0803 0.0754 0.0402 -0.0317 0.2944 0.0741 0.1575 0.0670 0.0962 0.1838 0.3824 0.4423 0.0552 0.0597 0.0289 0.0680 0.0077 0.1640 0.6877 0.5837 0.2113 0.1921 0.1261 0.1330 0.3438 0.3583 0.3352 0.4074 0.1660 0.2800 0.0777 0.3734 0.1633 0.2946 0.2547 0.2437 0.0779 0.3327 0.0539 0.3112 0.3316 0.3509 0.3614 0.1157 0.0583 0.0857 0.0725 0.1057 0.1404 0.1852 0.1603 0.2161 0.0866 0.2690 0.3103 0.3530 0.3939 0.7281 1.0000 0.5855 0.6739 0.6469 0.7132 0.3347 0.6883 0.5136 0.4413 0.3880 0.4408
-0.0318 0.0630 -0.0505 0.1109 0.1950 -0.0160 0.1469 -0.0818 0.2333 0.0812 0.0152 0.1434 0.1718 -0.0226 0.2363 0.0816 0.0406 0.0364 0.0493 0.0217 0.0344 0.1657 0.2928 0.4260 0.0783 0.0900 0.1159 0.0896 0.0829 0.1644 0.2062 0.3293 0.1971 0.3814 0.0416 -0.1089 0.1037 0.0411 0.0192 0.0409 -0.0366 -0.0286 -0.0436 -0.0076 -0.0374 0.0643 0.0275 0.1107 0.0517 0.0316 0.0291 -0.0476 0.0284 -0.0204 0.0985 0.0648 -0.0127 0.0080 0.0710 0.1224 0.1693 0.2027 0.7694 0.5855 1.0000 0.7934 0.4935 0.5799 0.0481 0.5177 0.1604 0.2743 0.2124 0.2307
-0.0146 0.0434 -0.1156 -0.0327 0.0100 -0.0539 -0.0055 -0.1923 0.1312 0.0809 0.0944 0.1958 0.1345 -0.0409 0.0593 0.0633 0.1100 -0.0054 0.0222 -0.0308 -0.0031 0.0264 0.1877 0.3602 0.2114 0.1819 0.1908 0.1421 0.1408 0.1547 0.1556 0.2655 0.3167 0.3632 0.1060 -0.0558 0.2075 0.0174 0.1022 0.1306 0.1205 -0.0480 0.1082 -0.0634 0.0547 0.1744 0.0507 0.0999 0.0353 0.0133 0.0085 -0.0638 0.0473 0.0059 0.0765 0.1212 0.0461 -0.0311 0.0800 0.1222 0.0898 0.0792 0.5784 0.6739 0.7934 1.0000 0.5066 0.5985 0.1136 0.5258 0.2471 0.3445 0.2823 0.3277
0.0627 0.0919 0.1186 0.1976 0.0938 0.1809 0.1810 0.0575 0.0464 0.2403 0.1272 0.1767 0.2165 0.2345 0.2741 0.4093 0.3622 0.1432 0.1411 0.0975 0.1129 0.2164 0.3461 0.5839 0.4997 0.1620 0.1333 0.1282 0.1260 0.3016 0.3195 0.3236 0.2141 0.0947 0.2694 -0.0552 0.4666 0.0293 0.2490 0.1677 0.3523 -0.1015 0.2647 -0.2227 0.1760 0.2138 0.3139 0.3282 0.2074 0.1186 0.0687 0.0991 0.0673 0.0719 0.2052 0.0435 0.1757 0.0672 0.2169 0.1366 0.1058 0.1388 0.5319 0.6469 0.4935 0.5066 1.0000 0.8472 0.5650 0.5295 0.6023 0.1630 0.5079 0.2662
0.0082 0.1025 0.1163 0.2642 0.0695 0.1597 0.2001 0.0594 -0.0224 0.2141 0.1240 0.1282 0.2596 0.0808 0.2252 0.3023 0.3538 0.1772 0.1733 0.1341 0.1941 0.1473 0.3605 0.5377 0.4003 0.2468 0.2022 0.1566 0.1628 0.2133 0.2480 0.3109 0.3749 0.1411 0.2413 0.0095 0.3730 0.0287 0.2250 0.1780 0.2651 -0.0285 0.2841 -0.1120 0.2581 0.2772 0.3831 0.3944 0.1680 0.1581 0.0474 0.1004 0.0780 0.0806 0.1740 0.1441 0.2220 0.1438 0.1671 0.1492 0.2102 0.2372 0.6282 0.7132 0.5799 0.5985 0.8472 1.0000 0.3633 0.6921 0.4306 0.3458 0.3772 0.4077
0.0195 -0.0220 0.0246 0.0351 -0.0620 0.0776 0.0530 0.0266 -0.0216 0.1512 0.2111 0.1994 0.0825 0.2123 0.1368 0.4371 0.5468 0.0430 0.0404 -0.0175 -0.0253 -0.0306 -0.0116 0.3738 0.5834 0.0706 0.0629 0.0516 0.0469 0.2711 0.1269 0.1989 0.1988 0.0330 0.2883 0.0940 0.3695 0.1205 0.2427 0.1734 0.2814 0.0531 0.2885 -0.0778 0.2567 0.2264 0.2097 0.2146 0.1226 0.0158 0.0706 0.0368 0.1081 0.0606 0.1916 -0.0039 0.2273 0.0578 0.1962 0.0558 -0.1981 -0.1861 0.0948 0.3347 0.0481 0.1136 0.5650 0.3633 1.0000 0.3505 0.8364 0.0654 0.4323 0.2308
0.1498 0.1457 0.1111 0.1890 0.0245 0.1402 0.1793 0.0914 0.0818 0.1299 0.0936 0.1000 0.1836 0.1266 0.2416 0.1924 0.5719 0.1676 0.1731 0.1230 0.1184 0.1399 0.3198 0.4568 0.4820 0.2139 0.1850 0.1240 0.1245 0.1945 0.1641 0.2871 0.2884 0.1643 0.3645 0.1494 0.4115 0.1994 0.3142 0.2389 0.2988 0.1465 0.3272 0.0405 0.2346 0.2704 0.2884 0.2702 0.1788 0.2458 0.1523 0.1735 0.1162 0.1525 0.1225 0.2576 0.2735 0.1803 0.2743 0.2644 0.0990 0.1369 0.5095 0.6883 0.5177 0.5258 0.5295 0.6921 0.3505 1.0000 0.5051 0.5390 0.4532 0.3988
0.1304 -0.0026 0.0855 0.0625 -0.0818 0.1625 0.0834 0.1141 -0.0213 0.2791 0.2455 0.2899 0.1570 0.3346 0.1767 0.5435 0.6666 0.1442 0.1424 -0.0187 -0.0520 0.0349 0.0166 0.5340 0.6901 0.0757 0.0559 0.0853 0.0595 0.4834 0.2863 0.2751 0.2839 0.0581 0.4434 0.1216 0.5249 0.2359 0.3708 0.2868 0.3947 0.1003 0.3904 -0.0656 0.3331 0.3203 0.3291 0.3234 0.2760 0.0990 0.1519 0.0547 0.1645 0.0695 0.3663 0.0512 0.3034 -0.0232 0.3877 0.2305 -0.0540 -0.0326 0.2147 0.5136 0.1604 0.2471 0.6023 0.4306 0.8364 0.5051 1.0000 0.2871 0.6502 0.3559
0.1924 0.1835 0.1691 0.2323 0.0295 0.1178 0.1575 0.2029 0.0718 0.0858 0.1420 0.0776 0.0538 0.1423 0.1948 0.0805 0.3913 0.2328 0.2250 0.1924 0.1508 -0.0019 0.1016 0.2650 0.3911 0.1730 0.1509 0.1561 0.1413 0.2622 0.2821 0.2536 0.4784 0.2907 0.3442 0.3138 0.3019 0.3072 0.2769 0.4411 0.2137 0.2401 0.2797 0.3472 0.2270 0.3102 0.2867 0.3258 0.1731 0.2635 0.1283 0.1675 0.1155 0.1666 0.1350 0.2915 0.2339 0.2216 0.3267 0.3900 0.1486 0.1585 0.2703 0.4413 0.2743 0.3445 0.1630 0.3458 0.0654 0.5390 0.2871 1.0000 0.3774 0.6020
0.1356 0.0257 0.2268 0.1746 -0.1409 0.2823 0.1259 0.0046 -0.1410 0.1506 0.1724 0.1674 0.0907 0.2787 0.0880 0.1661 0.3519 0.2149 0.1835 0.1597 0.1361 0.0464 0.1934 0.3151 0.5306 0.2048 0.1504 0.1481 0.1141 0.2486 0.2110 0.3240 0.3519 0.0677 0.5357 -0.0204 0.5343 0.0956 0.3998 0.2845 0.4563 -0.0584 0.5829 -0.1209 0.4723 0.3897 0.4435 0.3613 0.2008 0.1458 0.1452 0.0787 0.1787 0.0825 0.1778 0.1554 0.4750 0.1737 0.3183 0.2053 -0.0496 -0.0411 0.1873 0.3880 0.2124 0.2823 0.5079 0.3772 0.4323 0.4532 0.6502 0.3774 1.0000 0.4536
-0.0027 0.0419 0.1701 0.2325 -0.1669 0.1217 0.0871 0.1442 -0.1440 0.2401 0.2375 0.1846 0.0576 0.0417 0.1960 0.2371 0.3060 0.2425 0.2321 0.1781 0.1544 -0.1854 -0.0409 0.3521 0.3535 0.2081 0.1846 0.1682 0.1631 0.2830 0.3274 0.2564 0.5739 0.1641 0.4749 0.2996 0.3906 0.3724 0.4730 0.3711 0.2645 0.3195 0.4786 0.1758 0.5566 0.6531 0.4686 0.5215 0.1159 0.1692 0.0781 0.0812 0.1562 0.1629 0.2211 0.2507 0.4075 0.2454 0.3121 0.3236 0.2411 0.2109 0.3322 0.4408 0.2307 0.3277 0.2662 0.4077 0.2308 0.3988 0.3559 0.6020 0.4536 1.0000
