1.0000 0.6460 0.7294 0.7287 0.4527 0.8306 0.7269 0.0520 0.1303 0.6840 0.6065 0.5397 0.5520 0.0314 0.0233 0.5234 0.4923 0.4337 0.7184 0.6408 0.7012 -0.0465 0.1034 0.4122 0.4377 0.5058 0.5814 0.4891 0.5527 0.0922 0.3958 0.3266 0.1705 -0.1136 0.4729 0.4628 0.6001 0.6063 0.3434 0.3051 0.5595 0.6452 0.4130 0.5382 0.4958 0.5315 0.3984 0.5255 0.7177 0.6355 0.7483 0.6611 0.6687 0.5140 0.5207 0.6364 0.6040 0.6783 0.5878 0.6257 0.2431 0.5188 0.4698 0.6298 0.2724 0.4729 0.3730 0.4280 0.2536 0.3497 0.3886 0.4418 0.3541 0.4796
0.6460 1.0000 0.6546 0.7169 0.4998 0.6495 0.7123 0.0555 0.2691 0.5156 0.6521 0.4414 0.5947 -0.0442 0.1285 0.4314 0.3886 0.6379 0.7369 0.6189 0.6727 -0.0330 0.0859 0.3717 0.3286 0.3853 0.5185 0.6883 0.7774 -0.0451 0.2338 0.2676 0.1035 -0.2173 0.4505 0.4437 0.5567 0.5387 0.3582 0.2980 0.5339 0.5731 0.4535 0.4513 0.4345 0.4974 0.3570 0.4486 0.5710 0.9188 0.5593 0.8290 0.6027 0.7688 0.4829 0.7023 0.5586 0.6670 0.5928 0.5885 0.2307 0.4618 0.3986 0.5213 0.2212 0.4335 0.3454 0.3934 0.1961 0.3404 0.2577 0.3970 0.2047 0.4513
0.7294 0.6546 1.0000 0.7182 0.5356 0.8594 0.7206 0.1199 0.2346 0.5521 0.5134 0.5476 0.5761 0.0416 0.0641 0.4970 0.4712 0.6129 0.6959 0.8006 0.6946 -0.0466 0.0949 0.4133 0.4143 0.4949 0.5232 0.4848 0.5012 0.0476 0.3704 0.3330 0.1723 -0.0845 0.4196 0.3910 0.5553 0.4781 0.3524 0.3071 0.5697 0.5588 0.4679 0.3928 0.4020 0.4727 0.3365 0.4755 0.6689 0.6698 0.7561 0.7289 0.6466 0.4630 0.6054 0.5890 0.6251 0.6607 0.6412 0.6234 0.2401 0.4698 0.3979 0.5800 0.2317 0.3997 0.3376 0.4379 0.2065 0.3496 0.3637 0.4270 0.3009 0.4363
0.7287 0.7169 0.7182 1.0000 0.5816 0.7906 0.8372 0.0284 0.2298 0.5247 0.5837 0.4268 0.6099 0.0235 0.1006 0.5106 0.4163 0.5362 0.7589 0.6634 0.7713 -0.0843 0.1033 0.4068 0.4307 0.5136 0.6795 0.5008 0.5680 0.0418 0.3656 0.3740 0.1472 -0.0908 0.4717 0.4554 0.6047 0.5687 0.4354 0.3201 0.5788 0.6667 0.4841 0.4752 0.5007 0.5394 0.3568 0.5075 0.5621 0.6652 0.7727 0.7330 0.7036 0.6420 0.5023 0.6750 0.6294 0.7405 0.6984 0.6466 0.3243 0.5780 0.4489 0.6239 0.2457 0.4811 0.3977 0.4591 0.2346 0.3743 0.4306 0.4857 0.3216 0.5418
0.4527 0.4998 0.5356 0.5816 1.0000 0.5701 0.4830 0.3044 0.6106 0.3717 0.2960 0.4178 0.5148 0.2314 0.3622 0.4272 0.2431 0.3802 0.3910 0.4654 0.5249 0.2081 0.4552 0.3396 0.3247 0.4191 0.4587 0.2979 0.3979 -0.0890 0.1432 0.2020 0.1086 -0.1179 0.4062 0.3846 0.4702 0.3868 0.3754 0.3153 0.4926 0.4158 0.4798 0.3946 0.2764 0.3584 0.2545 0.3045 0.5299 0.5420 0.5274 0.5274 0.5097 0.4136 0.4333 0.4690 0.4124 0.4778 0.4605 0.4004 0.3135 0.4861 0.3192 0.3962 0.2744 0.2420 0.3807 0.3753 0.1905 0.2614 0.3285 0.4033 0.2259 0.4341
0.8306 0.6495 0.8594 0.7906 0.5701 1.0000 0.7609 0.1234 0.2499 0.5628 0.5738 0.5761 0.6157 0.0596 0.0779 0.5220 0.4889 0.4797 0.7091 0.7418 0.7471 -0.0346 0.1323 0.4142 0.4466 0.5322 0.5593 0.5027 0.5727 0.0649 0.3907 0.3354 0.1567 -0.1124 0.4674 0.4437 0.5994 0.5215 0.3733 0.3322 0.5863 0.5973 0.4888 0.4398 0.4206 0.4954 0.3246 0.4920 0.7013 0.6496 0.8056 0.6933 0.6554 0.5184 0.5576 0.6378 0.6305 0.6996 0.7273 0.6891 0.2311 0.4821 0.4049 0.5979 0.2159 0.4169 0.3312 0.4211 0.2278 0.3645 0.3885 0.4358 0.2853 0.4538
0.7269 0.7123 0.7206 0.8372 0.4830 0.7609 1.0000 -0.0372 0.0169 0.5690 0.7335 0.4701 0.6240 -0.0575 -0.1138 0.4387 0.5289 0.5042 0.7285 0.7671 0.7707 -0.2064 0.0656 0.3926 0.4692 0.5072 0.6416 0.4654 0.5384 0.0333 0.4180 0.3379 0.0964 -0.1281 0.4582 0.4086 0.6274 0.6136 0.3539 0.2275 0.5828 0.6924 0.3771 0.5013 0.5290 0.5893 0.2867 0.5459 0.4647 0.6283 0.7954 0.7705 0.6534 0.5975 0.5160 0.7478 0.6581 0.8123 0.6778 0.7174 0.2308 0.6117 0.4637 0.6965 0.2377 0.5199 0.3451 0.4155 0.1872 0.4151 0.3252 0.5233 0.3280 0.5535
0.0520 0.0555 0.1199 0.0284 0.3044 0.1234 -0.0372 1.0000 0.5374 0.1174 0.0036 0.4861 0.2737 0.6693 0.5533 0.2710 0.0781 -0.0162 0.0281 0.0139 0.0673 0.5767 0.5049 0.4881 0.2685 0.2240 0.1211 0.1230 0.1697 0.1799 0.0644 0.0838 0.1306 0.1212 0.2501 0.1635 0.1243 0.0923 0.1718 0.2325 0.2171 0.0604 0.3165 0.2094 0.0929 0.0859 0.2445 0.0775 0.1809 0.1426 0.0620 0.0206 -0.0285 0.0354 0.1652 -0.0028 0.0211 -0.0251 0.1251 0.1372 0.3756 0.0068 0.2550 0.0589 0.1937 -0.1210 0.0522 0.1698 0.3214 0.3224 0.2332 0.1791 0.3627 0.1514
0.1303 0.2691 0.2346 0.2298 0.6106 0.2499 0.0169 0.5374 1.0000 0.1357 -0.0516 0.3444 0.4093 0.3735 0.8053 0.3298 0.0263 0.1875 0.1328 0.0770 0.1481 0.4391 0.3505 0.3174 0.2124 0.0712 0.0853 0.1356 0.2291 -0.1045 -0.0709 0.0883 0.1611 -0.0566 0.3139 0.3245 0.2555 0.1313 0.3254 0.3840 0.3528 0.1084 0.5093 0.2140 0.0629 0.0893 0.2701 0.0535 0.4689 0.3781 0.1654 0.2074 0.2419 0.1630 0.2919 0.1466 0.1666 0.1004 0.1997 0.1357 0.2402 0.0820 0.0586 0.0406 0.1039 -0.0208 0.2010 0.2734 0.1631 0.1663 0.3030 0.1987 0.1249 0.2341
0.6840 0.5156 0.5521 0.5247 0.3717 0.5628 0.5690 0.1174 0.1357 1.0000 0.6470 0.7407 0.5644 0.0733 0.0274 0.6511 0.6318 0.4014 0.5322 0.5848 0.6461 0.0221 0.1526 0.4670 0.5299 0.5484 0.5214 0.4558 0.4692 0.1007 0.4352 0.2661 0.1485 -0.0693 0.4091 0.4134 0.5673 0.5332 0.2807 0.2644 0.5756 0.5491 0.3924 0.4510 0.4628 0.4612 0.3817 0.4475 0.5038 0.5166 0.5471 0.4756 0.5566 0.4301 0.6672 0.6124 0.6391 0.6633 0.4436 0.4903 0.1577 0.4671 0.4593 0.6677 0.2485 0.4080 0.2621 0.5196 0.2892 0.4468 0.4061 0.4616 0.3299 0.4370
0.6065 0.6521 0.5134 0.5837 0.2960 0.5738 0.7335 0.0036 -0.0516 0.6470 1.0000 0.5593 0.7241 -0.0357 -0.0972 0.3982 0.6468 0.3040 0.5110 0.6016 0.7091 -0.0959 0.0861 0.3642 0.4986 0.5309 0.5772 0.5573 0.6073 0.1065 0.4576 0.1877 0.0749 -0.1727 0.3820 0.3412 0.5689 0.5911 0.1745 0.1194 0.5131 0.6226 0.2926 0.5117 0.4337 0.4865 0.2315 0.4291 0.3118 0.5586 0.5288 0.5462 0.4164 0.6185 0.4814 0.7490 0.5858 0.7390 0.4637 0.5587 0.0946 0.5050 0.4277 0.6788 0.2085 0.4677 0.1732 0.4025 0.1717 0.4103 0.2516 0.4174 0.3084 0.4647
0.5397 0.4414 0.5476 0.4268 0.4178 0.5761 0.4701 0.4861 0.3444 0.7407 0.5593 1.0000 0.6676 0.3625 0.2604 0.5650 0.6304 0.2974 0.4132 0.5268 0.5939 0.2463 0.3404 0.6074 0.5975 0.5517 0.4197 0.3958 0.4482 0.1164 0.3662 0.2563 0.1564 -0.0362 0.3754 0.3835 0.4487 0.3910 0.2975 0.2691 0.5098 0.3929 0.4269 0.3895 0.3470 0.3478 0.3420 0.3462 0.5053 0.4923 0.4769 0.3863 0.4071 0.3691 0.5537 0.5265 0.5204 0.5471 0.3920 0.4649 0.2870 0.3204 0.4038 0.5219 0.2116 0.2287 0.1780 0.5450 0.3678 0.5669 0.3427 0.4959 0.3704 0.3749
0.5520 0.5947 0.5761 0.6099 0.5148 0.6157 0.6240 0.2737 0.4093 0.5644 0.7241 0.6676 1.0000 0.2241 0.4001 0.4939 0.4665 0.3667 0.5116 0.5834 0.6724 0.1147 0.2320 0.4765 0.4846 0.4642 0.4918 0.4044 0.4779 0.0177 0.3698 0.2913 0.1451 -0.0676 0.4771 0.4096 0.5838 0.5150 0.3790 0.3036 0.6024 0.5410 0.4796 0.4835 0.4004 0.4332 0.3838 0.3742 0.5286 0.5752 0.5745 0.5311 0.5108 0.4964 0.5780 0.6244 0.5562 0.6225 0.4747 0.5127 0.2886 0.5485 0.4059 0.5158 0.3030 0.3109 0.3335 0.4827 0.2155 0.3517 0.4195 0.3457 0.3419 0.4602
0.0314 -0.0442 0.0416 0.0235 0.2314 0.0596 -0.0575 0.6693 0.3735 0.0733 -0.0357 0.3625 0.2241 1.0000 0.4942 0.1874 -0.0179 -0.0643 0.0196 -0.0262 0.0673 0.5174 0.4467 0.3705 0.3834 0.2274 0.1321 0.0747 0.1030 0.2968 0.2541 0.2259 0.2260 0.3303 0.2785 0.2511 0.0958 0.0779 0.2300 0.2525 0.1286 0.0663 0.2944 0.2022 0.1527 0.0911 0.2781 0.0920 0.0696 0.0194 0.0329 -0.0496 -0.0276 0.0317 0.1207 -0.0451 0.0028 -0.0415 0.0567 0.1695 0.4817 0.1464 0.2927 0.0828 0.2686 -0.0870 0.1326 0.3729 0.1792 0.2571 0.3950 0.2801 0.5556 0.2056
0.0233 0.1285 0.0641 0.1006 0.3622 0.0779 -0.1138 0.5533 0.8053 0.0274 -0.0972 0.2604 0.4001 0.4942 1.0000 0.2059 -0.0948 0.0404 0.0277 -0.0867 -0.0009 0.4747 0.2893 0.2888 0.2109 -0.0084 -0.0195 0.0448 0.1238 -0.0469 -0.0758 0.0917 0.2493 0.0665 0.2657 0.2839 0.1563 0.0607 0.3128 0.3777 0.2616 0.0449 0.4655 0.1985 0.0728 0.0511 0.3228 -0.0133 0.3246 0.2188 0.0154 0.0191 0.1160 0.0574 0.1994 0.0180 0.0510 -0.0491 0.0478 0.0110 0.2586 0.0536 0.0747 -0.0559 0.1552 -0.1171 0.1488 0.2288 0.1593 0.0744 0.3269 0.0937 0.2130 0.2242
0.5234 0.4314 0.4970 0.5106 0.4272 0.5220 0.4387 0.2710 0.3298 0.6511 0.3982 0.5650 0.4939 0.1874 0.2059 1.0000 0.5464 0.4148 0.4877 0.4758 0.5435 0.0667 0.1616 0.5882 0.5868 0.4728 0.5293 0.4091 0.4382 0.1000 0.3351 0.2861 0.2487 -0.0553 0.4652 0.4285 0.6032 0.4605 0.3323 0.3276 0.6262 0.4838 0.6011 0.4053 0.4438 0.3841 0.3842 0.3661 0.5649 0.4622 0.4889 0.3956 0.5192 0.3894 0.6221 0.5235 0.5824 0.5152 0.4590 0.4867 0.2766 0.4049 0.4102 0.5837 0.2369 0.3903 0.2619 0.5107 0.4920 0.5627 0.6529 0.5453 0.3935 0.4831
0.4923 0.3886 0.4712 0.4163 0.2431 0.4889 0.5289 0.0781 0.0263 0.6318 0.6468 0.6304 0.4665 -0.0179 -0.0948 0.5464 1.0000 0.2300 0.3767 0.4872 0.5617 -0.0764 0.0706 0.3736 0.6881 0.5166 0.4424 0.3151 0.3030 0.0197 0.3867 0.2015 0.0913 -0.1379 0.3060 0.3164 0.5149 0.4302 0.1939 0.1479 0.5008 0.4627 0.3342 0.3859 0.3249 0.3542 0.1800 0.3619 0.3666 0.4283 0.4574 0.3457 0.3795 0.3214 0.4994 0.6454 0.5713 0.6619 0.3446 0.4464 -0.0542 0.2653 0.2688 0.6470 0.1442 0.3090 0.0681 0.5146 0.2265 0.5972 0.3116 0.5389 0.2332 0.3969
0.4337 0.6379 0.6129 0.5362 0.3802 0.4797 0.5042 -0.0162 0.1875 0.4014 0.3040 0.2974 0.3667 -0.0643 0.0404 0.4148 0.2300 1.0000 0.7278 0.6405 0.5301 -0.1174 -0.0075 0.3145 0.2286 0.2596 0.4024 0.4544 0.4237 -0.0271 0.2179 0.2906 0.1672 -0.1017 0.3465 0.3534 0.4244 0.3390 0.3338 0.3054 0.3726 0.3969 0.3806 0.2503 0.3766 0.4025 0.3415 0.4056 0.4641 0.5815 0.4732 0.6798 0.5546 0.4235 0.4110 0.4155 0.4506 0.4341 0.5033 0.4536 0.2623 0.3837 0.3427 0.4144 0.1869 0.3421 0.2830 0.3414 0.1344 0.2589 0.2602 0.3370 0.1781 0.3358
0.7184 0.7369 0.6959 0.7589 0.3910 0.7091 0.7285 0.0281 0.1328 0.5322 0.5110 0.4132 0.5116 0.0196 0.0277 0.4877 0.3767 0.7278 1.0000 0.6631 0.6823 -0.0896 0.0662 0.4031 0.3618 0.4291 0.5453 0.5391 0.5534 0.0873 0.3994 0.3508 0.1883 -0.0896 0.4856 0.4241 0.5449 0.5186 0.4033 0.3217 0.4738 0.5603 0.4035 0.4406 0.5364 0.5077 0.4565 0.5061 0.5596 0.6496 0.6606 0.7719 0.6159 0.5218 0.4989 0.5592 0.5483 0.5716 0.6327 0.6575 0.3439 0.5254 0.4273 0.5561 0.2486 0.4581 0.4198 0.4432 0.2328 0.3310 0.4124 0.4264 0.3692 0.4778
0.6408 0.6189 0.8006 0.6634 0.4654 0.7418 0.7671 0.0139 0.0770 0.5848 0.6016 0.5268 0.5834 -0.0262 -0.0867 0.4758 0.4872 0.6405 0.6631 1.0000 0.8357 -0.1142 0.0797 0.4296 0.4224 0.5548 0.6103 0.4914 0.4984 0.1050 0.4596 0.3438 0.1611 -0.1100 0.4677 0.3760 0.5930 0.5027 0.3229 0.2599 0.5448 0.5857 0.4047 0.3918 0.4802 0.5609 0.3124 0.5478 0.5278 0.5584 0.7182 0.6677 0.6709 0.4816 0.5830 0.6576 0.7070 0.6987 0.6669 0.6358 0.2482 0.5747 0.4667 0.6436 0.2544 0.4608 0.3493 0.3971 0.1883 0.3563 0.2957 0.4467 0.3189 0.4828
0.7012 0.6727 0.6946 0.7713 0.5249 0.7471 0.7707 0.0673 0.1481 0.6461 0.7091 0.5939 0.6724 0.0673 -0.0009 0.5435 0.5617 0.5301 0.6823 0.8357 1.0000 -0.0214 0.2351 0.4592 0.4969 0.6815 0.7687 0.5993 0.6211 0.1200 0.4645 0.3591 0.1371 -0.1131 0.4914 0.4502 0.6179 0.5796 0.3361 0.2527 0.5719 0.6579 0.4310 0.4879 0.5388 0.6024 0.3506 0.5649 0.4940 0.5914 0.6729 0.6788 0.6288 0.6333 0.5679 0.7460 0.6820 0.7664 0.6273 0.6636 0.2956 0.6119 0.5299 0.7109 0.3240 0.4838 0.3761 0.4779 0.2272 0.4088 0.3863 0.5188 0.3878 0.5569
-0.0465 -0.0330 -0.0466 -0.0843 0.2081 -0.0346 -0.2064 0.5767 0.4391 0.0221 -0.0959 0.2463 0.1147 0.5174 0.4747 0.0667 -0.0764 -0.1174 -0.0896 -0.1142 -0.0214 1.0000 0.7095 0.2659 0.1335 0.2262 -0.0138 0.0182 0.0420 0.1543 0.0090 0.0363 0.1005 0.1348 0.1161 0.1514 0.0668 0.0774 0.1106 0.1921 0.1095 0.0224 0.2617 0.1786 -0.0129 -0.0371 0.1422 -0.0319 0.0803 0.0362 -0.0929 -0.1094 -0.0837 -0.0691 0.0766 -0.0989 -0.0655 -0.1088 0.0156 0.0019 0.1594 0.0074 0.0920 -0.0584 0.0453 -0.0282 -0.1012 0.0956 0.2397 -0.0171 0.0634 0.0905 0.2337 0.0862
0.1034 0.0859 0.0949 0.1033 0.4552 0.1323 0.0656 0.5049 0.3505 0.1526 0.0861 0.3404 0.2320 0.4467 0.2893 0.1616 0.0706 -0.0075 0.0662 0.0797 0.2351 0.7095 1.0000 0.3347 0.1835 0.4079 0.2661 0.1158 0.1199 0.0926 0.0617 0.1087 0.0311 0.0879 0.1932 0.2068 0.1218 0.2129 0.1969 0.1628 0.1776 0.1727 0.2219 0.3162 0.1580 0.1328 0.1652 0.1202 0.0935 0.1022 0.0927 0.0820 0.0496 0.0772 0.1613 0.1026 0.0236 0.1007 0.1406 0.1516 0.2754 0.2337 0.2999 0.1199 0.2535 -0.0301 0.0645 0.1281 0.2524 0.1355 0.0852 0.2233 0.2331 0.1634
0.4122 0.3717 0.4133 0.4068 0.3396 0.4142 0.3926 0.4881 0.3174 0.4670 0.3642 0.6074 0.4765 0.3705 0.2888 0.5882 0.3736 0.3145 0.4031 0.4296 0.4592 0.2659 0.3347 1.0000 0.5925 0.4562 0.4059 0.3839 0.3993 0.2095 0.2274 0.2350 0.3057 0.0089 0.3891 0.3709 0.4002 0.4408 0.2706 0.3291 0.4575 0.4403 0.4578 0.4542 0.3899 0.4050 0.3115 0.3870 0.4055 0.3675 0.4152 0.3765 0.3652 0.3089 0.3968 0.3462 0.3667 0.3526 0.4288 0.4546 0.4661 0.3590 0.5596 0.5000 0.2324 0.2408 0.2005 0.3635 0.6170 0.5601 0.3383 0.5120 0.4209 0.4625
0.4377 0.3286 0.4143 0.4307 0.3247 0.4466 0.4692 0.2685 0.2124 0.5299 0.4986 0.5975 0.4846 0.3834 0.2109 0.5868 0.6881 0.2286 0.3618 0.4224 0.4969 0.1335 0.1835 0.5925 1.0000 0.4845 0.4422 0.3018 0.3207 0.1236 0.4025 0.2006 0.3044 0.0514 0.3658 0.4053 0.5356 0.4384 0.2582 0.2679 0.5308 0.4865 0.5096 0.4086 0.3921 0.3556 0.2739 0.3459 0.3721 0.3444 0.4613 0.3175 0.3705 0.3071 0.4542 0.4890 0.4512 0.4877 0.3737 0.5024 0.2316 0.3139 0.3865 0.6920 0.1133 0.3527 0.0041 0.6342 0.3157 0.6862 0.5178 0.7652 0.5083 0.6248
0.5058 0.3853 0.4949 0.5136 0.4191 0.5322 0.5072 0.2240 0.0712 0.5484 0.5309 0.5517 0.4642 0.2274 -0.0084 0.4728 0.5166 0.2596 0.4291 0.5548 0.6815 0.2262 0.4079 0.4562 0.4845 1.0000 0.7668 0.4361 0.4225 0.2533 0.4436 0.2877 0.0713 -0.0365 0.3545 0.2969 0.3951 0.4246 0.1949 0.1412 0.3588 0.4883 0.2809 0.4121 0.3882 0.4187 0.2729 0.3711 0.3234 0.3579 0.4881 0.3772 0.4170 0.3786 0.4502 0.4832 0.4499 0.5290 0.4029 0.4761 0.3038 0.5316 0.4325 0.5455 0.2855 0.3034 0.2974 0.3933 0.3819 0.3590 0.3755 0.3640 0.4079 0.3975
0.5814 0.5185 0.5232 0.6795 0.4587 0.5593 0.6416 0.1211 0.0853 0.5214 0.5772 0.4197 0.4918 0.1321 -0.0195 0.5293 0.4424 0.4024 0.5453 0.6103 0.7687 -0.0138 0.2661 0.4059 0.4422 0.7668 1.0000 0.5219 0.5130 0.2669 0.4823 0.3238 0.1016 -0.0856 0.4580 0.3812 0.5579 0.5921 0.2661 0.1890 0.4785 0.6663 0.3362 0.5151 0.5110 0.5136 0.3410 0.4514 0.3397 0.4339 0.5471 0.5335 0.5249 0.5604 0.4092 0.5750 0.5370 0.6027 0.5149 0.5973 0.4291 0.5521 0.4975 0.6263 0.3323 0.4057 0.4001 0.4165 0.2485 0.4175 0.4449 0.4857 0.4409 0.5231
0.4891 0.6883 0.4848 0.5008 0.2979 0.5027 0.4654 0.1230 0.1356 0.4558 0.5573 0.3958 0.4044 0.0747 0.0448 0.4091 0.3151 0.4544 0.5391 0.4914 0.5993 0.0182 0.1158 0.3839 0.3018 0.4361 0.5219 1.0000 0.8287 0.1903 0.3374 0.2643 0.1037 -0.1190 0.3852 0.3820 0.4613 0.4941 0.2380 0.2274 0.4220 0.5100 0.3467 0.3814 0.4435 0.4436 0.3631 0.4121 0.3368 0.6106 0.3910 0.5980 0.2976 0.7434 0.3681 0.5491 0.4038 0.5125 0.5438 0.5861 0.2526 0.3429 0.3868 0.4664 0.1958 0.3690 0.2425 0.3472 0.2517 0.3493 0.2959 0.3636 0.3177 0.3681
0.5527 0.7774 0.5012 0.5680 0.3979 0.5727 0.5384 0.1697 0.2291 0.4692 0.6073 0.4482 0.4779 0.1030 0.1238 0.4382 0.3030 0.4237 0.5534 0.4984 0.6211 0.0420 0.1199 0.3993 0.3207 0.4225 0.5130 0.8287 1.0000 0.1361 0.3269 0.1925 0.1559 -0.1551 0.4138 0.3800 0.4918 0.4795 0.2539 0.2443 0.4650 0.4854 0.4147 0.3800 0.4205 0.4257 0.3608 0.3721 0.4334 0.7364 0.4204 0.6158 0.3822 0.8251 0.4287 0.6287 0.4646 0.5492 0.5356 0.6066 0.2526 0.3721 0.3764 0.4550 0.2040 0.3769 0.2784 0.3577 0.2572 0.3420 0.3395 0.3741 0.3212 0.4121
0.0922 -0.0451 0.0476 0.0418 -0.0890 0.0649 0.0333 0.1799 -0.1045 0.1007 0.1065 0.1164 0.0177 0.2968 -0.0469 0.1000 0.0197 -0.0271 0.0873 0.1050 0.1200 0.1543 0.0926 0.2095 0.1236 0.2533 0.2669 0.1903 0.1361 1.0000 0.6688 0.1717 0.1867 0.2198 0.3079 0.1270 0.1618 0.3066 0.0916 0.1442 0.0774 0.2655 0.0742 0.2698 0.2710 0.2118 0.2436 0.1817 -0.0158 -0.0673 0.1227 -0.0177 0.0433 0.0840 -0.0510 -0.0745 0.1063 -0.0033 0.3252 0.4327 0.3853 0.1427 0.2025 0.1507 0.0813 0.0954 0.1001 0.0206 0.1797 0.0508 0.1208 0.0513 0.4036 0.0853
0.3958 0.2338 0.3704 0.3656 0.1432 0.3907 0.4180 0.0644 -0.0709 0.4352 0.4576 0.3662 0.3698 0.2541 -0.0758 0.3351 0.3867 0.2179 0.3994 0.4596 0.4645 0.0090 0.0617 0.2274 0.4025 0.4436 0.4823 0.3374 0.3269 0.6688 1.0000 0.2968 0.1823 0.1071 0.4807 0.2723 0.4625 0.4680 0.2811 0.2153 0.3516 0.4609 0.2495 0.3386 0.4645 0.4130 0.4068 0.3660 0.2174 0.2194 0.4315 0.2674 0.3497 0.3187 0.3121 0.3331 0.4772 0.4149 0.4889 0.6614 0.3249 0.4051 0.2969 0.4589 0.1605 0.3329 0.2202 0.3538 0.0355 0.2439 0.3867 0.3038 0.5294 0.3264
0.3266 0.2676 0.3330 0.3740 0.2020 0.3354 0.3379 0.0838 0.0883 0.2661 0.1877 0.2563 0.2913 0.2259 0.0917 0.2861 0.2015 0.2906 0.3508 0.3438 0.3591 0.0363 0.1087 0.2350 0.2006 0.2877 0.3238 0.2643 0.1925 0.1717 0.2968 1.0000 0.1497 0.4127 0.3777 0.4177 0.2063 0.2193 0.5434 0.3538 0.1853 0.2894 0.2242 0.2571 0.3454 0.3645 0.4078 0.4440 0.2874 0.2551 0.3443 0.2923 0.3241 0.2331 0.3035 0.2610 0.3194 0.3110 0.3340 0.3099 0.2988 0.4305 0.2684 0.2974 0.1742 0.2122 0.3855 0.3176 0.2197 0.1868 0.3210 0.1777 0.3030 0.2087
0.1705 0.1035 0.1723 0.1472 0.1086 0.1567 0.0964 0.1306 0.1611 0.1485 0.0749 0.1564 0.1451 0.2260 0.2493 0.2487 0.0913 0.1672 0.1883 0.1611 0.1371 0.1005 0.0311 0.3057 0.3044 0.0713 0.1016 0.1037 0.1559 0.1867 0.1823 0.1497 1.0000 0.2423 0.2654 0.2974 0.2296 0.1965 0.3481 0.5915 0.2749 0.2155 0.4084 0.3168 0.3746 0.2152 0.4218 0.4342 0.2357 0.1250 0.2053 0.1466 0.1967 0.1198 0.1629 0.1215 0.1459 0.1546 0.1765 0.2348 0.2478 0.2196 0.2367 0.2629 0.1605 0.2150 0.1459 0.2783 0.1306 0.0821 0.3277 0.3331 0.4951 0.5345
-0.1136 -0.2173 -0.0845 -0.0908 -0.1179 -0.1124 -0.1281 0.1212 -0.0566 -0.0693 -0.1727 -0.0362 -0.0676 0.3303 0.0665 -0.0553 -0.1379 -0.1017 -0.0896 -0.1100 -0.1131 0.1348 0.0879 0.0089 0.0514 -0.0365 -0.0856 -0.1190 -0.1551 0.2198 0.1071 0.4127 0.2423 1.0000 -0.1171 -0.0711 -0.1620 -0.1433 0.1990 0.1074 -0.1499 -0.0994 -0.0694 -0.0709 0.1287 -0.0197 0.1978 0.1384 -0.1155 -0.1999 -0.0248 -0.1471 -0.1169 -0.1372 -0.0675 -0.2143 -0.1501 -0.1553 -0.0759 -0.0494 0.1538 0.0606 0.0344 -0.0660 0.0615 -0.0597 -0.0183 0.0454 0.0046 -0.0723 0.1645 -0.0264 0.2711 -0.0099
0.4729 0.4505 0.4196 0.4717 0.4062 0.4674 0.4582 0.2501 0.3139 0.4091 0.3820 0.3754 0.4771 0.2785 0.2657 0.4652 0.3060 0.3465 0.4856 0.4677 0.4914 0.1161 0.1932 0.3891 0.3658 0.3545 0.4580 0.3852 0.4138 0.3079 0.4807 0.3777 0.2654 -0.1171 1.0000 0.7021 0.6655 0.6422 0.6189 0.5467 0.6217 0.6126 0.6340 0.6285 0.6031 0.5889 0.5458 0.5373 0.4465 0.4343 0.5078 0.4610 0.4744 0.4124 0.4045 0.4743 0.4622 0.4538 0.5771 0.6115 0.3385 0.4480 0.3601 0.4332 0.2221 0.2732 0.4313 0.3968 0.2114 0.2799 0.4391 0.3417 0.4282 0.4532
0.4628 0.4437 0.3910 0.4554 0.3846 0.4437 0.4086 0.1635 0.3245 0.4134 0.3412 0.3835 0.4096 0.2511 0.2839 0.4285 0.3164 0.3534 0.4241 0.3760 0.4502 0.1514 0.2068 0.3709 0.4053 0.2969 0.3812 0.3820 0.3800 0.1270 0.2723 0.4177 0.2974 -0.0711 0.7021 1.0000 0.5684 0.6055 0.5736 0.6702 0.5300 0.6002 0.5855 0.6799 0.4845 0.5123 0.4581 0.4684 0.4379 0.4296 0.4317 0.4053 0.4306 0.3700 0.3858 0.4585 0.3987 0.4424 0.4936 0.4959 0.2549 0.3506 0.4286 0.4273 0.2431 0.1915 0.3085 0.4495 0.2719 0.3249 0.3447 0.4586 0.2969 0.3715
0.6001 0.5567 0.5553 0.6047 0.4702 0.5994 0.6274 0.1243 0.2555 0.5673 0.5689 0.4487 0.5838 0.0958 0.1563 0.6032 0.5149 0.4244 0.5449 0.5930 0.6179 0.0668 0.1218 0.4002 0.5356 0.3951 0.5579 0.4613 0.4918 0.1618 0.4625 0.2063 0.2296 -0.1620 0.6655 0.5684 1.0000 0.8051 0.3329 0.3692 0.8478 0.7887 0.6632 0.6331 0.5411 0.5362 0.3922 0.4374 0.4863 0.5343 0.6206 0.5578 0.5735 0.4925 0.5421 0.6768 0.6453 0.6565 0.6427 0.6639 0.2010 0.4499 0.4201 0.6446 0.2227 0.5086 0.2391 0.4706 0.2045 0.3832 0.4414 0.5618 0.4313 0.6181
0.6063 0.5387 0.4781 0.5687 0.3868 0.5215 0.6136 0.0923 0.1313 0.5332 0.5911 0.3910 0.5150 0.0779 0.0607 0.4605 0.4302 0.3390 0.5186 0.5027 0.5796 0.0774 0.2129 0.4408 0.4384 0.4246 0.5921 0.4941 0.4795 0.3066 0.4680 0.2193 0.1965 -0.1433 0.6422 0.6055 0.8051 1.0000 0.3638 0.3849 0.7332 0.9039 0.5015 0.8033 0.5855 0.5638 0.4054 0.4762 0.4158 0.5010 0.5698 0.5571 0.4787 0.5023 0.4080 0.6044 0.4793 0.6076 0.6257 0.6959 0.2792 0.4754 0.4575 0.6015 0.2073 0.4381 0.2595 0.3450 0.2330 0.3582 0.3321 0.5298 0.3982 0.5559
0.3434 0.3582 0.3524 0.4354 0.3754 0.3733 0.3539 0.1718 0.3254 0.2807 0.1745 0.2975 0.3790 0.2300 0.3128 0.3323 0.1939 0.3338 0.4033 0.3229 0.3361 0.1106 0.1969 0.2706 0.2582 0.1949 0.2661 0.2380 0.2539 0.0916 0.2811 0.5434 0.3481 0.1990 0.6189 0.5736 0.3329 0.3638 1.0000 0.6125 0.3803 0.3829 0.4443 0.4024 0.5301 0.4469 0.6387 0.5276 0.4215 0.3868 0.4243 0.3983 0.4078 0.3299 0.3287 0.3275 0.3124 0.3580 0.4248 0.4152 0.3151 0.3789 0.2476 0.2824 0.2041 0.1246 0.3662 0.3196 0.1383 0.1740 0.3922 0.2534 0.2741 0.2952
0.3051 0.2980 0.3071 0.3201 0.3153 0.3322 0.2275 0.2325 0.3840 0.2644 0.1194 0.2691 0.3036 0.2525 0.3777 0.3276 0.1479 0.3054 0.3217 0.2599 0.2527 0.1921 0.1628 0.3291 0.2679 0.1412 0.1890 0.2274 0.2443 0.1442 0.2153 0.3538 0.5915 0.1074 0.5467 0.6702 0.3692 0.3849 0.6125 1.0000 0.4157 0.3671 0.5289 0.4490 0.4033 0.5288 0.5323 0.5838 0.4315 0.3268 0.3582 0.3082 0.3561 0.2248 0.2984 0.2476 0.2785 0.2409 0.3956 0.3841 0.2646 0.2554 0.2534 0.2472 0.1533 0.1205 0.2453 0.2959 0.1715 0.1594 0.3707 0.3201 0.3359 0.4235
0.5595 0.5339 0.5697 0.5788 0.4926 0.5863 0.5828 0.2171 0.3528 0.5756 0.5131 0.5098 0.6024 0.1286 0.2616 0.6262 0.5008 0.3726 0.4738 0.5448 0.5719 0.1095 0.1776 0.4575 0.5308 0.3588 0.4785 0.4220 0.4650 0.0774 0.3516 0.1853 0.2749 -0.1499 0.6217 0.5300 0.8478 0.7332 0.3803 0.4157 1.0000 0.6900 0.7617 0.6120 0.4858 0.4704 0.3873 0.4062 0.5338 0.5762 0.6133 0.5197 0.5651 0.4981 0.6253 0.6803 0.6272 0.6601 0.5751 0.5958 0.1594 0.3943 0.3766 0.5794 0.2179 0.4343 0.2338 0.4036 0.2426 0.3917 0.4966 0.5489 0.4262 0.6200
0.6452 0.5731 0.5588 0.6667 0.4158 0.5973 0.6924 0.0604 0.1084 0.5491 0.6226 0.3929 0.5410 0.0663 0.0449 0.4838 0.4627 0.3969 0.5603 0.5857 0.6579 0.0224 0.1727 0.4403 0.4865 0.4883 0.6663 0.5100 0.4854 0.2655 0.4609 0.2894 0.2155 -0.0994 0.6126 0.6002 0.7887 0.9039 0.3829 0.3671 0.6900 1.0000 0.5136 0.7947 0.6044 0.6243 0.3914 0.5345 0.4002 0.5148 0.6386 0.6190 0.5112 0.5333 0.4509 0.6279 0.5168 0.6934 0.6786 0.7219 0.2861 0.5148 0.5102 0.6705 0.2475 0.4581 0.2571 0.3802 0.2366 0.3873 0.3528 0.5570 0.4194 0.6025
0.4130 0.4535 0.4679 0.4841 0.4798 0.4888 0.3771 0.3165 0.5093 0.3924 0.2926 0.4269 0.4796 0.2944 0.4655 0.6011 0.3342 0.3806 0.4035 0.4047 0.4310 0.2617 0.2219 0.4578 0.5096 0.2809 0.3362 0.3467 0.4147 0.0742 0.2495 0.2242 0.4084 -0.0694 0.6340 0.5855 0.6632 0.5015 0.4443 0.5289 0.7617 0.5136 1.0000 0.5494 0.4484 0.4256 0.4141 0.3634 0.5317 0.4906 0.5137 0.4229 0.4999 0.3539 0.5274 0.4681 0.5009 0.4513 0.5486 0.5136 0.2475 0.3090 0.3499 0.4561 0.1911 0.3390 0.1554 0.4604 0.2672 0.3706 0.5138 0.5055 0.4698 0.5921
0.5382 0.4513 0.3928 0.4752 0.3946 0.4398 0.5013 0.2094 0.2140 0.4510 0.5117 0.3895 0.4835 0.2022 0.1985 0.4053 0.3859 0.2503 0.4406 0.3918 0.4879 0.1786 0.3162 0.4542 0.4086 0.4121 0.5151 0.3814 0.3800 0.2698 0.3386 0.2571 0.3168 -0.0709 0.6285 0.6799 0.6331 0.8033 0.4024 0.4490 0.6120 0.7947 0.5494 1.0000 0.5498 0.5224 0.3898 0.4646 0.3779 0.4398 0.4756 0.4571 0.4209 0.4216 0.3646 0.5133 0.4022 0.5474 0.4974 0.5706 0.3213 0.4482 0.4793 0.5114 0.3149 0.2483 0.3164 0.3376 0.3005 0.3319 0.2874 0.4764 0.4537 0.5368
0.4958 0.4345 0.4020 0.5007 0.2764 0.4206 0.5290 0.0929 0.0629 0.4628 0.4337 0.3470 0.4004 0.1527 0.0728 0.4438 0.3249 0.3766 0.5364 0.4802 0.5388 -0.0129 0.1580 0.3899 0.3921 0.3882 0.5110 0.4435 0.4205 0.2710 0.4645 0.3454 0.3746 0.1287 0.6031 0.4845 0.5411 0.5855 0.5301 0.4033 0.4858 0.6044 0.4484 0.5498 1.0000 0.6411 0.6736 0.6539 0.3227 0.3720 0.5191 0.4564 0.4588 0.4400 0.4103 0.5221 0.4526 0.4877 0.5115 0.5700 0.3144 0.4949 0.4338 0.5077 0.2429 0.3618 0.3385 0.3415 0.2226 0.2666 0.4520 0.4135 0.5478 0.5355
0.5315 0.4974 0.4727 0.5394 0.3584 0.4954 0.5893 0.0859 0.0893 0.4612 0.4865 0.3478 0.4332 0.0911 0.0511 0.3841 0.3542 0.4025 0.5077 0.5609 0.6024 -0.0371 0.1328 0.4050 0.3556 0.4187 0.5136 0.4436 0.4257 0.2118 0.4130 0.3645 0.2152 -0.0197 0.5889 0.5123 0.5362 0.5638 0.4469 0.5288 0.4704 0.6243 0.4256 0.5224 0.6411 1.0000 0.5026 0.7684 0.3436 0.4082 0.5655 0.5090 0.4783 0.4341 0.3920 0.5416 0.4857 0.5465 0.5753 0.5887 0.2877 0.5030 0.4386 0.5575 0.2682 0.3687 0.3061 0.3270 0.2324 0.2954 0.2977 0.4002 0.3918 0.5191
0.3984 0.3570 0.3365 0.3568 0.2545 0.3246 0.2867 0.2445 0.2701 0.3817 0.2315 0.3420 0.3838 0.2781 0.3228 0.3842 0.1800 0.3415 0.4565 0.3124 0.3506 0.1422 0.1652 0.3115 0.2739 0.2729 0.3410 0.3631 0.3608 0.2436 0.4068 0.4078 0.4218 0.1978 0.5458 0.4581 0.3922 0.4054 0.6387 0.5323 0.3873 0.3914 0.4141 0.3898 0.6736 0.5026 1.0000 0.5828 0.4149 0.3532 0.3548 0.3463 0.4038 0.3340 0.3705 0.3120 0.3278 0.3094 0.3525 0.4381 0.3181 0.3821 0.2942 0.3257 0.2296 0.2352 0.3568 0.3368 0.1662 0.1652 0.4899 0.2691 0.5053 0.4361
0.5255 0.4486 0.4755 0.5075 0.3045 0.4920 0.5459 0.0775 0.0535 0.4475 0.4291 0.3462 0.3742 0.0920 -0.0133 0.3661 0.3619 0.4056 0.5061 0.5478 0.5649 -0.0319 0.1202 0.3870 0.3459 0.3711 0.4514 0.4121 0.3721 0.1817 0.3660 0.4440 0.4342 0.1384 0.5373 0.4684 0.4374 0.4762 0.5276 0.5838 0.4062 0.5345 0.3634 0.4646 0.6539 0.7684 0.5828 1.0000 0.3576 0.4046 0.5566 0.5127 0.4390 0.3893 0.3631 0.4631 0.4264 0.5230 0.5270 0.5539 0.2687 0.4951 0.4445 0.5540 0.2690 0.3746 0.3213 0.3301 0.1966 0.2498 0.2936 0.3936 0.3952 0.5252
0.7177 0.5710 0.6689 0.5621 0.5299 0.7013 0.4647 0.1809 0.4689 0.5038 0.3118 0.5053 0.5286 0.0696 0.3246 0.5649 0.3666 0.4641 0.5596 0.5278 0.4940 0.0803 0.0935 0.4055 0.3721 0.3234 0.3397 0.3368 0.4334 -0.0158 0.2174 0.2874 0.2357 -0.1155 0.4465 0.4379 0.4863 0.4158 0.4215 0.4315 0.5338 0.4002 0.5317 0.3779 0.3227 0.3436 0.4149 0.3576 1.0000 0.6411 0.6376 0.5522 0.7131 0.3818 0.5799 0.4885 0.5250 0.4748 0.4888 0.4485 0.2083 0.3826 0.2811 0.3827 0.1844 0.2829 0.3647 0.3999 0.2419 0.2623 0.4028 0.3324 0.1923 0.3435
0.6355 0.9188 0.6698 0.6652 0.5420 0.6496 0.6283 0.1426 0.3781 0.5166 0.5586 0.4923 0.5752 0.0194 0.2188 0.4622 0.4283 0.5815 0.6496 0.5584 0.5914 0.0362 0.1022 0.3675 0.3444 0.3579 0.4339 0.6106 0.7364 -0.0673 0.2194 0.2551 0.1250 -0.1999 0.4343 0.4296 0.5343 0.5010 0.3868 0.3268 0.5762 0.5148 0.4906 0.4398 0.3720 0.4082 0.3532 0.4046 0.6411 1.0000 0.5406 0.7759 0.5856 0.7384 0.5239 0.6970 0.5480 0.6575 0.5366 0.5527 0.1830 0.3878 0.3224 0.4732 0.1854 0.3801 0.3269 0.4013 0.1874 0.3456 0.2847 0.3906 0.1892 0.4102
0.7483 0.5593 0.7561 0.7727 0.5274 0.8056 0.7954 0.0620 0.1654 0.5471 0.5288 0.4769 0.5745 0.0329 0.0154 0.4889 0.4574 0.4732 0.6606 0.7182 0.6729 -0.0929 0.0927 0.4152 0.4613 0.4881 0.5471 0.3910 0.4204 0.1227 0.4315 0.3443 0.2053 -0.0248 0.5078 0.4317 0.6206 0.5698 0.4243 0.3582 0.6133 0.6386 0.5137 0.4756 0.5191 0.5655 0.3548 0.5566 0.6376 0.5406 1.0000 0.6607 0.7336 0.4509 0.5470 0.6174 0.6308 0.7165 0.7508 0.7175 0.2854 0.5595 0.4487 0.6260 0.2149 0.4746 0.3574 0.4279 0.2390 0.3524 0.4091 0.4595 0.3521 0.5186
0.6611 0.8290 0.7289 0.7330 0.5274 0.6933 0.7705 0.0206 0.2074 0.4756 0.5462 0.3863 0.5311 -0.0496 0.0191 0.3956 0.3457 0.6798 0.7719 0.6677 0.6788 -0.1094 0.0820 0.3765 0.3175 0.3772 0.5335 0.5980 0.6158 -0.0177 0.2674 0.2923 0.1466 -0.1471 0.4610 0.4053 0.5578 0.5571 0.3983 0.3082 0.5197 0.6190 0.4229 0.4571 0.4564 0.5090 0.3463 0.5127 0.5522 0.7759 0.6607 1.0000 0.5879 0.6646 0.4411 0.6111 0.4942 0.6676 0.6573 0.6806 0.3030 0.5102 0.4196 0.5369 0.2554 0.4333 0.3794 0.4072 0.1721 0.3430 0.2592 0.4383 0.2415 0.4796
0.6687 0.6027 0.6466 0.7036 0.5097 0.6554 0.6534 -0.0285 0.2419 0.5566 0.4164 0.4071 0.5108 -0.0276 0.1160 0.5192 0.3795 0.5546 0.6159 0.6709 0.6288 -0.0837 0.0496 0.3652 0.3705 0.4170 0.5249 0.2976 0.3822 0.0433 0.3497 0.3241 0.1967 -0.1169 0.4744 0.4306 0.5735 0.4787 0.4078 0.3561 0.5651 0.5112 0.4999 0.4209 0.4588 0.4783 0.4038 0.4390 0.7131 0.5856 0.7336 0.5879 1.0000 0.4737 0.5781 0.6167 0.7518 0.6432 0.5372 0.4705 0.2112 0.5461 0.3802 0.5160 0.2101 0.4332 0.4136 0.4025 0.2008 0.2731 0.3811 0.3921 0.2667 0.4681
0.5140 0.7688 0.4630 0.6420 0.4136 0.5184 0.5975 0.0354 0.1630 0.4301 0.6185 0.3691 0.4964 0.0317 0.0574 0.3894 0.3214 0.4235 0.5218 0.4816 0.6333 -0.0691 0.0772 0.3089 0.3071 0.3786 0.5604 0.7434 0.8251 0.0840 0.3187 0.2331 0.1198 -0.1372 0.4124 0.3700 0.4925 0.5023 0.3299 0.2248 0.4981 0.5333 0.3539 0.4216 0.4400 0.4341 0.3340 0.3893 0.3818 0.7384 0.4509 0.6646 0.4737 1.0000 0.3990 0.7453 0.4753 0.6967 0.4665 0.5553 0.2266 0.4255 0.3502 0.4666 0.2227 0.3737 0.3249 0.3205 0.1780 0.3145 0.3027 0.3791 0.2803 0.4157
0.5207 0.4829 0.6054 0.5023 0.4333 0.5576 0.5160 0.1652 0.2919 0.6672 0.4814 0.5537 0.5780 0.1207 0.1994 0.6221 0.4994 0.4110 0.4989 0.5830 0.5679 0.0766 0.1613 0.3968 0.4542 0.4502 0.4092 0.3681 0.4287 -0.0510 0.3121 0.3035 0.1629 -0.0675 0.4045 0.3858 0.5421 0.4080 0.3287 0.2984 0.6253 0.4509 0.5274 0.3646 0.4103 0.3920 0.3705 0.3631 0.5799 0.5239 0.5470 0.4411 0.5781 0.3990 1.0000 0.6420 0.6832 0.6171 0.4235 0.4287 0.1555 0.4770 0.3604 0.5010 0.2792 0.3374 0.3515 0.4739 0.2274 0.3315 0.5100 0.4191 0.3304 0.4281
0.6364 0.7023 0.5890 0.6750 0.4690 0.6378 0.7478 -0.0028 0.1466 0.6124 0.7490 0.5265 0.6244 -0.0451 0.0180 0.5235 0.6454 0.4155 0.5592 0.6576 0.7460 -0.0989 0.1026 0.3462 0.4890 0.4832 0.5750 0.5491 0.6287 -0.0745 0.3331 0.2610 0.1215 -0.2143 0.4743 0.4585 0.6768 0.6044 0.3275 0.2476 0.6803 0.6279 0.4681 0.5133 0.5221 0.5416 0.3120 0.4631 0.4885 0.6970 0.6174 0.6111 0.6167 0.7453 0.6420 1.0000 0.6741 0.8542 0.5077 0.5394 0.0811 0.5146 0.4031 0.6606 0.2530 0.4758 0.3430 0.4407 0.2048 0.3926 0.3650 0.5462 0.2924 0.5585
0.6040 0.5586 0.6251 0.6294 0.4124 0.6305 0.6581 0.0211 0.1666 0.6391 0.5858 0.5204 0.5562 0.0028 0.0510 0.5824 0.5713 0.4506 0.5483 0.7070 0.6820 -0.0655 0.0236 0.3667 0.4512 0.4499 0.5370 0.4038 0.4646 0.1063 0.4772 0.3194 0.1459 -0.1501 0.4622 0.3987 0.6453 0.4793 0.3124 0.2785 0.6272 0.5168 0.5009 0.4022 0.4526 0.4857 0.3278 0.4264 0.5250 0.5480 0.6308 0.4942 0.7518 0.4753 0.6832 0.6741 1.0000 0.7093 0.5440 0.5258 0.1155 0.4664 0.3536 0.5837 0.2025 0.4472 0.3242 0.4291 0.1990 0.3477 0.4065 0.4356 0.3534 0.4818
0.6783 0.6670 0.6607 0.7405 0.4778 0.6996 0.8123 -0.0251 0.1004 0.6633 0.7390 0.5471 0.6225 -0.0415 -0.0491 0.5152 0.6619 0.4341 0.5716 0.6987 0.7664 -0.1088 0.1007 0.3526 0.4877 0.5290 0.6027 0.5125 0.5492 -0.0033 0.4149 0.3110 0.1546 -0.1553 0.4538 0.4424 0.6565 0.6076 0.3580 0.2409 0.6601 0.6934 0.4513 0.5474 0.4877 0.5465 0.3094 0.5230 0.4748 0.6575 0.7165 0.6676 0.6432 0.6967 0.6171 0.8542 0.7093 1.0000 0.6005 0.6456 0.0988 0.5600 0.4471 0.7020 0.2688 0.4934 0.3341 0.4819 0.1891 0.3935 0.3276 0.5284 0.3102 0.5569
0.5878 0.5928 0.6412 0.6984 0.4605 0.7273 0.6778 0.1251 0.1997 0.4436 0.4637 0.3920 0.4747 0.0567 0.0478 0.4590 0.3446 0.5033 0.6327 0.6669 0.6273 0.0156 0.1406 0.4288 0.3737 0.4029 0.5149 0.5438 0.5356 0.3252 0.4889 0.3340 0.1765 -0.0759 0.5771 0.4936 0.6427 0.6257 0.4248 0.3956 0.5751 0.6786 0.5486 0.4974 0.5115 0.5753 0.3525 0.5270 0.4888 0.5366 0.7508 0.6573 0.5372 0.4665 0.4235 0.5077 0.5440 0.6005 1.0000 0.8447 0.3145 0.4257 0.4546 0.5631 0.1848 0.4229 0.2495 0.3354 0.2894 0.3339 0.2984 0.4300 0.3004 0.4571
0.6257 0.5885 0.6234 0.6466 0.4004 0.6891 0.7174 0.1372 0.1357 0.4903 0.5587 0.4649 0.5127 0.1695 0.0110 0.4867 0.4464 0.4536 0.6575 0.6358 0.6636 0.0019 0.1516 0.4546 0.5024 0.4761 0.5973 0.5861 0.6066 0.4327 0.6614 0.3099 0.2348 -0.0494 0.6115 0.4959 0.6639 0.6959 0.4152 0.3841 0.5958 0.7219 0.5136 0.5706 0.5700 0.5887 0.4381 0.5539 0.4485 0.5527 0.7175 0.6806 0.4705 0.5553 0.4287 0.5394 0.5258 0.6456 0.8447 1.0000 0.3681 0.4620 0.4712 0.6214 0.2441 0.4356 0.2745 0.4142 0.2367 0.4178 0.3972 0.5174 0.4630 0.5430
0.2431 0.2307 0.2401 0.3243 0.3135 0.2311 0.2308 0.3756 0.2402 0.1577 0.0946 0.2870 0.2886 0.4817 0.2586 0.2766 -0.0542 0.2623 0.3439 0.2482 0.2956 0.1594 0.2754 0.4661 0.2316 0.3038 0.4291 0.2526 0.2526 0.3853 0.3249 0.2988 0.2478 0.1538 0.3385 0.2549 0.2010 0.2792 0.3151 0.2646 0.1594 0.2861 0.2475 0.3213 0.3144 0.2877 0.3181 0.2687 0.2083 0.1830 0.2854 0.3030 0.2112 0.2266 0.1555 0.0811 0.1155 0.0988 0.3145 0.3681 1.0000 0.4385 0.5347 0.2492 0.3983 0.0819 0.4402 0.3528 0.2428 0.2889 0.2995 0.2848 0.4551 0.2950
0.5188 0.4618 0.4698 0.5780 0.4861 0.4821 0.6117 0.0068 0.0820 0.4671 0.5050 0.3204 0.5485 0.1464 0.0536 0.4049 0.2653 0.3837 0.5254 0.5747 0.6119 0.0074 0.2337 0.3590 0.3139 0.5316 0.5521 0.3429 0.3721 0.1427 0.4051 0.4305 0.2196 0.0606 0.4480 0.3506 0.4499 0.4754 0.3789 0.2554 0.3943 0.5148 0.3090 0.4482 0.4949 0.5030 0.3821 0.4951 0.3826 0.3878 0.5595 0.5102 0.5461 0.4255 0.4770 0.5146 0.4664 0.5600 0.4257 0.4620 0.4385 1.0000 0.4839 0.5410 0.3503 0.4107 0.5633 0.4200 0.2441 0.1857 0.3805 0.3579 0.4063 0.5136
0.4698 0.3986 0.3979 0.4489 0.3192 0.4049 0.4637 0.2550 0.0586 0.4593 0.4277 0.4038 0.4059 0.2927 0.0747 0.4102 0.2688 0.3427 0.4273 0.4667 0.5299 0.0920 0.2999 0.5596 0.3865 0.4325 0.4975 0.3868 0.3764 0.2025 0.2969 0.2684 0.2367 0.0344 0.3601 0.4286 0.4201 0.4575 0.2476 0.2534 0.3766 0.5102 0.3499 0.4793 0.4338 0.4386 0.2942 0.4445 0.2811 0.3224 0.4487 0.4196 0.3802 0.3502 0.3604 0.4031 0.3536 0.4471 0.4546 0.4712 0.5347 0.4839 1.0000 0.5666 0.6918 0.2159 0.3072 0.3553 0.2790 0.3264 0.2320 0.3917 0.3497 0.4028
0.6298 0.5213 0.5800 0.6239 0.3962 0.5979 0.6965 0.0589 0.0406 0.6677 0.6788 0.5219 0.5158 0.0828 -0.0559 0.5837 0.6470 0.4144 0.5561 0.6436 0.7109 -0.0584 0.1199 0.5000 0.6920 0.5455 0.6263 0.4664 0.4550 0.1507 0.4589 0.2974 0.2629 -0.0660 0.4332 0.4273 0.6446 0.6015 0.2824 0.2472 0.5794 0.6705 0.4561 0.5114 0.5077 0.5575 0.3257 0.5540 0.3827 0.4732 0.6260 0.5369 0.5160 0.4666 0.5010 0.6606 0.5837 0.7020 0.5631 0.6214 0.2492 0.5410 0.5666 1.0000 0.2589 0.6264 0.1733 0.5730 0.2297 0.5255 0.4245 0.7047 0.4492 0.6714
0.2724 0.2212 0.2317 0.2457 0.2744 0.2159 0.2377 0.1937 0.1039 0.2485 0.2085 0.2116 0.3030 0.2686 0.1552 0.2369 0.1442 0.1869 0.2486 0.2544 0.3240 0.0453 0.2535 0.2324 0.1133 0.2855 0.3323 0.1958 0.2040 0.0813 0.1605 0.1742 0.1605 0.0615 0.2221 0.2431 0.2227 0.2073 0.2041 0.1533 0.2179 0.2475 0.1911 0.3149 0.2429 0.2682 0.2296 0.2690 0.1844 0.1854 0.2149 0.2554 0.2101 0.2227 0.2792 0.2530 0.2025 0.2688 0.1848 0.2441 0.3983 0.3503 0.6918 0.2589 1.0000 -0.0425 0.4315 0.2274 0.0725 0.0237 0.2271 0.1017 0.2278 0.1922
0.4729 0.4335 0.3997 0.4811 0.2420 0.4169 0.5199 -0.1210 -0.0208 0.4080 0.4677 0.2287 0.3109 -0.0870 -0.1171 0.3903 0.3090 0.3421 0.4581 0.4608 0.4838 -0.0282 -0.0301 0.2408 0.3527 0.3034 0.4057 0.3690 0.3769 0.0954 0.3329 0.2122 0.2150 -0.0597 0.2732 0.1915 0.5086 0.4381 0.1246 0.1205 0.4343 0.4581 0.3390 0.2483 0.3618 0.3687 0.2352 0.3746 0.2829 0.3801 0.4746 0.4333 0.4332 0.3737 0.3374 0.4758 0.4472 0.4934 0.4229 0.4356 0.0819 0.4107 0.2159 0.6264 -0.0425 1.0000 0.0718 0.4124 0.1401 0.2858 0.3119 0.5212 0.3698 0.5687
0.3730 0.3454 0.3376 0.3977 0.3807 0.3312 0.3451 0.0522 0.2010 0.2621 0.1732 0.1780 0.3335 0.1326 0.1488 0.2619 0.0681 0.2830 0.4198 0.3493 0.3761 -0.1012 0.0645 0.2005 0.0041 0.2974 0.4001 0.2425 0.2784 0.1001 0.2202 0.3855 0.1459 -0.0183 0.4313 0.3085 0.2391 0.2595 0.3662 0.2453 0.2338 0.2571 0.1554 0.3164 0.3385 0.3061 0.3568 0.3213 0.3647 0.3269 0.3574 0.3794 0.4136 0.3249 0.3515 0.3430 0.3242 0.3341 0.2495 0.2745 0.4402 0.5633 0.3072 0.1733 0.4315 0.0718 1.0000 0.3046 0.1519 -0.0488 0.3449 0.0676 0.2478 0.2441
0.4280 0.3934 0.4379 0.4591 0.3753 0.4211 0.4155 0.1698 0.2734 0.5196 0.4025 0.5450 0.4827 0.3729 0.2288 0.5107 0.5146 0.3414 0.4432 0.3971 0.4779 0.0956 0.1281 0.3635 0.6342 0.3933 0.4165 0.3472 0.3577 0.0206 0.3538 0.3176 0.2783 0.0454 0.3968 0.4495 0.4706 0.3450 0.3196 0.2959 0.4036 0.3802 0.4604 0.3376 0.3415 0.3270 0.3368 0.3301 0.3999 0.4013 0.4279 0.4072 0.4025 0.3205 0.4739 0.4407 0.4291 0.4819 0.3354 0.4142 0.3528 0.4200 0.3553 0.5730 0.2274 0.4124 0.3046 1.0000 0.1700 0.5754 0.5231 0.6479 0.4618 0.4865
0.2536 0.1961 0.2065 0.2346 0.1905 0.2278 0.1872 0.3214 0.1631 0.2892 0.1717 0.3678 0.2155 0.1792 0.1593 0.4920 0.2265 0.1344 0.2328 0.1883 0.2272 0.2397 0.2524 0.6170 0.3157 0.3819 0.2485 0.2517 0.2572 0.1797 0.0355 0.2197 0.1306 0.0046 0.2114 0.2719 0.2045 0.2330 0.1383 0.1715 0.2426 0.2366 0.2672 0.3005 0.2226 0.2324 0.1662 0.1966 0.2419 0.1874 0.2390 0.1721 0.2008 0.1780 0.2274 0.2048 0.1990 0.1891 0.2894 0.2367 0.2428 0.2441 0.2790 0.2297 0.0725 0.1401 0.1519 0.1700 1.0000 0.4001 0.2216 0.2586 0.1481 0.1867
0.3497 0.3404 0.3496 0.3743 0.2614 0.3645 0.4151 0.3224 0.1663 0.4468 0.4103 0.5669 0.3517 0.2571 0.0744 0.5627 0.5972 0.2589 0.3310 0.3563 0.4088 -0.0171 0.1355 0.5601 0.6862 0.3590 0.4175 0.3493 0.3420 0.0508 0.2439 0.1868 0.0821 -0.0723 0.2799 0.3249 0.3832 0.3582 0.1740 0.1594 0.3917 0.3873 0.3706 0.3319 0.2666 0.2954 0.1652 0.2498 0.2623 0.3456 0.3524 0.3430 0.2731 0.3145 0.3315 0.3926 0.3477 0.3935 0.3339 0.4178 0.2889 0.1857 0.3264 0.5255 0.0237 0.2858 -0.0488 0.5754 0.4001 1.0000 0.3329 0.6709 0.3100 0.3848
0.3886 0.2577 0.3637 0.4306 0.3285 0.3885 0.3252 0.2332 0.3030 0.4061 0.2516 0.3427 0.4195 0.3950 0.3269 0.6529 0.3116 0.2602 0.4124 0.2957 0.3863 0.0634 0.0852 0.3383 0.5178 0.3755 0.4449 0.2959 0.3395 0.1208 0.3867 0.3210 0.3277 0.1645 0.4391 0.3447 0.4414 0.3321 0.3922 0.3707 0.4966 0.3528 0.5138 0.2874 0.4520 0.2977 0.4899 0.2936 0.4028 0.2847 0.4091 0.2592 0.3811 0.3027 0.5100 0.3650 0.4065 0.3276 0.2984 0.3972 0.2995 0.3805 0.2320 0.4245 0.2271 0.3119 0.3449 0.5231 0.2216 0.3329 1.0000 0.4742 0.5914 0.5284
0.4418 0.3970 0.4270 0.4857 0.4033 0.4358 0.5233 0.1791 0.1987 0.4616 0.4174 0.4959 0.3457 0.2801 0.0937 0.5453 0.5389 0.3370 0.4264 0.4467 0.5188 0.0905 0.2233 0.5120 0.7652 0.3640 0.4857 0.3636 0.3741 0.0513 0.3038 0.1777 0.3331 -0.0264 0.3417 0.4586 0.5618 0.5298 0.2534 0.3201 0.5489 0.5570 0.5055 0.4764 0.4135 0.4002 0.2691 0.3936 0.3324 0.3906 0.4595 0.4383 0.3921 0.3791 0.4191 0.5462 0.4356 0.5284 0.4300 0.5174 0.2848 0.3579 0.3917 0.7047 0.1017 0.5212 0.0676 0.6479 0.2586 0.6709 0.4742 1.0000 0.4793 0.7209
0.3541 0.2047 0.3009 0.3216 0.2259 0.2853 0.3280 0.3627 0.1249 0.3299 0.3084 0.3704 0.3419 0.5556 0.2130 0.3935 0.2332 0.1781 0.3692 0.3189 0.3878 0.2337 0.2331 0.4209 0.5083 0.4079 0.4409 0.3177 0.3212 0.4036 0.5294 0.3030 0.4951 0.2711 0.4282 0.2969 0.4313 0.3982 0.2741 0.3359 0.4262 0.4194 0.4698 0.4537 0.5478 0.3918 0.5053 0.3952 0.1923 0.1892 0.3521 0.2415 0.2667 0.2803 0.3304 0.2924 0.3534 0.3102 0.3004 0.4630 0.4551 0.4063 0.3497 0.4492 0.2278 0.3698 0.2478 0.4618 0.1481 0.3100 0.5914 0.4793 1.0000 0.6702
0.4796 0.4513 0.4363 0.5418 0.4341 0.4538 0.5535 0.1514 0.2341 0.4370 0.4647 0.3749 0.4602 0.2056 0.2242 0.4831 0.3969 0.3358 0.4778 0.4828 0.5569 0.0862 0.1634 0.4625 0.6248 0.3975 0.5231 0.3681 0.4121 0.0853 0.3264 0.2087 0.5345 -0.0099 0.4532 0.3715 0.6181 0.5559 0.2952 0.4235 0.6200 0.6025 0.5921 0.5368 0.5355 0.5191 0.4361 0.5252 0.3435 0.4102 0.5186 0.4796 0.4681 0.4157 0.4281 0.5585 0.4818 0.5569 0.4571 0.5430 0.2950 0.5136 0.4028 0.6714 0.1922 0.5687 0.2441 0.4865 0.1867 0.3848 0.5284 0.7209 0.6702 1.0000
