1.0000 0.8217 0.6974 0.6515 0.4067 0.7095 0.5662 0.4823 0.4241 0.6826 0.6771 0.7910 0.6624 0.6288 0.5658 0.5389 0.6322 0.7294 0.7452 0.5129 0.5830 0.3147 0.4075 0.4425 0.5060 0.3849 0.5032 0.7475 0.6491 0.5168 0.5230 0.3197 0.4449 0.4660 0.7606 0.7604 0.7279 0.7741 0.6831 0.6977 0.7767 0.7540 0.7483 0.7207 0.7500 0.7621 0.5805 0.6752 0.9174 0.8071 0.7707 0.7483 0.8415 0.6189 0.7029 0.6047 0.4075 0.5300 0.7328 0.7276 0.2228 0.1866 0.2193 0.6158 0.1436 0.1871 0.1264 0.3614 0.3859 0.4511 0.4561 0.5920 0.5352 0.6135
0.8217 1.0000 0.6386 0.7200 0.4567 0.5701 0.7503 0.5630 0.5665 0.5898 0.7848 0.6636 0.8185 0.6563 0.6949 0.5061 0.7138 0.7092 0.7127 0.5483 0.5904 0.3951 0.4826 0.4735 0.5464 0.4291 0.5921 0.7418 0.6977 0.5520 0.5325 0.3637 0.4370 0.4943 0.6815 0.7466 0.6905 0.7737 0.6460 0.6843 0.7710 0.7822 0.7342 0.7698 0.7182 0.7790 0.4899 0.6928 0.8294 0.9385 0.7107 0.7893 0.7354 0.8031 0.5948 0.7623 0.3514 0.6737 0.7456 0.7617 0.3108 0.3346 0.3775 0.5733 0.2307 0.1520 0.0662 0.3367 0.3510 0.4790 0.4187 0.6981 0.4699 0.6894
0.6974 0.6386 1.0000 0.8802 0.7129 0.8754 0.6932 0.7744 0.6685 0.5319 0.5382 0.7302 0.5707 0.7625 0.6947 0.3941 0.5002 0.6697 0.6208 0.8447 0.8727 0.6196 0.7094 0.3623 0.4686 0.5720 0.6768 0.6479 0.5611 0.4694 0.5468 0.4222 0.5085 0.5628 0.5207 0.5529 0.4991 0.5625 0.5009 0.5169 0.5617 0.5562 0.5812 0.5911 0.5899 0.6324 0.4782 0.5623 0.6569 0.6276 0.5165 0.5391 0.5644 0.5147 0.5041 0.5681 0.3821 0.4985 0.5772 0.6036 0.3615 0.3332 0.3421 0.6335 0.2440 0.2339 0.2155 0.4380 0.3154 0.3888 0.3517 0.5759 0.3900 0.5441
0.6515 0.7200 0.8802 1.0000 0.6807 0.7771 0.8343 0.7413 0.7304 0.5131 0.6327 0.6480 0.6883 0.7757 0.7747 0.3545 0.5170 0.6964 0.6727 0.7865 0.8414 0.5106 0.6555 0.3791 0.4892 0.5150 0.6852 0.6510 0.5989 0.4519 0.5487 0.4729 0.5207 0.5523 0.4772 0.5206 0.4566 0.5430 0.4903 0.5121 0.5338 0.5433 0.5595 0.5925 0.5899 0.6243 0.4817 0.5660 0.6283 0.6642 0.5146 0.5650 0.5448 0.5889 0.4742 0.6359 0.3723 0.5908 0.5630 0.6250 0.3882 0.3966 0.4024 0.5995 0.2696 0.2037 0.2424 0.4836 0.2939 0.3814 0.3902 0.6462 0.4257 0.5911
0.4067 0.4567 0.7129 0.6807 1.0000 0.5946 0.5804 0.8675 0.7921 0.3663 0.4208 0.5519 0.4908 0.7129 0.7124 0.3741 0.4742 0.2699 0.2495 0.7666 0.8484 0.8601 0.9461 0.4235 0.5043 0.6766 0.7437 0.3873 0.3477 0.1746 0.3078 0.4452 0.4752 0.6001 0.3413 0.4142 0.3282 0.3824 0.3032 0.3428 0.3997 0.3972 0.4538 0.4337 0.4563 0.4761 0.3852 0.4432 0.4564 0.4932 0.2822 0.3060 0.3369 0.4854 0.3909 0.5719 0.1529 0.4102 0.3131 0.3908 0.3385 0.3587 0.2997 0.5591 0.2505 0.2389 0.1387 0.3907 0.2282 0.3641 0.2741 0.5363 0.1910 0.4250
0.7095 0.5701 0.8754 0.7771 0.5946 1.0000 0.7184 0.6703 0.5804 0.5957 0.5452 0.7860 0.5389 0.6969 0.5975 0.3597 0.4592 0.5723 0.5565 0.6562 0.7443 0.4497 0.5514 0.3451 0.4529 0.4264 0.5398 0.5892 0.5293 0.4457 0.5392 0.4651 0.5672 0.5499 0.5329 0.5178 0.5075 0.5652 0.5055 0.5062 0.5641 0.5510 0.5870 0.5804 0.5985 0.6041 0.5377 0.5275 0.6552 0.5586 0.5741 0.5748 0.6443 0.5161 0.5955 0.5428 0.4999 0.5456 0.5924 0.6168 0.2672 0.2604 0.3062 0.6481 0.3121 0.3544 0.2957 0.4872 0.2878 0.3472 0.3732 0.5499 0.4319 0.5168
0.5662 0.7503 0.6932 0.8343 0.5804 0.7184 1.0000 0.6569 0.6961 0.4751 0.7069 0.6136 0.7863 0.6722 0.7313 0.3223 0.5396 0.5245 0.4845 0.5806 0.6562 0.4229 0.5522 0.3972 0.5000 0.4194 0.6148 0.5672 0.5697 0.4528 0.5268 0.4972 0.5012 0.5288 0.4598 0.4918 0.4612 0.5608 0.4663 0.4836 0.5585 0.5810 0.5893 0.6508 0.5890 0.6203 0.4731 0.5606 0.5590 0.6834 0.5558 0.6395 0.5869 0.7308 0.5109 0.7438 0.4536 0.7689 0.5866 0.6508 0.3108 0.4126 0.4314 0.5649 0.3596 0.2429 0.2137 0.4693 0.2449 0.3592 0.3724 0.6744 0.4074 0.6094
0.4823 0.5630 0.7744 0.7413 0.8675 0.6703 0.6569 1.0000 0.8472 0.5072 0.5586 0.6388 0.5922 0.8277 0.7965 0.5237 0.6174 0.3801 0.3650 0.7855 0.8604 0.8058 0.8771 0.5504 0.6123 0.6730 0.7541 0.5215 0.4679 0.2997 0.3801 0.4714 0.4779 0.6738 0.4074 0.4995 0.4201 0.4755 0.3698 0.4012 0.5248 0.5131 0.5588 0.5505 0.5199 0.5459 0.3822 0.4742 0.5414 0.5987 0.3728 0.3845 0.4244 0.6079 0.4855 0.6927 0.2911 0.5497 0.4375 0.5198 0.3664 0.3676 0.3933 0.5847 0.3217 0.2297 0.1328 0.3995 0.3711 0.5097 0.3883 0.6741 0.3265 0.5429
0.4241 0.5665 0.6685 0.7304 0.7921 0.5804 0.6961 0.8472 1.0000 0.4108 0.5169 0.5325 0.5915 0.7297 0.7589 0.3761 0.5128 0.3407 0.3307 0.6739 0.7606 0.6465 0.7561 0.4538 0.5182 0.5333 0.6664 0.4417 0.4079 0.2252 0.3277 0.4816 0.4358 0.5999 0.3208 0.4257 0.3323 0.4013 0.3141 0.3641 0.4267 0.4352 0.4418 0.4623 0.4252 0.4725 0.3291 0.4331 0.4623 0.5589 0.3287 0.3491 0.3563 0.5740 0.3688 0.6213 0.1694 0.5034 0.3497 0.4364 0.3106 0.3528 0.3855 0.5297 0.3078 0.1674 0.1460 0.3756 0.2498 0.3879 0.3245 0.5990 0.2633 0.4624
0.6826 0.5898 0.5319 0.5131 0.3663 0.5957 0.4751 0.5072 0.4108 1.0000 0.7043 0.7929 0.6014 0.6026 0.4715 0.6808 0.6622 0.5037 0.5454 0.3993 0.5108 0.3125 0.3799 0.5591 0.5967 0.3188 0.4231 0.5224 0.4354 0.3716 0.2774 0.2605 0.3903 0.3834 0.6218 0.6085 0.5998 0.6258 0.5335 0.5299 0.6100 0.5992 0.5638 0.5380 0.5434 0.5667 0.4635 0.4658 0.6673 0.6050 0.5712 0.5069 0.6312 0.4997 0.6749 0.5726 0.4720 0.5076 0.5599 0.5940 0.2150 0.2147 0.3165 0.4859 0.2158 0.2538 0.0804 0.2496 0.4988 0.5771 0.5094 0.6206 0.6337 0.6295
0.6771 0.7848 0.5382 0.6327 0.4208 0.5452 0.7069 0.5586 0.5169 0.7043 1.0000 0.7143 0.8986 0.6557 0.6642 0.6170 0.7731 0.5666 0.5887 0.5104 0.5646 0.3559 0.4499 0.5790 0.6632 0.5013 0.6045 0.6521 0.6351 0.4260 0.3705 0.2795 0.3398 0.4752 0.5506 0.5917 0.5428 0.6456 0.4764 0.4936 0.6386 0.6680 0.6427 0.6666 0.6048 0.6400 0.4464 0.5366 0.6585 0.7480 0.6158 0.6262 0.6889 0.7083 0.6581 0.7667 0.4731 0.6594 0.6464 0.6662 0.3004 0.3743 0.4112 0.5432 0.2700 0.2011 0.0945 0.3131 0.4647 0.5627 0.4689 0.7085 0.5285 0.7149
0.7910 0.6636 0.7302 0.6480 0.5519 0.7860 0.6136 0.6388 0.5325 0.7929 0.7143 1.0000 0.6929 0.7611 0.6419 0.6263 0.6808 0.5267 0.5290 0.5904 0.6932 0.4491 0.5566 0.5599 0.6420 0.5039 0.6081 0.6609 0.5706 0.4298 0.4272 0.3461 0.4488 0.5351 0.6553 0.6579 0.6225 0.6794 0.5589 0.5644 0.6820 0.6773 0.6886 0.6710 0.6733 0.6825 0.5598 0.5915 0.7463 0.6650 0.6406 0.6036 0.7349 0.5955 0.7364 0.6691 0.4758 0.6004 0.6301 0.6605 0.2780 0.2925 0.2919 0.6956 0.2422 0.2533 0.1803 0.4104 0.4959 0.5558 0.5094 0.6702 0.5613 0.6581
0.6624 0.8185 0.5707 0.6883 0.4908 0.5389 0.7863 0.5922 0.5915 0.6014 0.8986 0.6929 1.0000 0.7097 0.7648 0.5381 0.7365 0.5722 0.5619 0.5384 0.5832 0.4009 0.5166 0.5713 0.6360 0.5065 0.6495 0.6439 0.6304 0.4129 0.4490 0.3797 0.3869 0.5119 0.5560 0.6085 0.5349 0.6496 0.5124 0.5335 0.6396 0.6730 0.6564 0.6920 0.6593 0.6949 0.5342 0.6306 0.6456 0.7746 0.6048 0.6668 0.6685 0.7450 0.6027 0.7925 0.3983 0.6739 0.6428 0.6779 0.3175 0.4239 0.4467 0.5584 0.2886 0.1414 0.1817 0.4231 0.4257 0.5275 0.4758 0.7467 0.4915 0.7131
0.6288 0.6563 0.7625 0.7757 0.7129 0.6969 0.6722 0.8277 0.7297 0.6026 0.6557 0.7611 0.7097 1.0000 0.8911 0.5457 0.6770 0.5245 0.4947 0.7610 0.8274 0.6179 0.7499 0.6280 0.6984 0.6283 0.7387 0.6420 0.5496 0.3855 0.5116 0.5747 0.5944 0.7536 0.5500 0.6152 0.5113 0.5810 0.5031 0.5410 0.6036 0.6095 0.6467 0.6529 0.6729 0.6813 0.5892 0.6062 0.6717 0.6756 0.4612 0.4995 0.5344 0.6002 0.5782 0.7258 0.3543 0.5836 0.5604 0.6324 0.3667 0.3739 0.4277 0.6892 0.3026 0.2344 0.3149 0.5922 0.4532 0.5630 0.5485 0.7768 0.4823 0.6339
0.5658 0.6949 0.6947 0.7747 0.7124 0.5975 0.7313 0.7965 0.7589 0.4715 0.6642 0.6419 0.7648 0.8911 1.0000 0.4936 0.6893 0.4805 0.4323 0.7147 0.7815 0.6135 0.7489 0.5797 0.6998 0.6105 0.7698 0.6072 0.5430 0.3723 0.5088 0.5573 0.5578 0.7103 0.4997 0.5898 0.4856 0.5629 0.4808 0.5258 0.6041 0.5999 0.6569 0.6551 0.6531 0.6723 0.4988 0.6259 0.6288 0.7002 0.4351 0.4948 0.4798 0.6658 0.5374 0.7672 0.3069 0.6199 0.5314 0.6075 0.3854 0.4668 0.4041 0.6837 0.2896 0.1876 0.2161 0.5511 0.3726 0.5362 0.4953 0.7946 0.4077 0.6401
0.5389 0.5061 0.3941 0.3545 0.3741 0.3597 0.3223 0.5237 0.3761 0.6808 0.6170 0.6263 0.5381 0.5457 0.4936 1.0000 0.8596 0.3474 0.4116 0.3361 0.4359 0.4326 0.4557 0.8116 0.8133 0.3920 0.4216 0.4616 0.3669 0.2832 0.1850 0.1656 0.2671 0.4253 0.5585 0.5817 0.5649 0.5713 0.4164 0.4195 0.5757 0.6097 0.5402 0.5182 0.4674 0.4869 0.3379 0.3737 0.6132 0.5946 0.4620 0.4330 0.5364 0.4863 0.7003 0.6270 0.3877 0.4415 0.5172 0.5610 0.1576 0.1969 0.1889 0.5063 0.0981 0.1591 -0.0018 0.2139 0.8003 0.8523 0.6614 0.6792 0.4764 0.5358
0.6322 0.7138 0.5002 0.5170 0.4742 0.4592 0.5396 0.6174 0.5128 0.6622 0.7731 0.6808 0.7365 0.6770 0.6893 0.8596 1.0000 0.4489 0.4956 0.4589 0.5444 0.4857 0.5419 0.7753 0.8532 0.4952 0.5856 0.5998 0.5276 0.3968 0.3254 0.3103 0.3796 0.5304 0.6334 0.6860 0.6434 0.6849 0.5333 0.5575 0.6880 0.7111 0.6625 0.6527 0.5990 0.6329 0.4435 0.5440 0.7282 0.7898 0.5432 0.5817 0.6065 0.6871 0.7321 0.7890 0.3905 0.5770 0.6396 0.6773 0.2357 0.3110 0.2989 0.5973 0.1888 0.1575 0.0472 0.3201 0.6717 0.8437 0.6535 0.8204 0.5007 0.6517
0.7294 0.7092 0.6697 0.6964 0.2699 0.5723 0.5245 0.3801 0.3407 0.5037 0.5666 0.5267 0.5722 0.5245 0.4805 0.3474 0.4489 1.0000 0.8820 0.5689 0.5179 0.1865 0.2778 0.2758 0.3402 0.3285 0.4331 0.7122 0.6568 0.5124 0.5211 0.2364 0.3517 0.3261 0.5213 0.5245 0.4862 0.5677 0.5147 0.5086 0.5494 0.5592 0.5290 0.5411 0.5736 0.5969 0.4591 0.5251 0.6714 0.6542 0.5997 0.6050 0.6165 0.4273 0.4495 0.4305 0.3707 0.4097 0.6423 0.6035 0.3149 0.2692 0.3212 0.4121 0.1642 0.1147 0.2435 0.3789 0.2993 0.3068 0.3141 0.4633 0.4379 0.5106
0.7452 0.7127 0.6208 0.6727 0.2495 0.5565 0.4845 0.3650 0.3307 0.5454 0.5887 0.5290 0.5619 0.4947 0.4323 0.4116 0.4956 0.8820 1.0000 0.5002 0.5084 0.1506 0.2454 0.3209 0.3871 0.3032 0.3921 0.7100 0.6919 0.5161 0.4625 0.2075 0.3507 0.3369 0.5501 0.5337 0.4983 0.5944 0.5156 0.5129 0.5235 0.5434 0.4816 0.4939 0.5395 0.5574 0.4670 0.4741 0.7078 0.6739 0.6101 0.5970 0.6472 0.4298 0.4559 0.3956 0.3413 0.3740 0.6541 0.6290 0.2866 0.2141 0.2867 0.4229 0.1738 0.1574 0.1652 0.3087 0.3501 0.3613 0.3472 0.4521 0.4442 0.4868
0.5129 0.5483 0.8447 0.7865 0.7666 0.6562 0.5806 0.7855 0.6739 0.3993 0.5104 0.5904 0.5384 0.7610 0.7147 0.3361 0.4589 0.5689 0.5002 1.0000 0.9248 0.6998 0.7912 0.3208 0.4328 0.7982 0.8188 0.6426 0.6020 0.3225 0.3895 0.3229 0.3787 0.6005 0.3098 0.3858 0.2755 0.3887 0.2480 0.2808 0.4198 0.4158 0.4647 0.4557 0.4814 0.4827 0.3368 0.3997 0.5182 0.5523 0.3082 0.3464 0.3957 0.4373 0.3677 0.5321 0.3015 0.4136 0.4291 0.4418 0.4024 0.3740 0.3214 0.5566 0.1995 0.1996 0.2308 0.4289 0.2342 0.3023 0.1737 0.4690 0.2220 0.4516
0.5830 0.5904 0.8727 0.8414 0.8484 0.7443 0.6562 0.8604 0.7606 0.5108 0.5646 0.6932 0.5832 0.8274 0.7815 0.4359 0.5444 0.5179 0.5084 0.9248 1.0000 0.7483 0.8588 0.4175 0.5422 0.7347 0.8092 0.6058 0.5548 0.3566 0.4267 0.4351 0.5166 0.6575 0.4264 0.4823 0.3996 0.4970 0.3652 0.3964 0.5055 0.5034 0.5408 0.5296 0.5555 0.5649 0.4259 0.4746 0.6099 0.6135 0.3930 0.4279 0.4756 0.5231 0.4899 0.6068 0.3145 0.4873 0.4864 0.5421 0.3725 0.3571 0.3361 0.6422 0.2543 0.2697 0.2155 0.4612 0.3088 0.4051 0.3090 0.5880 0.3149 0.5205
0.3147 0.3951 0.6196 0.5106 0.8601 0.4497 0.4229 0.8058 0.6465 0.3125 0.3559 0.4491 0.4009 0.6179 0.6135 0.4326 0.4857 0.1865 0.1506 0.6998 0.7483 1.0000 0.9293 0.4592 0.4985 0.6782 0.6851 0.2947 0.2372 0.2255 0.3018 0.3465 0.3903 0.5130 0.3504 0.4316 0.3641 0.3751 0.3067 0.3355 0.3919 0.3914 0.4262 0.4109 0.3818 0.4367 0.2834 0.3806 0.3885 0.4798 0.2204 0.2545 0.2450 0.4675 0.3192 0.5289 0.1380 0.3578 0.3347 0.3675 0.3037 0.3194 0.3028 0.4488 0.2207 0.1909 0.0474 0.2753 0.2656 0.4235 0.3020 0.5251 0.1871 0.4044
0.4075 0.4826 0.7094 0.6555 0.9461 0.5514 0.5522 0.8771 0.7561 0.3799 0.4499 0.5566 0.5166 0.7499 0.7489 0.4557 0.5419 0.2778 0.2454 0.7912 0.8588 0.9293 1.0000 0.4931 0.5597 0.7375 0.7966 0.4036 0.3538 0.2395 0.3336 0.4278 0.4690 0.6124 0.3763 0.4610 0.3712 0.4210 0.3255 0.3656 0.4358 0.4394 0.4800 0.4676 0.4684 0.5058 0.3688 0.4529 0.4725 0.5423 0.2730 0.3167 0.3316 0.5096 0.3961 0.6139 0.1577 0.4319 0.3655 0.4323 0.3462 0.3638 0.3384 0.5565 0.2406 0.2314 0.1253 0.3853 0.3069 0.4435 0.3184 0.5890 0.2061 0.4595
0.4425 0.4735 0.3623 0.3791 0.4235 0.3451 0.3972 0.5504 0.4538 0.5591 0.5790 0.5599 0.5713 0.6280 0.5797 0.8116 0.7753 0.2758 0.3209 0.3208 0.4175 0.4592 0.4931 1.0000 0.8810 0.3585 0.4165 0.3912 0.3065 0.2008 0.1904 0.3853 0.3939 0.5482 0.5411 0.5872 0.5497 0.5350 0.4175 0.4280 0.5339 0.5975 0.5129 0.5289 0.4504 0.4640 0.3981 0.3594 0.5020 0.5340 0.4116 0.4132 0.4486 0.4885 0.5642 0.6413 0.2952 0.4443 0.4934 0.5349 0.0815 0.1774 0.2700 0.4592 0.1692 0.1010 0.1261 0.3164 0.6771 0.7532 0.7656 0.7282 0.4946 0.5400
0.5060 0.5464 0.4686 0.4892 0.5043 0.4529 0.5000 0.6123 0.5182 0.5967 0.6632 0.6420 0.6360 0.6984 0.6998 0.8133 0.8532 0.3402 0.3871 0.4328 0.5422 0.4985 0.5597 0.8810 1.0000 0.4347 0.5223 0.4760 0.3907 0.2567 0.2509 0.3913 0.4512 0.6147 0.5446 0.5954 0.5447 0.5614 0.4212 0.4431 0.5790 0.6142 0.5711 0.5575 0.5223 0.5223 0.4167 0.4209 0.5788 0.6019 0.4393 0.4490 0.4861 0.5446 0.6550 0.7104 0.3478 0.4926 0.5109 0.5758 0.1449 0.2322 0.2433 0.6167 0.1894 0.1691 0.1063 0.3786 0.6976 0.8172 0.7530 0.8008 0.5115 0.5634
0.3849 0.4291 0.5720 0.5150 0.6766 0.4264 0.4194 0.6730 0.5333 0.3188 0.5013 0.5039 0.5065 0.6283 0.6105 0.3920 0.4952 0.3285 0.3032 0.7982 0.7347 0.6782 0.7375 0.3585 0.4347 1.0000 0.8970 0.6267 0.6191 0.2840 0.3012 0.1268 0.2186 0.4541 0.2615 0.3173 0.2116 0.3304 0.1669 0.1863 0.3629 0.3649 0.4336 0.4068 0.4429 0.4218 0.3062 0.3518 0.4226 0.4727 0.2567 0.2530 0.3713 0.4430 0.3842 0.5503 0.2491 0.3950 0.3770 0.4003 0.4802 0.4695 0.3406 0.5247 0.2037 0.2080 0.1726 0.3677 0.2824 0.3271 0.1480 0.4223 0.1473 0.4030
0.5032 0.5921 0.6768 0.6852 0.7437 0.5398 0.6148 0.7541 0.6664 0.4231 0.6045 0.6081 0.6495 0.7387 0.7698 0.4216 0.5856 0.4331 0.3921 0.8188 0.8092 0.6851 0.7966 0.4165 0.5223 0.8970 1.0000 0.6814 0.6556 0.3766 0.4094 0.2344 0.3270 0.5014 0.3706 0.4561 0.3468 0.4620 0.3157 0.3428 0.4920 0.4864 0.5597 0.5512 0.5601 0.5656 0.3799 0.5046 0.5462 0.6165 0.3634 0.3776 0.4510 0.5917 0.4735 0.6856 0.2849 0.5536 0.4671 0.5207 0.5377 0.5417 0.4187 0.6279 0.2598 0.2038 0.1878 0.4391 0.3154 0.3943 0.2597 0.5914 0.2860 0.5464
0.7475 0.7418 0.6479 0.6510 0.3873 0.5892 0.5672 0.5215 0.4417 0.5224 0.6521 0.6609 0.6439 0.6420 0.6072 0.4616 0.5998 0.7122 0.7100 0.6426 0.6058 0.2947 0.4036 0.3912 0.4760 0.6267 0.6814 1.0000 0.9242 0.5893 0.5597 0.2112 0.3427 0.4536 0.5551 0.5727 0.5204 0.6401 0.4971 0.5005 0.6745 0.6650 0.6989 0.6819 0.7117 0.6820 0.5020 0.5740 0.7518 0.7281 0.6324 0.5912 0.7036 0.5928 0.5735 0.6181 0.4228 0.5836 0.7063 0.7195 0.4703 0.4226 0.3781 0.6084 0.1848 0.2063 0.2129 0.4260 0.3662 0.3978 0.3370 0.5564 0.4101 0.6005
0.6491 0.6977 0.5611 0.5989 0.3477 0.5293 0.5697 0.4679 0.4079 0.4354 0.6351 0.5706 0.6304 0.5496 0.5430 0.3669 0.5276 0.6568 0.6919 0.6020 0.5548 0.2372 0.3538 0.3065 0.3907 0.6191 0.6556 0.9242 1.0000 0.5647 0.5089 0.1692 0.2975 0.4255 0.4487 0.4568 0.3995 0.5540 0.3904 0.3871 0.5713 0.5731 0.6018 0.6044 0.6199 0.5874 0.4420 0.4926 0.6552 0.6692 0.5885 0.5430 0.6635 0.5880 0.4939 0.5687 0.3979 0.5666 0.6617 0.6568 0.4570 0.4268 0.3643 0.5408 0.2444 0.2412 0.2032 0.3859 0.2658 0.2897 0.2018 0.4655 0.3123 0.5406
0.5168 0.5520 0.4694 0.4519 0.1746 0.4457 0.4528 0.2997 0.2252 0.3716 0.4260 0.4298 0.4129 0.3855 0.3723 0.2832 0.3968 0.5124 0.5161 0.3225 0.3566 0.2255 0.2395 0.2008 0.2567 0.2840 0.3766 0.5893 0.5647 1.0000 0.7198 0.1757 0.3524 0.2258 0.5076 0.4824 0.5244 0.6260 0.5391 0.5144 0.5522 0.5688 0.5518 0.6002 0.5476 0.5872 0.4572 0.5288 0.5182 0.5510 0.6176 0.5387 0.5474 0.4888 0.3007 0.3671 0.4964 0.5812 0.7686 0.6979 0.4292 0.4434 0.3873 0.3596 0.2354 0.2490 0.2061 0.2935 0.2515 0.2708 0.2444 0.4346 0.4037 0.5239
0.5230 0.5325 0.5468 0.5487 0.3078 0.5392 0.5268 0.3801 0.3277 0.2774 0.3705 0.4272 0.4490 0.5116 0.5088 0.1850 0.3254 0.5211 0.4625 0.3895 0.4267 0.3018 0.3336 0.1904 0.2509 0.3012 0.4094 0.5597 0.5089 0.7198 1.0000 0.4492 0.5556 0.3370 0.5376 0.5117 0.5322 0.6049 0.6478 0.6151 0.5982 0.5958 0.6561 0.6726 0.7061 0.7077 0.6593 0.6753 0.5498 0.5289 0.5638 0.5734 0.5162 0.4648 0.3536 0.4211 0.4092 0.5837 0.7125 0.7384 0.3881 0.4533 0.3944 0.4801 0.3261 0.2210 0.3970 0.5805 0.2217 0.2505 0.3594 0.5302 0.4227 0.5182
0.3197 0.3637 0.4222 0.4729 0.4452 0.4651 0.4972 0.4714 0.4816 0.2605 0.2795 0.3461 0.3797 0.5747 0.5573 0.1656 0.3103 0.2364 0.2075 0.3229 0.4351 0.3465 0.4278 0.3853 0.3913 0.1268 0.2344 0.2112 0.1692 0.1757 0.4492 1.0000 0.8078 0.6995 0.3864 0.3878 0.3602 0.3525 0.4308 0.4664 0.3792 0.3693 0.3866 0.3721 0.4200 0.4175 0.5621 0.4429 0.3828 0.3951 0.3030 0.3911 0.2938 0.3468 0.2804 0.4061 0.1296 0.3116 0.3742 0.4198 -0.0328 0.0457 0.2626 0.3365 0.4012 0.1669 0.4380 0.5823 0.1246 0.2564 0.3929 0.4833 0.1934 0.2482
0.4449 0.4370 0.5085 0.5207 0.4752 0.5672 0.5012 0.4779 0.4358 0.3903 0.3398 0.4488 0.3869 0.5944 0.5578 0.2671 0.3796 0.3517 0.3507 0.3787 0.5166 0.3903 0.4690 0.3939 0.4512 0.2186 0.3270 0.3427 0.2975 0.3524 0.5556 0.8078 1.0000 0.6157 0.4944 0.4510 0.4622 0.4820 0.5192 0.5316 0.4911 0.4860 0.5094 0.4743 0.5484 0.5287 0.6372 0.4961 0.5315 0.4768 0.4394 0.4834 0.4312 0.3705 0.3747 0.4006 0.2308 0.3644 0.5290 0.5674 0.0823 0.1365 0.3492 0.4847 0.4108 0.3574 0.4554 0.6485 0.1899 0.3138 0.3811 0.4888 0.2478 0.2834
0.4660 0.4943 0.5628 0.5523 0.6001 0.5499 0.5288 0.6738 0.5999 0.3834 0.4752 0.5351 0.5119 0.7536 0.7103 0.4253 0.5304 0.3261 0.3369 0.6005 0.6575 0.5130 0.6124 0.5482 0.6147 0.4541 0.5014 0.4536 0.4255 0.2258 0.3370 0.6995 0.6157 1.0000 0.3873 0.4379 0.3626 0.4223 0.2873 0.3406 0.4838 0.4895 0.5134 0.4797 0.5114 0.4753 0.4287 0.3929 0.5170 0.5181 0.3536 0.3989 0.4179 0.4707 0.4322 0.5782 0.2263 0.4202 0.4291 0.4557 0.1827 0.1794 0.2394 0.5583 0.2827 0.2116 0.2646 0.5128 0.3024 0.4064 0.3482 0.5532 0.2038 0.3844
0.7606 0.6815 0.5207 0.4772 0.3413 0.5329 0.4598 0.4074 0.3208 0.6218 0.5506 0.6553 0.5560 0.5500 0.4997 0.5585 0.6334 0.5213 0.5501 0.3098 0.4264 0.3504 0.3763 0.5411 0.5446 0.2615 0.3706 0.5551 0.4487 0.5076 0.5376 0.3864 0.4944 0.3873 1.0000 0.9422 0.9440 0.9052 0.9153 0.9095 0.8556 0.8323 0.7836 0.7610 0.7697 0.8177 0.7035 0.7827 0.7933 0.7294 0.6950 0.7108 0.7097 0.5700 0.6355 0.5680 0.3498 0.5051 0.7522 0.7625 0.1538 0.1824 0.2436 0.4944 0.1427 0.1131 0.0687 0.3238 0.4093 0.5213 0.6248 0.6715 0.6525 0.6713
0.7604 0.7466 0.5529 0.5206 0.4142 0.5178 0.4918 0.4995 0.4257 0.6085 0.5917 0.6579 0.6085 0.6152 0.5898 0.5817 0.6860 0.5245 0.5337 0.3858 0.4823 0.4316 0.4610 0.5872 0.5954 0.3173 0.4561 0.5727 0.4568 0.4824 0.5117 0.3878 0.4510 0.4379 0.9422 1.0000 0.9339 0.8972 0.8759 0.9084 0.8647 0.8432 0.7969 0.7899 0.7485 0.8226 0.6165 0.7864 0.8032 0.7878 0.6616 0.6798 0.6531 0.6400 0.6173 0.6454 0.3004 0.5361 0.7300 0.7453 0.2062 0.2200 0.2744 0.5296 0.1346 0.0741 0.0186 0.2995 0.4262 0.5599 0.6286 0.7311 0.6443 0.7100
0.7279 0.6905 0.4991 0.4566 0.3282 0.5075 0.4612 0.4201 0.3323 0.5998 0.5428 0.6225 0.5349 0.5113 0.4856 0.5649 0.6434 0.4862 0.4983 0.2755 0.3996 0.3641 0.3712 0.5497 0.5447 0.2116 0.3468 0.5204 0.3995 0.5244 0.5322 0.3602 0.4622 0.3626 0.9440 0.9339 1.0000 0.9347 0.8812 0.8829 0.8970 0.8797 0.8042 0.8014 0.7507 0.8117 0.6079 0.7419 0.7670 0.7372 0.7093 0.7343 0.6775 0.6059 0.6021 0.5732 0.3541 0.5408 0.7665 0.7808 0.1266 0.1790 0.2147 0.4461 0.1183 0.0554 0.0210 0.2590 0.4179 0.5412 0.6127 0.6813 0.6257 0.6763
0.7741 0.7737 0.5625 0.5430 0.3824 0.5652 0.5608 0.4755 0.4013 0.6258 0.6456 0.6794 0.6496 0.5810 0.5629 0.5713 0.6849 0.5677 0.5944 0.3887 0.4970 0.3751 0.4210 0.5350 0.5614 0.3304 0.4620 0.6401 0.5540 0.6260 0.6049 0.3525 0.4820 0.4223 0.9052 0.8972 0.9347 1.0000 0.8448 0.8510 0.9193 0.9301 0.8439 0.8450 0.8249 0.8682 0.6599 0.7750 0.8168 0.8053 0.7721 0.8068 0.7625 0.6820 0.6220 0.6102 0.4363 0.6403 0.8616 0.8790 0.2106 0.2733 0.2879 0.5065 0.1800 0.1401 0.0823 0.3160 0.4287 0.5356 0.5570 0.6994 0.6091 0.7257
0.6831 0.6460 0.5009 0.4903 0.3032 0.5055 0.4663 0.3698 0.3141 0.5335 0.4764 0.5589 0.5124 0.5031 0.4808 0.4164 0.5333 0.5147 0.5156 0.2480 0.3652 0.3067 0.3255 0.4175 0.4212 0.1669 0.3157 0.4971 0.3904 0.5391 0.6478 0.4308 0.5192 0.2873 0.9153 0.8759 0.8812 0.8448 1.0000 0.9640 0.7953 0.7629 0.7444 0.7357 0.7520 0.8280 0.7346 0.8467 0.7129 0.6730 0.6501 0.6761 0.6085 0.5432 0.5335 0.5047 0.2656 0.5136 0.7077 0.7348 0.2140 0.2485 0.3060 0.4444 0.1910 0.1288 0.0880 0.3514 0.3170 0.4474 0.5862 0.6696 0.6459 0.6709
0.6977 0.6843 0.5169 0.5121 0.3428 0.5062 0.4836 0.4012 0.3641 0.5299 0.4936 0.5644 0.5335 0.5410 0.5258 0.4195 0.5575 0.5086 0.5129 0.2808 0.3964 0.3355 0.3656 0.4280 0.4431 0.1863 0.3428 0.5005 0.3871 0.5144 0.6151 0.4664 0.5316 0.3406 0.9095 0.9084 0.8829 0.8510 0.9640 1.0000 0.7948 0.7667 0.7375 0.7310 0.7333 0.8324 0.7026 0.8627 0.7373 0.7137 0.6342 0.6706 0.5890 0.5639 0.5280 0.5316 0.2229 0.4981 0.6898 0.7169 0.2214 0.2454 0.3144 0.4637 0.1807 0.1172 0.0720 0.3475 0.3124 0.4530 0.5823 0.6813 0.6196 0.6583
0.7767 0.7710 0.5617 0.5338 0.3997 0.5641 0.5585 0.5248 0.4267 0.6100 0.6386 0.6820 0.6396 0.6036 0.6041 0.5757 0.6880 0.5494 0.5235 0.4198 0.5055 0.3919 0.4358 0.5339 0.5790 0.3629 0.4920 0.6745 0.5713 0.5522 0.5982 0.3792 0.4911 0.4838 0.8556 0.8647 0.8970 0.9193 0.7953 0.7948 1.0000 0.9414 0.9455 0.8928 0.8821 0.8776 0.6175 0.7580 0.8266 0.7941 0.7812 0.7814 0.7681 0.7035 0.6595 0.6880 0.4547 0.6699 0.8118 0.8366 0.2174 0.2939 0.2754 0.5610 0.1792 0.1354 0.0883 0.3592 0.4204 0.5378 0.5179 0.7033 0.5608 0.6909
0.7540 0.7822 0.5562 0.5433 0.3972 0.5510 0.5810 0.5131 0.4352 0.5992 0.6680 0.6773 0.6730 0.6095 0.5999 0.6097 0.7111 0.5592 0.5434 0.4158 0.5034 0.3914 0.4394 0.5975 0.6142 0.3649 0.4864 0.6650 0.5731 0.5688 0.5958 0.3693 0.4860 0.4895 0.8323 0.8432 0.8797 0.9301 0.7629 0.7667 0.9414 1.0000 0.8991 0.9168 0.8455 0.8721 0.5998 0.7342 0.7967 0.7994 0.7791 0.8161 0.7704 0.7173 0.6434 0.7003 0.4478 0.6943 0.8339 0.8627 0.2033 0.2925 0.3140 0.5585 0.1910 0.1422 0.1075 0.3546 0.4852 0.5730 0.5600 0.7253 0.5711 0.7288
0.7483 0.7342 0.5812 0.5595 0.4538 0.5870 0.5893 0.5588 0.4418 0.5638 0.6427 0.6886 0.6564 0.6467 0.6569 0.5402 0.6625 0.5290 0.4816 0.4647 0.5408 0.4262 0.4800 0.5129 0.5711 0.4336 0.5597 0.6989 0.6018 0.5518 0.6561 0.3866 0.5094 0.5134 0.7836 0.7969 0.8042 0.8439 0.7444 0.7375 0.9455 0.8991 1.0000 0.9173 0.9298 0.8928 0.6573 0.7768 0.8020 0.7461 0.7570 0.7323 0.7527 0.7050 0.6766 0.7241 0.4844 0.7114 0.7862 0.8165 0.3120 0.3988 0.3339 0.6294 0.2089 0.1886 0.1382 0.4290 0.4128 0.5150 0.4915 0.7189 0.5411 0.7042
0.7207 0.7698 0.5911 0.5925 0.4337 0.5804 0.6508 0.5505 0.4623 0.5380 0.6666 0.6710 0.6920 0.6529 0.6551 0.5182 0.6527 0.5411 0.4939 0.4557 0.5296 0.4109 0.4676 0.5289 0.5575 0.4068 0.5512 0.6819 0.6044 0.6002 0.6726 0.3721 0.4743 0.4797 0.7610 0.7899 0.8014 0.8450 0.7357 0.7310 0.8928 0.9168 0.9173 1.0000 0.8530 0.8962 0.6107 0.7708 0.7444 0.7609 0.7745 0.7765 0.7388 0.7479 0.6112 0.7515 0.4671 0.7857 0.8142 0.8505 0.3149 0.4198 0.3766 0.6017 0.2239 0.1687 0.1498 0.4178 0.4229 0.5121 0.5088 0.7389 0.5521 0.7562
0.7500 0.7182 0.5899 0.5899 0.4563 0.5985 0.5890 0.5199 0.4252 0.5434 0.6048 0.6733 0.6593 0.6729 0.6531 0.4674 0.5990 0.5736 0.5395 0.4814 0.5555 0.3818 0.4684 0.4504 0.5223 0.4429 0.5601 0.7117 0.6199 0.5476 0.7061 0.4200 0.5484 0.5114 0.7697 0.7485 0.7507 0.8249 0.7520 0.7333 0.8821 0.8455 0.9298 0.8530 1.0000 0.9185 0.7778 0.8089 0.7927 0.7172 0.7307 0.7421 0.7495 0.6347 0.6416 0.6555 0.4376 0.6514 0.7693 0.8168 0.3233 0.3962 0.3423 0.6210 0.2170 0.2312 0.2500 0.5243 0.3881 0.4665 0.4724 0.6950 0.5234 0.6736
0.7621 0.7790 0.6324 0.6243 0.4761 0.6041 0.6203 0.5459 0.4725 0.5667 0.6400 0.6825 0.6949 0.6813 0.6723 0.4869 0.6329 0.5969 0.5574 0.4827 0.5649 0.4367 0.5058 0.4640 0.5223 0.4218 0.5656 0.6820 0.5874 0.5872 0.7077 0.4175 0.5287 0.4753 0.8177 0.8226 0.8117 0.8682 0.8280 0.8324 0.8776 0.8721 0.8928 0.8962 0.9185 1.0000 0.7362 0.8984 0.7877 0.7797 0.7359 0.7787 0.7219 0.6969 0.6085 0.7027 0.3715 0.6661 0.7923 0.8354 0.3621 0.4255 0.3967 0.6138 0.2448 0.2114 0.1771 0.4681 0.4071 0.5018 0.5045 0.7439 0.5581 0.7411
0.5805 0.4899 0.4782 0.4817 0.3852 0.5377 0.4731 0.3822 0.3291 0.4635 0.4464 0.5598 0.5342 0.5892 0.4988 0.3379 0.4435 0.4591 0.4670 0.3368 0.4259 0.2834 0.3688 0.3981 0.4167 0.3062 0.3799 0.5020 0.4420 0.4572 0.6593 0.5621 0.6372 0.4287 0.7035 0.6165 0.6079 0.6599 0.7346 0.7026 0.6175 0.5998 0.6573 0.6107 0.7778 0.7362 1.0000 0.7782 0.6025 0.5105 0.5938 0.5860 0.6107 0.4059 0.4906 0.4464 0.3237 0.4495 0.6510 0.6847 0.2089 0.2954 0.3650 0.4824 0.3509 0.2623 0.4316 0.6284 0.3201 0.3636 0.4888 0.5691 0.4960 0.5114
0.6752 0.6928 0.5623 0.5660 0.4432 0.5275 0.5606 0.4742 0.4331 0.4658 0.5366 0.5915 0.6306 0.6062 0.6259 0.3737 0.5440 0.5251 0.4741 0.3997 0.4746 0.3806 0.4529 0.3594 0.4209 0.3518 0.5046 0.5740 0.4926 0.5288 0.6753 0.4429 0.4961 0.3929 0.7827 0.7864 0.7419 0.7750 0.8467 0.8627 0.7580 0.7342 0.7768 0.7708 0.8089 0.8984 0.7782 1.0000 0.6878 0.6885 0.6299 0.6554 0.6051 0.6132 0.5238 0.6083 0.2407 0.5696 0.6781 0.7028 0.3665 0.4287 0.3930 0.5703 0.2732 0.1971 0.1546 0.4726 0.3203 0.4253 0.4445 0.6812 0.5236 0.6793
0.9174 0.8294 0.6569 0.6283 0.4564 0.6552 0.5590 0.5414 0.4623 0.6673 0.6585 0.7463 0.6456 0.6717 0.6288 0.6132 0.7282 0.6714 0.7078 0.5182 0.6099 0.3885 0.4725 0.5020 0.5788 0.4226 0.5462 0.7518 0.6552 0.5182 0.5498 0.3828 0.5315 0.5170 0.7933 0.8032 0.7670 0.8168 0.7129 0.7373 0.8266 0.7967 0.8020 0.7444 0.7927 0.7877 0.6025 0.6878 1.0000 0.8800 0.7389 0.7562 0.8064 0.6681 0.7325 0.6557 0.4020 0.5499 0.7684 0.7836 0.2368 0.2043 0.2534 0.6424 0.1752 0.2131 0.1387 0.3956 0.4293 0.5387 0.5061 0.6502 0.4968 0.5904
0.8071 0.9385 0.6276 0.6642 0.4932 0.5586 0.6834 0.5987 0.5589 0.6050 0.7480 0.6650 0.7746 0.6756 0.7002 0.5946 0.7898 0.6542 0.6739 0.5523 0.6135 0.4798 0.5423 0.5340 0.6019 0.4727 0.6165 0.7281 0.6692 0.5510 0.5289 0.3951 0.4768 0.5181 0.7294 0.7878 0.7372 0.8053 0.6730 0.7137 0.7941 0.7994 0.7461 0.7609 0.7172 0.7797 0.5105 0.6885 0.8800 1.0000 0.6970 0.7816 0.7311 0.8156 0.6338 0.7739 0.3671 0.6494 0.7749 0.7875 0.2698 0.2961 0.3586 0.5729 0.2466 0.1541 0.0814 0.3433 0.4068 0.5644 0.4765 0.7275 0.4690 0.6660
0.7707 0.7107 0.5165 0.5146 0.2822 0.5741 0.5558 0.3728 0.3287 0.5712 0.6158 0.6406 0.6048 0.4612 0.4351 0.4620 0.5432 0.5997 0.6101 0.3082 0.3930 0.2204 0.2730 0.4116 0.4393 0.2567 0.3634 0.6324 0.5885 0.6176 0.5638 0.3030 0.4394 0.3536 0.6950 0.6616 0.7093 0.7721 0.6501 0.6342 0.7812 0.7791 0.7570 0.7745 0.7307 0.7359 0.5938 0.6299 0.7389 0.6970 1.0000 0.8192 0.8787 0.6447 0.5922 0.5594 0.5067 0.6423 0.8290 0.8050 0.2239 0.2978 0.2916 0.4507 0.2227 0.1613 0.1494 0.3012 0.3417 0.4107 0.4063 0.5484 0.4949 0.6063
0.7483 0.7893 0.5391 0.5650 0.3060 0.5748 0.6395 0.3845 0.3491 0.5069 0.6262 0.6036 0.6668 0.4995 0.4948 0.4330 0.5817 0.6050 0.5970 0.3464 0.4279 0.2545 0.3167 0.4132 0.4490 0.2530 0.3776 0.5912 0.5430 0.5387 0.5734 0.3911 0.4834 0.3989 0.7108 0.6798 0.7343 0.8068 0.6761 0.6706 0.7814 0.8161 0.7323 0.7765 0.7421 0.7787 0.5860 0.6554 0.7562 0.7816 0.8192 1.0000 0.8153 0.7040 0.6073 0.6209 0.4339 0.6166 0.8045 0.8310 0.1153 0.2224 0.2529 0.4613 0.2082 0.1385 0.1861 0.3509 0.3384 0.4077 0.4610 0.6014 0.4508 0.5998
0.8415 0.7354 0.5644 0.5448 0.3369 0.6443 0.5869 0.4244 0.3563 0.6312 0.6889 0.7349 0.6685 0.5344 0.4798 0.5364 0.6065 0.6165 0.6472 0.3957 0.4756 0.2450 0.3316 0.4486 0.4861 0.3713 0.4510 0.7036 0.6635 0.5474 0.5162 0.2938 0.4312 0.4179 0.7097 0.6531 0.6775 0.7625 0.6085 0.5890 0.7681 0.7704 0.7527 0.7388 0.7495 0.7219 0.6107 0.6051 0.8064 0.7311 0.8787 0.8153 1.0000 0.6523 0.7331 0.6127 0.5698 0.6255 0.7835 0.7860 0.1812 0.2209 0.2608 0.5248 0.1877 0.2093 0.1880 0.3583 0.3951 0.4338 0.4265 0.5510 0.4919 0.6013
0.6189 0.8031 0.5147 0.5889 0.4854 0.5161 0.7308 0.6079 0.5740 0.4997 0.7083 0.5955 0.7450 0.6002 0.6658 0.4863 0.6871 0.4273 0.4298 0.4373 0.5231 0.4675 0.5096 0.4885 0.5446 0.4430 0.5917 0.5928 0.5880 0.4888 0.4648 0.3468 0.3705 0.4707 0.5700 0.6400 0.6059 0.6820 0.5432 0.5639 0.7035 0.7173 0.7050 0.7479 0.6347 0.6969 0.4059 0.6132 0.6681 0.8156 0.6447 0.7040 0.6523 1.0000 0.5745 0.8308 0.3901 0.7837 0.6720 0.6986 0.3224 0.3846 0.4231 0.5527 0.3609 0.2147 0.0152 0.2643 0.3107 0.4793 0.4055 0.7012 0.4172 0.6589
0.7029 0.5948 0.5041 0.4742 0.3909 0.5955 0.5109 0.4855 0.3688 0.6749 0.6581 0.7364 0.6027 0.5782 0.5374 0.7003 0.7321 0.4495 0.4559 0.3677 0.4899 0.3192 0.3961 0.5642 0.6550 0.3842 0.4735 0.5735 0.4939 0.3007 0.3536 0.2804 0.3747 0.4322 0.6355 0.6173 0.6021 0.6220 0.5335 0.5280 0.6595 0.6434 0.6766 0.6112 0.6416 0.6085 0.4906 0.5238 0.7325 0.6338 0.5922 0.6073 0.7331 0.5745 1.0000 0.7137 0.4791 0.5300 0.5531 0.6279 0.1576 0.2219 0.1983 0.6228 0.1504 0.2013 0.0822 0.3641 0.5469 0.6264 0.6100 0.6873 0.5640 0.5983
0.6047 0.7623 0.5681 0.6359 0.5719 0.5428 0.7438 0.6927 0.6213 0.5726 0.7667 0.6691 0.7925 0.7258 0.7672 0.6270 0.7890 0.4305 0.3956 0.5321 0.6068 0.5289 0.6139 0.6413 0.7104 0.5503 0.6856 0.6181 0.5687 0.3671 0.4211 0.4061 0.4006 0.5782 0.5680 0.6454 0.5732 0.6102 0.5047 0.5316 0.6880 0.7003 0.7241 0.7515 0.6555 0.7027 0.4464 0.6083 0.6557 0.7739 0.5594 0.6209 0.6127 0.8308 0.7137 1.0000 0.3755 0.7514 0.5862 0.6729 0.3560 0.4305 0.4291 0.6494 0.3024 0.1704 0.0861 0.4151 0.4738 0.6138 0.5433 0.8212 0.4768 0.7015
0.4075 0.3514 0.3821 0.3723 0.1529 0.4999 0.4536 0.2911 0.1694 0.4720 0.4731 0.4758 0.3983 0.3543 0.3069 0.3877 0.3905 0.3707 0.3413 0.3015 0.3145 0.1380 0.1577 0.2952 0.3478 0.2491 0.2849 0.4228 0.3979 0.4964 0.4092 0.1296 0.2308 0.2263 0.3498 0.3004 0.3541 0.4363 0.2656 0.2229 0.4547 0.4478 0.4844 0.4671 0.4376 0.3715 0.3237 0.2407 0.4020 0.3671 0.5067 0.4339 0.5698 0.3901 0.4791 0.3755 1.0000 0.5845 0.5799 0.5541 0.1459 0.2536 0.1846 0.3169 0.1528 0.2117 0.2250 0.2264 0.3595 0.3270 0.2988 0.3808 0.4693 0.4508
0.5300 0.6737 0.4985 0.5908 0.4102 0.5456 0.7689 0.5497 0.5034 0.5076 0.6594 0.6004 0.6739 0.5836 0.6199 0.4415 0.5770 0.4097 0.3740 0.4136 0.4873 0.3578 0.4319 0.4443 0.4926 0.3950 0.5536 0.5836 0.5666 0.5812 0.5837 0.3116 0.3644 0.4202 0.5051 0.5361 0.5408 0.6403 0.5136 0.4981 0.6699 0.6943 0.7114 0.7857 0.6514 0.6661 0.4495 0.5696 0.5499 0.6494 0.6423 0.6166 0.6255 0.7837 0.5300 0.7514 0.5845 1.0000 0.6845 0.7352 0.3548 0.4637 0.4180 0.5189 0.3134 0.2692 0.1127 0.3436 0.3324 0.4299 0.3900 0.6895 0.4897 0.7101
0.7328 0.7456 0.5772 0.5630 0.3131 0.5924 0.5866 0.4375 0.3497 0.5599 0.6464 0.6301 0.6428 0.5604 0.5314 0.5172 0.6396 0.6423 0.6541 0.4291 0.4864 0.3347 0.3655 0.4934 0.5109 0.3770 0.4671 0.7063 0.6617 0.7686 0.7125 0.3742 0.5290 0.4291 0.7522 0.7300 0.7665 0.8616 0.7077 0.6898 0.8118 0.8339 0.7862 0.8142 0.7693 0.7923 0.6510 0.6781 0.7684 0.7749 0.8290 0.8045 0.7835 0.6720 0.5531 0.5862 0.5799 0.6845 1.0000 0.9298 0.2833 0.3621 0.3952 0.4826 0.2989 0.2364 0.2655 0.4239 0.4041 0.4809 0.4712 0.6285 0.5141 0.6486
0.7276 0.7617 0.6036 0.6250 0.3908 0.6168 0.6508 0.5198 0.4364 0.5940 0.6662 0.6605 0.6779 0.6324 0.6075 0.5610 0.6773 0.6035 0.6290 0.4418 0.5421 0.3675 0.4323 0.5349 0.5758 0.4003 0.5207 0.7195 0.6568 0.6979 0.7384 0.4198 0.5674 0.4557 0.7625 0.7453 0.7808 0.8790 0.7348 0.7169 0.8366 0.8627 0.8165 0.8505 0.8168 0.8354 0.6847 0.7028 0.7836 0.7875 0.8050 0.8310 0.7860 0.6986 0.6279 0.6729 0.5541 0.7352 0.9298 1.0000 0.3056 0.3933 0.4005 0.5486 0.3104 0.2307 0.2643 0.4765 0.4705 0.5433 0.5655 0.7196 0.5663 0.7020
0.2228 0.3108 0.3615 0.3882 0.3385 0.2672 0.3108 0.3664 0.3106 0.2150 0.3004 0.2780 0.3175 0.3667 0.3854 0.1576 0.2357 0.3149 0.2866 0.4024 0.3725 0.3037 0.3462 0.0815 0.1449 0.4802 0.5377 0.4703 0.4570 0.4292 0.3881 -0.0328 0.0823 0.1827 0.1538 0.2062 0.1266 0.2106 0.2140 0.2214 0.2174 0.2033 0.3120 0.3149 0.3233 0.3621 0.2089 0.3665 0.2368 0.2698 0.2239 0.1153 0.1812 0.3224 0.1576 0.3560 0.1459 0.3548 0.2833 0.3056 1.0000 0.7768 0.5273 0.4091 0.1857 0.2119 0.1580 0.3020 0.1885 0.1683 0.0439 0.3192 0.1769 0.3985
0.1866 0.3346 0.3332 0.3966 0.3587 0.2604 0.4126 0.3676 0.3528 0.2147 0.3743 0.2925 0.4239 0.3739 0.4668 0.1969 0.3110 0.2692 0.2141 0.3740 0.3571 0.3194 0.3638 0.1774 0.2322 0.4695 0.5417 0.4226 0.4268 0.4434 0.4533 0.0457 0.1365 0.1794 0.1824 0.2200 0.1790 0.2733 0.2485 0.2454 0.2939 0.2925 0.3988 0.4198 0.3962 0.4255 0.2954 0.4287 0.2043 0.2961 0.2978 0.2224 0.2209 0.3846 0.2219 0.4305 0.2536 0.4637 0.3621 0.3933 0.7768 1.0000 0.5488 0.4347 0.2864 0.2172 0.1952 0.3539 0.2338 0.2520 0.1497 0.4311 0.2349 0.4841
0.2193 0.3775 0.3421 0.4024 0.2997 0.3062 0.4314 0.3933 0.3855 0.3165 0.4112 0.2919 0.4467 0.4277 0.4041 0.1889 0.2989 0.3212 0.2867 0.3214 0.3361 0.3028 0.3384 0.2700 0.2433 0.3406 0.4187 0.3781 0.3643 0.3873 0.3944 0.2626 0.3492 0.2394 0.2436 0.2744 0.2147 0.2879 0.3060 0.3144 0.2754 0.3140 0.3339 0.3766 0.3423 0.3967 0.3650 0.3930 0.2534 0.3586 0.2916 0.2529 0.2608 0.4231 0.1983 0.4291 0.1846 0.4180 0.3952 0.4005 0.5273 0.5488 1.0000 0.3767 0.5045 0.3624 0.3039 0.3660 0.2172 0.2584 0.2144 0.4146 0.2104 0.3866
0.6158 0.5733 0.6335 0.5995 0.5591 0.6481 0.5649 0.5847 0.5297 0.4859 0.5432 0.6956 0.5584 0.6892 0.6837 0.5063 0.5973 0.4121 0.4229 0.5566 0.6422 0.4488 0.5565 0.4592 0.6167 0.5247 0.6279 0.6084 0.5408 0.3596 0.4801 0.3365 0.4847 0.5583 0.4944 0.5296 0.4461 0.5065 0.4444 0.4637 0.5610 0.5585 0.6294 0.6017 0.6210 0.6138 0.4824 0.5703 0.6424 0.5729 0.4507 0.4613 0.5248 0.5527 0.6228 0.6494 0.3169 0.5189 0.4826 0.5486 0.4091 0.4347 0.3767 1.0000 0.3105 0.4658 0.2087 0.5241 0.4714 0.5215 0.4388 0.6327 0.3874 0.5188
0.1436 0.2307 0.2440 0.2696 0.2505 0.3121 0.3596 0.3217 0.3078 0.2158 0.2700 0.2422 0.2886 0.3026 0.2896 0.0981 0.1888 0.1642 0.1738 0.1995 0.2543 0.2207 0.2406 0.1692 0.1894 0.2037 0.2598 0.1848 0.2444 0.2354 0.3261 0.4012 0.4108 0.2827 0.1427 0.1346 0.1183 0.1800 0.1910 0.1807 0.1792 0.1910 0.2089 0.2239 0.2170 0.2448 0.3509 0.2732 0.1752 0.2466 0.2227 0.2082 0.1877 0.3609 0.1504 0.3024 0.1528 0.3134 0.2989 0.3104 0.1857 0.2864 0.5045 0.3105 1.0000 0.3443 0.2977 0.3841 0.1061 0.1636 0.1137 0.2769 0.1061 0.1941
0.1871 0.1520 0.2339 0.2037 0.2389 0.3544 0.2429 0.2297 0.1674 0.2538 0.2011 0.2533 0.1414 0.2344 0.1876 0.1591 0.1575 0.1147 0.1574 0.1996 0.2697 0.1909 0.2314 0.1010 0.1691 0.2080 0.2038 0.2063 0.2412 0.2490 0.2210 0.1669 0.3574 0.2116 0.1131 0.0741 0.0554 0.1401 0.1288 0.1172 0.1354 0.1422 0.1886 0.1687 0.2312 0.2114 0.2623 0.1971 0.2131 0.1541 0.1613 0.1385 0.2093 0.2147 0.2013 0.1704 0.2117 0.2692 0.2364 0.2307 0.2119 0.2172 0.3624 0.4658 0.3443 1.0000 0.1719 0.2583 0.1363 0.1082 0.0270 0.1644 0.0587 0.1419
0.1264 0.0662 0.2155 0.2424 0.1387 0.2957 0.2137 0.1328 0.1460 0.0804 0.0945 0.1803 0.1817 0.3149 0.2161 -0.0018 0.0472 0.2435 0.1652 0.2308 0.2155 0.0474 0.1253 0.1261 0.1063 0.1726 0.1878 0.2129 0.2032 0.2061 0.3970 0.4380 0.4554 0.2646 0.0687 0.0186 0.0210 0.0823 0.0880 0.0720 0.0883 0.1075 0.1382 0.1498 0.2500 0.1771 0.4316 0.1546 0.1387 0.0814 0.1494 0.1861 0.1880 0.0152 0.0822 0.0861 0.2250 0.1127 0.2655 0.2643 0.1580 0.1952 0.3039 0.2087 0.2977 0.1719 1.0000 0.7281 0.1582 0.0403 0.1877 0.1641 0.0429 0.0349
0.3614 0.3367 0.4380 0.4836 0.3907 0.4872 0.4693 0.3995 0.3756 0.2496 0.3131 0.4104 0.4231 0.5922 0.5511 0.2139 0.3201 0.3789 0.3087 0.4289 0.4612 0.2753 0.3853 0.3164 0.3786 0.3677 0.4391 0.4260 0.3859 0.2935 0.5805 0.5823 0.6485 0.5128 0.3238 0.2995 0.2590 0.3160 0.3514 0.3475 0.3592 0.3546 0.4290 0.4178 0.5243 0.4681 0.6284 0.4726 0.3956 0.3433 0.3012 0.3509 0.3583 0.2643 0.3641 0.4151 0.2264 0.3436 0.4239 0.4765 0.3020 0.3539 0.3660 0.5241 0.3841 0.2583 0.7281 1.0000 0.2920 0.2786 0.3816 0.4644 0.2290 0.2867
0.3859 0.3510 0.3154 0.2939 0.2282 0.2878 0.2449 0.3711 0.2498 0.4988 0.4647 0.4959 0.4257 0.4532 0.3726 0.8003 0.6717 0.2993 0.3501 0.2342 0.3088 0.2656 0.3069 0.6771 0.6976 0.2824 0.3154 0.3662 0.2658 0.2515 0.2217 0.1246 0.1899 0.3024 0.4093 0.4262 0.4179 0.4287 0.3170 0.3124 0.4204 0.4852 0.4128 0.4229 0.3881 0.4071 0.3201 0.3203 0.4293 0.4068 0.3417 0.3384 0.3951 0.3107 0.5469 0.4738 0.3595 0.3324 0.4041 0.4705 0.1885 0.2338 0.2172 0.4714 0.1061 0.1363 0.1582 0.2920 1.0000 0.8122 0.6440 0.5954 0.4226 0.4256
0.4511 0.4790 0.3888 0.3814 0.3641 0.3472 0.3592 0.5097 0.3879 0.5771 0.5627 0.5558 0.5275 0.5630 0.5362 0.8523 0.8437 0.3068 0.3613 0.3023 0.4051 0.4235 0.4435 0.7532 0.8172 0.3271 0.3943 0.3978 0.2897 0.2708 0.2505 0.2564 0.3138 0.4064 0.5213 0.5599 0.5412 0.5356 0.4474 0.4530 0.5378 0.5730 0.5150 0.5121 0.4665 0.5018 0.3636 0.4253 0.5387 0.5644 0.4107 0.4077 0.4338 0.4793 0.6264 0.6138 0.3270 0.4299 0.4809 0.5433 0.1683 0.2520 0.2584 0.5215 0.1636 0.1082 0.0403 0.2786 0.8122 1.0000 0.6856 0.7492 0.4573 0.5117
0.4561 0.4187 0.3517 0.3902 0.2741 0.3732 0.3724 0.3883 0.3245 0.5094 0.4689 0.5094 0.4758 0.5485 0.4953 0.6614 0.6535 0.3141 0.3472 0.1737 0.3090 0.3020 0.3184 0.7656 0.7530 0.1480 0.2597 0.3370 0.2018 0.2444 0.3594 0.3929 0.3811 0.3482 0.6248 0.6286 0.6127 0.5570 0.5862 0.5823 0.5179 0.5600 0.4915 0.5088 0.4724 0.5045 0.4888 0.4445 0.5061 0.4765 0.4063 0.4610 0.4265 0.4055 0.6100 0.5433 0.2988 0.3900 0.4712 0.5655 0.0439 0.1497 0.2144 0.4388 0.1137 0.0270 0.1877 0.3816 0.6440 0.6856 1.0000 0.7933 0.7311 0.5977
0.5920 0.6981 0.5759 0.6462 0.5363 0.5499 0.6744 0.6741 0.5990 0.6206 0.7085 0.6702 0.7467 0.7768 0.7946 0.6792 0.8204 0.4633 0.4521 0.4690 0.5880 0.5251 0.5890 0.7282 0.8008 0.4223 0.5914 0.5564 0.4655 0.4346 0.5302 0.4833 0.4888 0.5532 0.6715 0.7311 0.6813 0.6994 0.6696 0.6813 0.7033 0.7253 0.7189 0.7389 0.6950 0.7439 0.5691 0.6812 0.6502 0.7275 0.5484 0.6014 0.5510 0.7012 0.6873 0.8212 0.3808 0.6895 0.6285 0.7196 0.3192 0.4311 0.4146 0.6327 0.2769 0.1644 0.1641 0.4644 0.5954 0.7492 0.7933 1.0000 0.7056 0.8221
0.5352 0.4699 0.3900 0.4257 0.1910 0.4319 0.4074 0.3265 0.2633 0.6337 0.5285 0.5613 0.4915 0.4823 0.4077 0.4764 0.5007 0.4379 0.4442 0.2220 0.3149 0.1871 0.2061 0.4946 0.5115 0.1473 0.2860 0.4101 0.3123 0.4037 0.4227 0.1934 0.2478 0.2038 0.6525 0.6443 0.6257 0.6091 0.6459 0.6196 0.5608 0.5711 0.5411 0.5521 0.5234 0.5581 0.4960 0.5236 0.4968 0.4690 0.4949 0.4508 0.4919 0.4172 0.5640 0.4768 0.4693 0.4897 0.5141 0.5663 0.1769 0.2349 0.2104 0.3874 0.1061 0.0587 0.0429 0.2290 0.4226 0.4573 0.7311 0.7056 1.0000 0.7800
0.6135 0.6894 0.5441 0.5911 0.4250 0.5168 0.6094 0.5429 0.4624 0.6295 0.7149 0.6581 0.7131 0.6339 0.6401 0.5358 0.6517 0.5106 0.4868 0.4516 0.5205 0.4044 0.4595 0.5400 0.5634 0.4030 0.5464 0.6005 0.5406 0.5239 0.5182 0.2482 0.2834 0.3844 0.6713 0.7100 0.6763 0.7257 0.6709 0.6583 0.6909 0.7288 0.7042 0.7562 0.6736 0.7411 0.5114 0.6793 0.5904 0.6660 0.6063 0.5998 0.6013 0.6589 0.5983 0.7015 0.4508 0.7101 0.6486 0.7020 0.3985 0.4841 0.3866 0.5188 0.1941 0.1419 0.0349 0.2867 0.4256 0.5117 0.5977 0.8221 0.7800 1.0000
