1.0000 0.8612 0.7277 0.6747 0.6039 0.7702 0.6451 0.5801 0.3896 0.7681 0.6098 0.6770 0.6190 0.6816 0.6335 0.8125 0.6962 0.8562 0.8289 0.6945 0.6793 0.5481 0.6162 0.6504 0.5973 0.6622 0.5918 0.8208 0.7690 0.5446 0.5203 0.6612 0.6102 0.5467 0.5850 0.5393 0.5795 0.5822 0.5774 0.5155 0.6531 0.6337 0.6638 0.5582 0.6078 0.5367 0.6065 0.4469 0.9151 0.7964 0.7849 0.7522 0.6861 0.5639 0.7028 0.5614 0.4103 0.4629 0.7370 0.6913 0.5496 0.5194 0.6412 0.6265 0.5705 0.5782 0.3652 0.3535 0.5164 0.4834 0.6216 0.5653 0.5720 0.5219
0.8612 1.0000 0.7409 0.7616 0.6777 0.7458 0.7017 0.6278 0.4458 0.6485 0.6280 0.6450 0.6513 0.7216 0.7264 0.8120 0.8197 0.8385 0.8922 0.7244 0.7126 0.6310 0.6837 0.6807 0.7217 0.6845 0.6358 0.8644 0.8384 0.5698 0.5854 0.6799 0.7084 0.5757 0.6341 0.6453 0.6768 0.7077 0.6254 0.6168 0.7285 0.7249 0.6263 0.6356 0.5610 0.5159 0.5917 0.4475 0.8730 0.9286 0.7084 0.7609 0.5942 0.6003 0.6862 0.6818 0.3539 0.4814 0.7815 0.7774 0.6066 0.5833 0.6579 0.7163 0.5965 0.6732 0.4300 0.4538 0.5060 0.5703 0.6168 0.6265 0.5202 0.5219
0.7277 0.7409 1.0000 0.8138 0.6533 0.9005 0.7419 0.6238 0.4116 0.6340 0.5624 0.7668 0.6606 0.7793 0.7158 0.6627 0.6086 0.7464 0.7311 0.9191 0.8728 0.6621 0.7162 0.5678 0.5632 0.7128 0.6286 0.6986 0.6456 0.6402 0.5347 0.6081 0.5885 0.4878 0.5314 0.4809 0.6079 0.5869 0.5352 0.4973 0.6397 0.6305 0.6277 0.5924 0.5682 0.5190 0.5707 0.3803 0.7139 0.7428 0.6989 0.6981 0.6498 0.6050 0.6284 0.5943 0.5446 0.6458 0.7605 0.7288 0.5764 0.5232 0.5646 0.5763 0.5315 0.5284 0.4077 0.3871 0.4838 0.4268 0.6414 0.5761 0.6865 0.6250
0.6747 0.7616 0.8138 1.0000 0.8468 0.7840 0.8958 0.6631 0.5778 0.5465 0.6565 0.6450 0.7256 0.7635 0.8166 0.6423 0.7223 0.6838 0.7538 0.8295 0.8934 0.7727 0.8383 0.6098 0.7046 0.7585 0.7724 0.7560 0.7681 0.5955 0.6436 0.5242 0.5920 0.4994 0.4770 0.4967 0.6036 0.6243 0.4725 0.4848 0.6280 0.6277 0.5560 0.6275 0.4446 0.4269 0.4607 0.3062 0.6712 0.7508 0.5807 0.6482 0.5324 0.6578 0.5476 0.6111 0.4680 0.7045 0.7540 0.7959 0.6266 0.6790 0.5953 0.7172 0.5761 0.6903 0.4215 0.4912 0.4343 0.5084 0.5706 0.5950 0.4926 0.5931
0.6039 0.6777 0.6533 0.8468 1.0000 0.6937 0.7984 0.7806 0.7471 0.5264 0.6062 0.5704 0.6407 0.7591 0.7925 0.5957 0.6937 0.5703 0.6488 0.6925 0.7158 0.8511 0.8831 0.6302 0.6838 0.7499 0.7717 0.6907 0.7051 0.4421 0.5955 0.4618 0.5180 0.4275 0.4690 0.5046 0.5502 0.5770 0.4304 0.4404 0.5845 0.5762 0.5306 0.5764 0.3684 0.3321 0.3856 0.2313 0.5913 0.6705 0.5264 0.5499 0.4951 0.6089 0.4631 0.5726 0.2876 0.5298 0.6307 0.6889 0.6186 0.6534 0.5829 0.6677 0.5273 0.7121 0.4200 0.4689 0.4091 0.5267 0.4543 0.5352 0.3456 0.4401
0.7702 0.7458 0.9005 0.7840 0.6937 1.0000 0.7969 0.7037 0.5022 0.7704 0.6698 0.8497 0.7143 0.8001 0.7259 0.6859 0.6410 0.7636 0.7448 0.8444 0.8186 0.6614 0.7054 0.6348 0.6045 0.7025 0.6362 0.7225 0.6947 0.6017 0.5665 0.5858 0.5882 0.4677 0.5069 0.4646 0.5521 0.5328 0.4885 0.4328 0.5977 0.6134 0.6851 0.5889 0.5741 0.5291 0.5524 0.3594 0.7091 0.7001 0.7786 0.7264 0.7918 0.7016 0.6508 0.5738 0.5926 0.6505 0.7606 0.7011 0.6074 0.5648 0.5975 0.6028 0.5333 0.5585 0.3981 0.4033 0.4628 0.4620 0.5999 0.5672 0.6709 0.6166
0.6451 0.7017 0.7419 0.8958 0.7984 0.7969 1.0000 0.6679 0.6443 0.5736 0.7546 0.6324 0.7894 0.7116 0.8169 0.5813 0.6565 0.6414 0.7028 0.7404 0.8008 0.6618 0.7393 0.5924 0.6796 0.7223 0.7520 0.7329 0.7649 0.5553 0.6265 0.4978 0.5493 0.4413 0.4644 0.4774 0.5726 0.5783 0.4686 0.4601 0.6047 0.6275 0.5791 0.6217 0.4699 0.4107 0.4972 0.2890 0.6159 0.6704 0.6148 0.6319 0.6255 0.7518 0.4462 0.5626 0.4962 0.6978 0.7030 0.7358 0.6188 0.6540 0.5595 0.6621 0.5417 0.6627 0.4510 0.4848 0.3854 0.4529 0.4836 0.4856 0.4648 0.4951
0.5801 0.6278 0.6238 0.6631 0.7806 0.7037 0.6679 1.0000 0.5879 0.5860 0.5805 0.6540 0.6267 0.8026 0.6515 0.5265 0.5853 0.5261 0.5590 0.6614 0.6161 0.8042 0.7497 0.5321 0.5256 0.6084 0.6019 0.5774 0.5501 0.4186 0.4801 0.4219 0.4734 0.3907 0.4406 0.4624 0.4699 0.4820 0.3852 0.3945 0.5234 0.5613 0.5248 0.5329 0.3466 0.3569 0.3368 0.2751 0.5726 0.6268 0.5733 0.5877 0.5373 0.5763 0.4199 0.5121 0.2937 0.4618 0.5600 0.5653 0.4876 0.4970 0.5106 0.5184 0.4855 0.5253 0.2690 0.3212 0.3339 0.4105 0.3809 0.4755 0.3641 0.4890
0.3896 0.4458 0.4116 0.5778 0.7471 0.5022 0.6443 0.5879 1.0000 0.3623 0.4400 0.3824 0.4617 0.5278 0.6590 0.3702 0.4992 0.3133 0.3937 0.4506 0.4899 0.5859 0.6239 0.4341 0.4936 0.4963 0.5459 0.4461 0.4748 0.2717 0.4231 0.2725 0.3405 0.2282 0.3001 0.3459 0.3390 0.3561 0.2466 0.2655 0.3967 0.3940 0.3837 0.4097 0.1866 0.1347 0.2029 0.0318 0.3617 0.4461 0.3419 0.3173 0.3679 0.4870 0.2320 0.3691 0.2245 0.3477 0.3596 0.4022 0.3759 0.4392 0.3842 0.4626 0.3455 0.5609 0.2859 0.3273 0.2502 0.3829 0.2799 0.3497 0.2074 0.2011
0.7681 0.6485 0.6340 0.5465 0.5264 0.7704 0.5736 0.5860 0.3623 1.0000 0.7507 0.8300 0.6915 0.6838 0.5546 0.6833 0.6503 0.6859 0.6319 0.6476 0.6099 0.4956 0.5247 0.6321 0.5741 0.6219 0.5825 0.6401 0.5981 0.4252 0.4030 0.5595 0.4749 0.4572 0.3871 0.3513 0.3578 0.3724 0.3685 0.3015 0.4645 0.4876 0.5836 0.4353 0.4909 0.4367 0.4440 0.2951 0.6622 0.5707 0.6943 0.6196 0.7305 0.5646 0.6220 0.5071 0.4308 0.3575 0.5491 0.4771 0.4703 0.4340 0.5421 0.5102 0.4441 0.4269 0.2082 0.2109 0.5022 0.4614 0.5605 0.5373 0.5962 0.5633
0.6098 0.6280 0.5624 0.6565 0.6062 0.6698 0.7546 0.5805 0.4400 0.7507 1.0000 0.6943 0.8817 0.6336 0.6556 0.5355 0.6421 0.5493 0.5933 0.6118 0.6301 0.5280 0.5675 0.5579 0.6524 0.6957 0.7393 0.6519 0.6785 0.4380 0.4889 0.4751 0.4732 0.3997 0.3495 0.3703 0.4016 0.4449 0.3686 0.3632 0.4814 0.5401 0.5136 0.5188 0.4244 0.4079 0.4101 0.2759 0.5210 0.5455 0.5551 0.5470 0.6168 0.6552 0.4164 0.5027 0.4041 0.4251 0.5309 0.5389 0.5050 0.5517 0.4669 0.5651 0.4477 0.4940 0.2695 0.3557 0.4046 0.4287 0.4982 0.4732 0.4735 0.5464
0.6770 0.6450 0.7668 0.6450 0.5704 0.8497 0.6324 0.6540 0.3824 0.8300 0.6943 1.0000 0.7564 0.8181 0.6631 0.6246 0.6163 0.6616 0.6145 0.7941 0.7479 0.6046 0.6176 0.6003 0.5562 0.6257 0.5627 0.6078 0.5565 0.6209 0.5096 0.5335 0.4813 0.4532 0.4295 0.4136 0.4372 0.4480 0.3990 0.3653 0.5138 0.5292 0.5863 0.4798 0.4995 0.4873 0.4555 0.2980 0.5926 0.5915 0.6359 0.6056 0.6636 0.5574 0.5586 0.4314 0.6248 0.5531 0.6329 0.5670 0.5016 0.4384 0.5097 0.4853 0.4178 0.4323 0.2511 0.2559 0.4841 0.4627 0.6064 0.5772 0.7055 0.6698
0.6190 0.6513 0.6606 0.7256 0.6407 0.7143 0.7894 0.6267 0.4617 0.6915 0.8817 0.7564 1.0000 0.7208 0.7659 0.5725 0.6337 0.5936 0.6292 0.7472 0.7602 0.6064 0.6341 0.5324 0.6392 0.6934 0.7357 0.6666 0.6663 0.5600 0.5273 0.5544 0.5434 0.4290 0.4226 0.4702 0.4601 0.4960 0.4060 0.4080 0.5213 0.5727 0.5566 0.5817 0.4893 0.4806 0.4517 0.2873 0.5332 0.5754 0.5334 0.5314 0.5657 0.5906 0.3990 0.4622 0.5216 0.5316 0.6048 0.6117 0.5117 0.5318 0.4751 0.5680 0.4778 0.5355 0.2762 0.3405 0.4352 0.4624 0.6063 0.6044 0.6228 0.6721
0.6816 0.7216 0.7793 0.7635 0.7591 0.8001 0.7116 0.8026 0.5278 0.6838 0.6336 0.8181 0.7208 1.0000 0.7893 0.6824 0.6928 0.6848 0.6877 0.8257 0.7632 0.8233 0.8057 0.7143 0.6904 0.6989 0.6754 0.7200 0.6732 0.6165 0.5977 0.5822 0.5624 0.5203 0.5346 0.5435 0.5601 0.5778 0.5005 0.5108 0.5900 0.5928 0.5559 0.5467 0.4622 0.4345 0.4707 0.3478 0.6622 0.7047 0.5895 0.6258 0.5348 0.5510 0.5618 0.5529 0.4736 0.5522 0.6988 0.6857 0.5512 0.5381 0.6179 0.6128 0.5578 0.5911 0.3460 0.3637 0.5190 0.5384 0.6143 0.6339 0.5996 0.6271
0.6335 0.7264 0.7158 0.8166 0.7925 0.7259 0.8169 0.6515 0.6590 0.5546 0.6556 0.6631 0.7659 0.7893 1.0000 0.6431 0.7095 0.6817 0.7242 0.7429 0.7805 0.6802 0.7434 0.6194 0.7360 0.6553 0.6831 0.7259 0.7195 0.6096 0.6305 0.5869 0.6187 0.5239 0.5545 0.5919 0.6122 0.6184 0.5080 0.5078 0.6442 0.6312 0.5794 0.5845 0.4938 0.3837 0.5292 0.2777 0.6385 0.7005 0.5706 0.5920 0.5423 0.6429 0.4953 0.5461 0.4772 0.6185 0.7074 0.7243 0.5647 0.5813 0.5542 0.6533 0.5435 0.6552 0.4307 0.4651 0.4540 0.5287 0.5690 0.5522 0.5283 0.4841
0.8125 0.8120 0.6627 0.6423 0.5957 0.6859 0.5813 0.5265 0.3702 0.6833 0.5355 0.6246 0.5725 0.6824 0.6431 1.0000 0.8293 0.8057 0.8414 0.6380 0.6148 0.5388 0.6059 0.8019 0.7468 0.6588 0.6020 0.8296 0.7843 0.4745 0.5029 0.6394 0.5642 0.5304 0.6166 0.6230 0.6248 0.6283 0.6065 0.5730 0.6371 0.5589 0.5626 0.4779 0.5276 0.4547 0.5851 0.4462 0.8426 0.7426 0.6126 0.6279 0.5559 0.4601 0.7580 0.6440 0.2919 0.3866 0.7177 0.6971 0.5916 0.5122 0.6902 0.7000 0.6042 0.6454 0.3677 0.3705 0.7274 0.7356 0.7659 0.7347 0.5807 0.5542
0.6962 0.8197 0.6086 0.7223 0.6937 0.6410 0.6565 0.5853 0.4992 0.6503 0.6421 0.6163 0.6337 0.6928 0.7095 0.8293 1.0000 0.6797 0.7769 0.6384 0.6352 0.6304 0.6732 0.7697 0.8749 0.6890 0.6884 0.7827 0.7762 0.4468 0.5555 0.5612 0.5868 0.4986 0.4614 0.5556 0.5259 0.5749 0.4527 0.4766 0.6035 0.5702 0.5164 0.5507 0.4092 0.3580 0.4228 0.2691 0.7461 0.8025 0.5318 0.5892 0.4871 0.5656 0.6591 0.7418 0.2453 0.4005 0.6358 0.6623 0.6118 0.6000 0.6350 0.7548 0.5554 0.7082 0.3460 0.4180 0.6304 0.7806 0.6449 0.7288 0.4492 0.5037
0.8562 0.8385 0.7464 0.6838 0.5703 0.7636 0.6414 0.5261 0.3133 0.6859 0.5493 0.6616 0.5936 0.6848 0.6817 0.8057 0.6797 1.0000 0.9372 0.7182 0.7027 0.5115 0.5772 0.6409 0.6198 0.6243 0.5496 0.8537 0.7842 0.6124 0.5589 0.6805 0.6497 0.5729 0.6642 0.6069 0.6906 0.6664 0.6527 0.5998 0.6687 0.6433 0.5866 0.5184 0.6220 0.5453 0.6638 0.5284 0.8417 0.7535 0.7195 0.7560 0.6321 0.5175 0.7169 0.5673 0.4093 0.4945 0.8395 0.7850 0.5869 0.5424 0.6430 0.6462 0.5677 0.5644 0.4203 0.4162 0.5327 0.5103 0.6398 0.5531 0.5864 0.5481
0.8289 0.8922 0.7311 0.7538 0.6488 0.7448 0.7028 0.5590 0.3937 0.6319 0.5933 0.6145 0.6292 0.6877 0.7242 0.8414 0.7769 0.9372 1.0000 0.7013 0.7062 0.5673 0.6339 0.7121 0.7265 0.6851 0.6404 0.9141 0.8819 0.5557 0.5812 0.6849 0.6985 0.5841 0.6627 0.6456 0.7241 0.7181 0.6643 0.6421 0.7039 0.6717 0.5935 0.5809 0.5882 0.5382 0.6613 0.5348 0.8532 0.8231 0.6925 0.7564 0.6134 0.5660 0.7231 0.6796 0.3253 0.4821 0.8489 0.8414 0.6615 0.6186 0.7001 0.7376 0.6309 0.6726 0.4877 0.4935 0.5604 0.6081 0.6610 0.6369 0.5379 0.5493
0.6945 0.7244 0.9191 0.8295 0.6925 0.8444 0.7404 0.6614 0.4506 0.6476 0.6118 0.7941 0.7472 0.8257 0.7429 0.6380 0.6384 0.7182 0.7013 1.0000 0.9444 0.7595 0.7935 0.5584 0.5910 0.7723 0.7116 0.6907 0.6344 0.7080 0.5840 0.6091 0.5986 0.4684 0.5035 0.4872 0.5726 0.5693 0.4847 0.4685 0.6045 0.6113 0.5769 0.5906 0.5385 0.5095 0.5098 0.3274 0.6705 0.7219 0.6125 0.6387 0.5717 0.5578 0.5770 0.5591 0.5736 0.6350 0.7381 0.7089 0.5694 0.5338 0.5564 0.5910 0.5183 0.5507 0.3598 0.3698 0.4828 0.4357 0.6831 0.6386 0.7138 0.7019
0.6793 0.7126 0.8728 0.8934 0.7158 0.8186 0.8008 0.6161 0.4899 0.6099 0.6301 0.7479 0.7602 0.7632 0.7805 0.6148 0.6352 0.7027 0.7062 0.9444 1.0000 0.7178 0.7856 0.5241 0.6049 0.7332 0.7023 0.6763 0.6479 0.6994 0.5914 0.5842 0.5960 0.4618 0.4648 0.4576 0.5518 0.5551 0.4607 0.4451 0.5879 0.6008 0.5709 0.5871 0.5253 0.4867 0.4943 0.2914 0.6518 0.6914 0.5932 0.6235 0.5679 0.6031 0.5571 0.5183 0.6195 0.7269 0.7352 0.7214 0.5639 0.5718 0.5342 0.6168 0.5093 0.5700 0.3623 0.4034 0.4465 0.4222 0.6616 0.6135 0.6811 0.7049
0.5481 0.6310 0.6621 0.7727 0.8511 0.6614 0.6618 0.8042 0.5859 0.4956 0.5280 0.6046 0.6064 0.8233 0.6802 0.5388 0.6304 0.5115 0.5673 0.7595 0.7178 1.0000 0.9512 0.5867 0.6086 0.7423 0.7306 0.6157 0.5932 0.4962 0.5449 0.4592 0.5277 0.4802 0.4271 0.4716 0.4824 0.5271 0.3797 0.4288 0.5135 0.5190 0.4558 0.5453 0.3177 0.3864 0.3240 0.2984 0.5490 0.6403 0.4723 0.5165 0.3946 0.4728 0.4184 0.5061 0.3045 0.4821 0.5994 0.6316 0.5428 0.5485 0.5355 0.5811 0.4783 0.5977 0.3044 0.3453 0.4046 0.4766 0.4966 0.6127 0.3986 0.5671
0.6162 0.6837 0.7162 0.8383 0.8831 0.7054 0.7393 0.7497 0.6239 0.5247 0.5675 0.6176 0.6341 0.8057 0.7434 0.6059 0.6732 0.5772 0.6339 0.7935 0.7856 0.9512 1.0000 0.6230 0.6653 0.8028 0.7867 0.6807 0.6681 0.5394 0.6080 0.4981 0.5441 0.4933 0.4928 0.5200 0.5605 0.5944 0.4573 0.4876 0.5831 0.5717 0.5111 0.5786 0.3873 0.4099 0.4056 0.3102 0.6164 0.6903 0.5250 0.5628 0.4601 0.5373 0.4826 0.5451 0.3648 0.5538 0.6553 0.6954 0.5943 0.6024 0.5730 0.6406 0.4976 0.6445 0.3595 0.4038 0.4514 0.5162 0.5507 0.6158 0.4508 0.5604
0.6504 0.6807 0.5678 0.6098 0.6302 0.6348 0.5924 0.5321 0.4341 0.6321 0.5579 0.6003 0.5324 0.7143 0.6194 0.8019 0.7697 0.6409 0.7121 0.5584 0.5241 0.5867 0.6230 1.0000 0.8553 0.6801 0.6449 0.7598 0.7429 0.3543 0.4643 0.5825 0.5613 0.5793 0.4899 0.5189 0.5338 0.5489 0.5255 0.5307 0.5677 0.4907 0.4767 0.4350 0.3890 0.3441 0.4934 0.3938 0.6774 0.6342 0.5208 0.5358 0.4947 0.4638 0.6460 0.6267 0.1666 0.2960 0.5992 0.6223 0.6245 0.5123 0.7492 0.6568 0.5991 0.6405 0.4517 0.3677 0.7108 0.7184 0.5938 0.6665 0.4076 0.4404
0.5973 0.7217 0.5632 0.7046 0.6838 0.6045 0.6796 0.5256 0.4936 0.5741 0.6524 0.5562 0.6392 0.6904 0.7360 0.7468 0.8749 0.6198 0.7265 0.5910 0.6049 0.6086 0.6653 0.8553 1.0000 0.6893 0.7222 0.7590 0.7636 0.4159 0.5472 0.5851 0.6140 0.5314 0.4681 0.5486 0.5453 0.5737 0.5030 0.5390 0.5790 0.5415 0.4828 0.5165 0.4043 0.3349 0.4664 0.3025 0.6283 0.6821 0.4767 0.5262 0.4488 0.5289 0.5561 0.6556 0.2100 0.3689 0.6110 0.6632 0.6344 0.6352 0.6378 0.7560 0.5641 0.7096 0.4557 0.4954 0.6391 0.7845 0.5978 0.6840 0.4093 0.4710
0.6622 0.6845 0.7128 0.7585 0.7499 0.7025 0.7223 0.6084 0.4963 0.6219 0.6957 0.6257 0.6934 0.6989 0.6553 0.6588 0.6890 0.6243 0.6851 0.7723 0.7332 0.7423 0.8028 0.6801 0.6893 1.0000 0.9343 0.7732 0.7698 0.5038 0.5466 0.5591 0.5490 0.4372 0.4885 0.4961 0.6136 0.6297 0.5245 0.5192 0.6250 0.5836 0.5014 0.5381 0.4579 0.4369 0.5032 0.3710 0.6243 0.6644 0.5248 0.5417 0.5104 0.5010 0.5067 0.5859 0.3028 0.3844 0.6539 0.6952 0.7016 0.6583 0.6203 0.6449 0.5493 0.6329 0.4381 0.4512 0.5191 0.5183 0.5935 0.5912 0.4672 0.5108
0.5918 0.6358 0.6286 0.7724 0.7717 0.6362 0.7520 0.6019 0.5459 0.5825 0.7393 0.5627 0.7357 0.6754 0.6831 0.6020 0.6884 0.5496 0.6404 0.7116 0.7023 0.7306 0.7867 0.6449 0.7222 0.9343 1.0000 0.7453 0.7751 0.4819 0.5882 0.5076 0.5260 0.4204 0.4748 0.5022 0.5701 0.5887 0.4821 0.4931 0.5757 0.5388 0.4798 0.5454 0.4159 0.3861 0.4654 0.3190 0.5502 0.6170 0.4510 0.4717 0.4569 0.4955 0.4137 0.5511 0.2885 0.3688 0.6134 0.6652 0.6687 0.6841 0.5909 0.6740 0.5485 0.6828 0.4512 0.5053 0.4859 0.5466 0.5408 0.5542 0.4140 0.4796
0.8208 0.8644 0.6986 0.7560 0.6907 0.7225 0.7329 0.5774 0.4461 0.6401 0.6519 0.6078 0.6666 0.7200 0.7259 0.8296 0.7827 0.8537 0.9141 0.6907 0.6763 0.6157 0.6807 0.7598 0.7590 0.7732 0.7453 1.0000 0.9655 0.6037 0.6625 0.6673 0.6550 0.5555 0.6663 0.6711 0.7371 0.7533 0.6681 0.6528 0.7363 0.6965 0.6190 0.6334 0.5575 0.4957 0.6398 0.4786 0.8285 0.8193 0.6678 0.7051 0.5956 0.5580 0.6882 0.6784 0.3436 0.4343 0.8533 0.8590 0.6679 0.6390 0.7300 0.7521 0.6636 0.7143 0.5173 0.5282 0.5596 0.6110 0.6574 0.6307 0.5216 0.5193
0.7690 0.8384 0.6456 0.7681 0.7051 0.6947 0.7649 0.5501 0.4748 0.5981 0.6785 0.5565 0.6663 0.6732 0.7195 0.7843 0.7762 0.7842 0.8819 0.6344 0.6479 0.5932 0.6681 0.7429 0.7636 0.7698 0.7751 0.9655 1.0000 0.5597 0.6805 0.6124 0.6217 0.5114 0.6152 0.6270 0.6940 0.7160 0.6277 0.6086 0.6952 0.6591 0.5964 0.6252 0.5173 0.4561 0.6139 0.4456 0.7779 0.7956 0.6338 0.6738 0.5812 0.5909 0.6424 0.6827 0.3229 0.4406 0.8193 0.8435 0.6746 0.6600 0.7133 0.7589 0.6552 0.7361 0.5350 0.5581 0.5028 0.5997 0.5973 0.5960 0.4577 0.4681
0.5446 0.5698 0.6402 0.5955 0.4421 0.6017 0.5553 0.4186 0.2717 0.4252 0.4380 0.6209 0.5600 0.6165 0.6096 0.4745 0.4468 0.6124 0.5557 0.7080 0.6994 0.4962 0.5394 0.3543 0.4159 0.5038 0.4819 0.6037 0.5597 1.0000 0.8093 0.5091 0.4921 0.3568 0.5387 0.5022 0.5578 0.5177 0.4892 0.4524 0.5207 0.4959 0.4780 0.4897 0.5082 0.4634 0.5157 0.3115 0.5296 0.5562 0.4749 0.4922 0.4180 0.3882 0.4118 0.2594 0.7341 0.6022 0.7848 0.6959 0.4563 0.4140 0.4461 0.4815 0.4303 0.4367 0.4514 0.4720 0.3567 0.3284 0.5378 0.4217 0.6526 0.5752
0.5203 0.5854 0.5347 0.6436 0.5955 0.5665 0.6265 0.4801 0.4231 0.4030 0.4889 0.5096 0.5273 0.5977 0.6305 0.5029 0.5555 0.5589 0.5812 0.5840 0.5914 0.5449 0.6080 0.4643 0.5472 0.5466 0.5882 0.6625 0.6805 0.8093 1.0000 0.4326 0.4523 0.3820 0.5455 0.5513 0.5682 0.5544 0.4712 0.4508 0.5286 0.4992 0.4812 0.5436 0.4054 0.3542 0.4649 0.2448 0.5233 0.5925 0.4532 0.4605 0.4213 0.4794 0.3932 0.3603 0.5163 0.5620 0.7401 0.7157 0.5624 0.5802 0.5374 0.6255 0.4993 0.6202 0.5755 0.6725 0.3520 0.4618 0.4227 0.3748 0.4502 0.4146
0.6612 0.6799 0.6081 0.5242 0.4618 0.5858 0.4978 0.4219 0.2725 0.5595 0.4751 0.5335 0.5544 0.5822 0.5869 0.6394 0.5612 0.6805 0.6849 0.6091 0.5842 0.4592 0.4981 0.5825 0.5851 0.5591 0.5076 0.6673 0.6124 0.5091 0.4326 1.0000 0.8333 0.6607 0.5703 0.5263 0.5459 0.5415 0.5942 0.5668 0.5914 0.5748 0.5896 0.5164 0.6307 0.5436 0.6978 0.5482 0.6713 0.6212 0.5870 0.5982 0.5104 0.4087 0.5904 0.4764 0.3642 0.3313 0.6494 0.6217 0.5366 0.4714 0.5472 0.5408 0.4900 0.4906 0.4524 0.3897 0.5067 0.4240 0.6357 0.5424 0.6123 0.5154
0.6102 0.7084 0.5885 0.5920 0.5180 0.5882 0.5493 0.4734 0.3405 0.4749 0.4732 0.4813 0.5434 0.5624 0.6187 0.5642 0.5868 0.6497 0.6985 0.5986 0.5960 0.5277 0.5441 0.5613 0.6140 0.5490 0.5260 0.6550 0.6217 0.4921 0.4523 0.8333 1.0000 0.6426 0.5442 0.5434 0.5654 0.5636 0.5631 0.5744 0.6015 0.6012 0.5759 0.5729 0.5623 0.5315 0.6334 0.5257 0.6259 0.6496 0.5736 0.6048 0.4982 0.4750 0.5360 0.4995 0.3310 0.3725 0.6590 0.6572 0.5625 0.5203 0.5362 0.5622 0.5230 0.5265 0.4690 0.4364 0.4437 0.4322 0.5574 0.5474 0.5207 0.5019
0.5467 0.5757 0.4878 0.4994 0.4275 0.4677 0.4413 0.3907 0.2282 0.4572 0.3997 0.4532 0.4290 0.5203 0.5239 0.5304 0.4986 0.5729 0.5841 0.4684 0.4618 0.4802 0.4933 0.5793 0.5314 0.4372 0.4204 0.5555 0.5114 0.3568 0.3820 0.6607 0.6426 1.0000 0.4461 0.3933 0.4241 0.4422 0.4125 0.4344 0.4809 0.4277 0.3871 0.3643 0.3798 0.3284 0.5036 0.4289 0.5745 0.5480 0.4527 0.4783 0.3688 0.3730 0.4517 0.3957 0.2162 0.2689 0.5089 0.4966 0.4152 0.3827 0.4794 0.4614 0.4082 0.4010 0.3179 0.2844 0.4539 0.4156 0.4620 0.4161 0.3736 0.3548
0.5850 0.6341 0.5314 0.4770 0.4690 0.5069 0.4644 0.4406 0.3001 0.3871 0.3495 0.4295 0.4226 0.5346 0.5545 0.6166 0.4614 0.6642 0.6627 0.5035 0.4648 0.4271 0.4928 0.4899 0.4681 0.4885 0.4748 0.6663 0.6152 0.5387 0.5455 0.5703 0.5442 0.4461 1.0000 0.9039 0.8931 0.8556 0.9149 0.8777 0.8015 0.7216 0.5889 0.5677 0.5803 0.5504 0.7641 0.6671 0.6269 0.5729 0.5222 0.5867 0.3950 0.2971 0.4516 0.3526 0.2830 0.3224 0.7434 0.7537 0.4475 0.3795 0.4771 0.4702 0.4891 0.4851 0.3819 0.3929 0.4206 0.4237 0.4465 0.3519 0.4780 0.4264
0.5393 0.6453 0.4809 0.4967 0.5046 0.4646 0.4774 0.4624 0.3459 0.3513 0.3703 0.4136 0.4702 0.5435 0.5919 0.6230 0.5556 0.6069 0.6456 0.4872 0.4576 0.4716 0.5200 0.5189 0.5486 0.4961 0.5022 0.6711 0.6270 0.5022 0.5513 0.5263 0.5434 0.3933 0.9039 1.0000 0.8322 0.8446 0.7971 0.8251 0.7628 0.7182 0.5748 0.6481 0.4895 0.4887 0.6192 0.5330 0.5706 0.5896 0.4502 0.5011 0.3281 0.3065 0.3984 0.3696 0.2435 0.3188 0.6814 0.7381 0.4379 0.3574 0.4764 0.5169 0.4695 0.5544 0.3068 0.3617 0.4354 0.5224 0.4704 0.4650 0.4557 0.4522
0.5795 0.6768 0.6079 0.6036 0.5502 0.5521 0.5726 0.4699 0.3390 0.3578 0.4016 0.4372 0.4601 0.5601 0.6122 0.6248 0.5259 0.6906 0.7241 0.5726 0.5518 0.4824 0.5605 0.5338 0.5453 0.6136 0.5701 0.7371 0.6940 0.5578 0.5682 0.5459 0.5654 0.4241 0.8931 0.8322 1.0000 0.9609 0.8876 0.8754 0.8814 0.8010 0.5676 0.6171 0.5310 0.5079 0.7254 0.6061 0.6417 0.6557 0.5544 0.6439 0.4227 0.4220 0.4807 0.4929 0.2628 0.4071 0.8076 0.8580 0.5492 0.4931 0.5309 0.5508 0.5466 0.5501 0.4635 0.4689 0.4317 0.4421 0.4922 0.4190 0.4479 0.4415
0.5822 0.7077 0.5869 0.6243 0.5770 0.5328 0.5783 0.4820 0.3561 0.3724 0.4449 0.4480 0.4960 0.5778 0.6184 0.6283 0.5749 0.6664 0.7181 0.5693 0.5551 0.5271 0.5944 0.5489 0.5737 0.6297 0.5887 0.7533 0.7160 0.5177 0.5544 0.5415 0.5636 0.4422 0.8556 0.8446 0.9609 1.0000 0.8626 0.8816 0.9068 0.8614 0.5924 0.6851 0.5100 0.5324 0.6854 0.6030 0.6485 0.6951 0.5535 0.6552 0.4053 0.4375 0.4893 0.5251 0.2336 0.3993 0.7749 0.8537 0.5264 0.4990 0.5144 0.5549 0.5167 0.5536 0.4050 0.4280 0.4186 0.4489 0.5055 0.4616 0.4258 0.4701
0.5774 0.6254 0.5352 0.4725 0.4304 0.4885 0.4686 0.3852 0.2466 0.3685 0.3686 0.3990 0.4060 0.5005 0.5080 0.6065 0.4527 0.6527 0.6643 0.4847 0.4607 0.3797 0.4573 0.5255 0.5030 0.5245 0.4821 0.6681 0.6277 0.4892 0.4712 0.5942 0.5631 0.4125 0.9149 0.7971 0.8876 0.8626 1.0000 0.9457 0.8153 0.7461 0.5820 0.5596 0.6366 0.5952 0.8270 0.7498 0.6415 0.5763 0.5537 0.6193 0.4115 0.3165 0.4751 0.3936 0.2353 0.3038 0.7293 0.7527 0.4875 0.4295 0.4810 0.4787 0.4842 0.4612 0.4394 0.4109 0.4148 0.3824 0.4514 0.3480 0.4564 0.4269
0.5155 0.6168 0.4973 0.4848 0.4404 0.4328 0.4601 0.3945 0.2655 0.3015 0.3632 0.3653 0.4080 0.5108 0.5078 0.5730 0.4766 0.5998 0.6421 0.4685 0.4451 0.4288 0.4876 0.5307 0.5390 0.5192 0.4931 0.6528 0.6086 0.4524 0.4508 0.5668 0.5744 0.4344 0.8777 0.8251 0.8754 0.8816 0.9457 1.0000 0.7972 0.7380 0.5113 0.5664 0.5445 0.5827 0.7416 0.7476 0.5904 0.5760 0.4591 0.5648 0.3121 0.2924 0.4091 0.3988 0.1755 0.2760 0.6783 0.7382 0.4755 0.4340 0.4711 0.4883 0.4611 0.4776 0.4177 0.4007 0.4313 0.4217 0.4579 0.4062 0.3901 0.4429
0.6531 0.7285 0.6397 0.6280 0.5845 0.5977 0.6047 0.5234 0.3967 0.4645 0.4814 0.5138 0.5213 0.5900 0.6442 0.6371 0.6035 0.6687 0.7039 0.6045 0.5879 0.5135 0.5831 0.5677 0.5790 0.6250 0.5757 0.7363 0.6952 0.5207 0.5286 0.5914 0.6015 0.4809 0.8015 0.7628 0.8814 0.9068 0.8153 0.7972 1.0000 0.9255 0.7685 0.7714 0.6245 0.5820 0.7495 0.5610 0.7169 0.7464 0.6926 0.7405 0.5200 0.5240 0.5470 0.5780 0.2881 0.4087 0.7542 0.7938 0.5188 0.4864 0.5159 0.5354 0.5133 0.5342 0.4175 0.4218 0.4172 0.4186 0.4858 0.4225 0.4665 0.4484
0.6337 0.7249 0.6305 0.6277 0.5762 0.6134 0.6275 0.5613 0.3940 0.4876 0.5401 0.5292 0.5727 0.5928 0.6312 0.5589 0.5702 0.6433 0.6717 0.6113 0.6008 0.5190 0.5717 0.4907 0.5415 0.5836 0.5388 0.6965 0.6591 0.4959 0.4992 0.5748 0.6012 0.4277 0.7216 0.7182 0.8010 0.8614 0.7461 0.7380 0.9255 1.0000 0.7921 0.8541 0.6247 0.6124 0.6995 0.5328 0.6733 0.7393 0.7395 0.7878 0.5647 0.5768 0.5196 0.5676 0.3211 0.4449 0.7211 0.7644 0.4644 0.4813 0.4607 0.5167 0.4656 0.4952 0.3390 0.3956 0.3288 0.3543 0.4434 0.3934 0.4691 0.4861
0.6638 0.6263 0.6277 0.5560 0.5306 0.6851 0.5791 0.5248 0.3837 0.5836 0.5136 0.5863 0.5566 0.5559 0.5794 0.5626 0.5164 0.5866 0.5935 0.5769 0.5709 0.4558 0.5111 0.4767 0.4828 0.5014 0.4798 0.6190 0.5964 0.4780 0.4812 0.5896 0.5759 0.3871 0.5889 0.5748 0.5676 0.5924 0.5820 0.5113 0.7685 0.7921 1.0000 0.8366 0.8012 0.7001 0.7235 0.4330 0.6566 0.6301 0.8202 0.7380 0.7304 0.5996 0.5764 0.4865 0.4632 0.4732 0.6649 0.6336 0.4507 0.4285 0.4677 0.4802 0.4465 0.4778 0.3452 0.3517 0.3424 0.3403 0.4521 0.3846 0.6020 0.4849
0.5582 0.6356 0.5924 0.6275 0.5764 0.5889 0.6217 0.5329 0.4097 0.4353 0.5188 0.4798 0.5817 0.5467 0.5845 0.4779 0.5507 0.5184 0.5809 0.5906 0.5871 0.5453 0.5786 0.4350 0.5165 0.5381 0.5454 0.6334 0.6252 0.4897 0.5436 0.5164 0.5729 0.3643 0.5677 0.6481 0.6171 0.6851 0.5596 0.5664 0.7714 0.8541 0.8366 1.0000 0.5936 0.6360 0.5901 0.3922 0.5760 0.6830 0.6965 0.6991 0.5635 0.6038 0.4510 0.5470 0.3830 0.4976 0.6663 0.7163 0.4543 0.4501 0.4535 0.5264 0.4367 0.5341 0.3426 0.4073 0.2753 0.3757 0.4245 0.4436 0.4991 0.5325
0.6078 0.5610 0.5682 0.4446 0.3684 0.5741 0.4699 0.3466 0.1866 0.4909 0.4244 0.4995 0.4893 0.4622 0.4938 0.5276 0.4092 0.6220 0.5882 0.5385 0.5253 0.3177 0.3873 0.3890 0.4043 0.4579 0.4159 0.5575 0.5173 0.5082 0.4054 0.6307 0.5623 0.3798 0.5803 0.4895 0.5310 0.5100 0.6366 0.5445 0.6245 0.6247 0.8012 0.5936 1.0000 0.7880 0.8570 0.5483 0.6271 0.5390 0.6808 0.6448 0.6140 0.4319 0.5498 0.3784 0.4482 0.3965 0.6241 0.5692 0.4208 0.3784 0.4066 0.3955 0.3913 0.3738 0.3581 0.3308 0.3425 0.2410 0.4677 0.2918 0.6294 0.4367
0.5367 0.5159 0.5190 0.4269 0.3321 0.5291 0.4107 0.3569 0.1347 0.4367 0.4079 0.4873 0.4806 0.4345 0.3837 0.4547 0.3580 0.5453 0.5382 0.5095 0.4867 0.3864 0.4099 0.3441 0.3349 0.4369 0.3861 0.4957 0.4561 0.4634 0.3542 0.5436 0.5315 0.3284 0.5504 0.4887 0.5079 0.5324 0.5952 0.5827 0.5820 0.6124 0.7001 0.6360 0.7880 1.0000 0.7183 0.6999 0.5430 0.4836 0.5984 0.6144 0.5200 0.3605 0.4788 0.3488 0.4048 0.3968 0.5875 0.5641 0.4124 0.3584 0.3767 0.3660 0.3296 0.3258 0.2816 0.2434 0.2881 0.2160 0.4509 0.3950 0.5518 0.6021
0.6065 0.5917 0.5707 0.4607 0.3856 0.5524 0.4972 0.3368 0.2029 0.4440 0.4101 0.4555 0.4517 0.4707 0.5292 0.5851 0.4228 0.6638 0.6613 0.5098 0.4943 0.3240 0.4056 0.4934 0.4664 0.5032 0.4654 0.6398 0.6139 0.5157 0.4649 0.6978 0.6334 0.5036 0.7641 0.6192 0.7254 0.6854 0.8270 0.7416 0.7495 0.6995 0.7235 0.5901 0.8570 0.7183 1.0000 0.7477 0.6707 0.5678 0.6709 0.6847 0.5727 0.4162 0.5565 0.4131 0.3664 0.3520 0.7179 0.6932 0.4942 0.4310 0.4789 0.4527 0.4618 0.4315 0.4850 0.4406 0.3727 0.3042 0.4654 0.2840 0.5580 0.3979
0.4469 0.4475 0.3803 0.3062 0.2313 0.3594 0.2890 0.2751 0.0318 0.2951 0.2759 0.2980 0.2873 0.3478 0.2777 0.4462 0.2691 0.5284 0.5348 0.3274 0.2914 0.2984 0.3102 0.3938 0.3025 0.3710 0.3190 0.4786 0.4456 0.3115 0.2448 0.5482 0.5257 0.4289 0.6671 0.5330 0.6061 0.6030 0.7498 0.7476 0.5610 0.5328 0.4330 0.3922 0.5483 0.6999 0.7477 1.0000 0.5216 0.3795 0.4549 0.5339 0.3164 0.1508 0.4154 0.2897 0.1123 0.1462 0.5533 0.5480 0.3886 0.3296 0.3858 0.3303 0.3671 0.2655 0.3075 0.2505 0.2520 0.1802 0.3280 0.2572 0.3084 0.4430
0.9151 0.8730 0.7139 0.6712 0.5913 0.7091 0.6159 0.5726 0.3617 0.6622 0.5210 0.5926 0.5332 0.6622 0.6385 0.8426 0.7461 0.8417 0.8532 0.6705 0.6518 0.5490 0.6164 0.6774 0.6283 0.6243 0.5502 0.8285 0.7779 0.5296 0.5233 0.6713 0.6259 0.5745 0.6269 0.5706 0.6417 0.6485 0.6415 0.5904 0.7169 0.6733 0.6566 0.5760 0.6271 0.5430 0.6707 0.5216 1.0000 0.8783 0.7809 0.8080 0.6561 0.5722 0.7982 0.6947 0.3277 0.4559 0.7802 0.7406 0.5594 0.5330 0.6627 0.6537 0.6008 0.5947 0.3917 0.3835 0.5282 0.4945 0.6263 0.5635 0.5388 0.4965
0.7964 0.9286 0.7428 0.7508 0.6705 0.7001 0.6704 0.6268 0.4461 0.5707 0.5455 0.5915 0.5754 0.7047 0.7005 0.7426 0.8025 0.7535 0.8231 0.7219 0.6914 0.6403 0.6903 0.6342 0.6821 0.6644 0.6170 0.8193 0.7956 0.5562 0.5925 0.6212 0.6496 0.5480 0.5729 0.5896 0.6557 0.6951 0.5763 0.5760 0.7464 0.7393 0.6301 0.6830 0.5390 0.4836 0.5678 0.3795 0.8783 1.0000 0.7087 0.7937 0.5691 0.6496 0.6865 0.7845 0.3219 0.4970 0.7580 0.7690 0.5757 0.5572 0.6206 0.6796 0.5571 0.6449 0.4250 0.4487 0.4554 0.5263 0.5700 0.5863 0.4879 0.4650
0.7849 0.7084 0.6989 0.5807 0.5264 0.7786 0.6148 0.5733 0.3419 0.6943 0.5551 0.6359 0.5334 0.5895 0.5706 0.6126 0.5318 0.7195 0.6925 0.6125 0.5932 0.4723 0.5250 0.5208 0.4767 0.5248 0.4510 0.6678 0.6338 0.4749 0.4532 0.5870 0.5736 0.4527 0.5222 0.4502 0.5544 0.5535 0.5537 0.4591 0.6926 0.7395 0.8202 0.6965 0.6808 0.5984 0.6709 0.4549 0.7809 0.7087 1.0000 0.8887 0.8733 0.7167 0.6843 0.5794 0.4327 0.5150 0.7303 0.6611 0.4796 0.4560 0.4983 0.5031 0.4611 0.4358 0.3457 0.3422 0.3412 0.3089 0.4708 0.3920 0.5644 0.4699
0.7522 0.7609 0.6981 0.6482 0.5499 0.7264 0.6319 0.5877 0.3173 0.6196 0.5470 0.6056 0.5314 0.6258 0.5920 0.6279 0.5892 0.7560 0.7564 0.6387 0.6235 0.5165 0.5628 0.5358 0.5262 0.5417 0.4717 0.7051 0.6738 0.4922 0.4605 0.5982 0.6048 0.4783 0.5867 0.5011 0.6439 0.6552 0.6193 0.5648 0.7405 0.7878 0.7380 0.6991 0.6448 0.6144 0.6847 0.5339 0.8080 0.7937 0.8887 1.0000 0.7392 0.7161 0.6962 0.6899 0.3626 0.5352 0.7828 0.7635 0.5183 0.5022 0.5262 0.5430 0.4877 0.4739 0.3545 0.3661 0.3324 0.3348 0.4786 0.4304 0.5228 0.5176
0.6861 0.5942 0.6498 0.5324 0.4951 0.7918 0.6255 0.5373 0.3679 0.7305 0.6168 0.6636 0.5657 0.5348 0.5423 0.5559 0.4871 0.6321 0.6134 0.5717 0.5679 0.3946 0.4601 0.4947 0.4488 0.5104 0.4569 0.5956 0.5812 0.4180 0.4213 0.5104 0.4982 0.3688 0.3950 0.3281 0.4227 0.4053 0.4115 0.3121 0.5200 0.5647 0.7304 0.5635 0.6140 0.5200 0.5727 0.3164 0.6561 0.5691 0.8733 0.7392 1.0000 0.7775 0.6713 0.5303 0.5360 0.5525 0.6291 0.5385 0.4451 0.4331 0.4692 0.4699 0.4351 0.4197 0.3297 0.3198 0.3448 0.3104 0.4780 0.3913 0.5953 0.4598
0.5639 0.6003 0.6050 0.6578 0.6089 0.7016 0.7518 0.5763 0.4870 0.5646 0.6552 0.5574 0.5906 0.5510 0.6429 0.4601 0.5656 0.5175 0.5660 0.5578 0.6031 0.4728 0.5373 0.4638 0.5289 0.5010 0.4955 0.5580 0.5909 0.3882 0.4794 0.4087 0.4750 0.3730 0.2971 0.3065 0.4220 0.4375 0.3165 0.2924 0.5240 0.5768 0.5996 0.6038 0.4319 0.3605 0.4162 0.1508 0.5722 0.6496 0.7167 0.7161 0.7775 1.0000 0.5083 0.6692 0.4235 0.6776 0.5606 0.5695 0.4632 0.4736 0.4295 0.5060 0.4196 0.4962 0.3480 0.3610 0.2809 0.3274 0.4005 0.3957 0.4329 0.3891
0.7028 0.6862 0.6284 0.5476 0.4631 0.6508 0.4462 0.4199 0.2320 0.6220 0.4164 0.5586 0.3990 0.5618 0.4953 0.7580 0.6591 0.7169 0.7231 0.5770 0.5571 0.4184 0.4826 0.6460 0.5561 0.5067 0.4137 0.6882 0.6424 0.4118 0.3932 0.5904 0.5360 0.4517 0.4516 0.3984 0.4807 0.4893 0.4751 0.4091 0.5470 0.5196 0.5764 0.4510 0.5498 0.4788 0.5565 0.4154 0.7982 0.6865 0.6843 0.6962 0.6713 0.5083 1.0000 0.7220 0.3265 0.3835 0.6722 0.6012 0.4690 0.4505 0.6027 0.5875 0.5324 0.4890 0.2973 0.3124 0.5358 0.4588 0.6603 0.5648 0.5753 0.5246
0.5614 0.6818 0.5943 0.6111 0.5726 0.5738 0.5626 0.5121 0.3691 0.5071 0.5027 0.4314 0.4622 0.5529 0.5461 0.6440 0.7418 0.5673 0.6796 0.5591 0.5183 0.5061 0.5451 0.6267 0.6556 0.5859 0.5511 0.6784 0.6827 0.2594 0.3603 0.4764 0.4995 0.3957 0.3526 0.3696 0.4929 0.5251 0.3936 0.3988 0.5780 0.5676 0.4865 0.5470 0.3784 0.3488 0.4131 0.2897 0.6947 0.7845 0.5794 0.6899 0.5303 0.6692 0.7220 1.0000 0.0742 0.3563 0.5695 0.6101 0.5170 0.4777 0.5668 0.5978 0.5146 0.5520 0.3373 0.3203 0.4264 0.4779 0.5098 0.5881 0.3518 0.4120
0.4103 0.3539 0.5446 0.4680 0.2876 0.5926 0.4962 0.2937 0.2245 0.4308 0.4041 0.6248 0.5216 0.4736 0.4772 0.2919 0.2453 0.4093 0.3253 0.5736 0.6195 0.3045 0.3648 0.1666 0.2100 0.3028 0.2885 0.3436 0.3229 0.7341 0.5163 0.3642 0.3310 0.2162 0.2830 0.2435 0.2628 0.2336 0.2353 0.1755 0.2881 0.3211 0.4632 0.3830 0.4482 0.4048 0.3664 0.1123 0.3277 0.3219 0.4327 0.3626 0.5360 0.4235 0.3265 0.0742 1.0000 0.6925 0.5352 0.4154 0.2194 0.2244 0.2204 0.2621 0.2176 0.2335 0.2080 0.2355 0.2297 0.1862 0.4347 0.2925 0.6946 0.5286
0.4629 0.4814 0.6458 0.7045 0.5298 0.6505 0.6978 0.4618 0.3477 0.3575 0.4251 0.5531 0.5316 0.5522 0.6185 0.3866 0.4005 0.4945 0.4821 0.6350 0.7269 0.4821 0.5538 0.2960 0.3689 0.3844 0.3688 0.4343 0.4406 0.6022 0.5620 0.3313 0.3725 0.2689 0.3224 0.3188 0.4071 0.3993 0.3038 0.2760 0.4087 0.4449 0.4732 0.4976 0.3965 0.3968 0.3520 0.1462 0.4559 0.4970 0.5150 0.5352 0.5525 0.6776 0.3835 0.3563 0.6925 1.0000 0.6100 0.6084 0.3372 0.3560 0.3266 0.4255 0.3208 0.4083 0.2722 0.2956 0.2490 0.2671 0.4097 0.3862 0.5086 0.5615
0.7370 0.7815 0.7605 0.7540 0.6307 0.7606 0.7030 0.5600 0.3596 0.5491 0.5309 0.6329 0.6048 0.6988 0.7074 0.7177 0.6358 0.8395 0.8489 0.7381 0.7352 0.5994 0.6553 0.5992 0.6110 0.6539 0.6134 0.8533 0.8193 0.7848 0.7401 0.6494 0.6590 0.5089 0.7434 0.6814 0.8076 0.7749 0.7293 0.6783 0.7542 0.7211 0.6649 0.6663 0.6241 0.5875 0.7179 0.5533 0.7802 0.7580 0.7303 0.7828 0.6291 0.5606 0.6722 0.5695 0.5352 0.6100 1.0000 0.9485 0.6172 0.5835 0.6176 0.6588 0.5974 0.6088 0.5154 0.5396 0.4806 0.4922 0.6248 0.5541 0.6312 0.6258
0.6913 0.7774 0.7288 0.7959 0.6889 0.7011 0.7358 0.5653 0.4022 0.4771 0.5389 0.5670 0.6117 0.6857 0.7243 0.6971 0.6623 0.7850 0.8414 0.7089 0.7214 0.6316 0.6954 0.6223 0.6632 0.6952 0.6652 0.8590 0.8435 0.6959 0.7157 0.6217 0.6572 0.4966 0.7537 0.7381 0.8580 0.8537 0.7527 0.7382 0.7938 0.7644 0.6336 0.7163 0.5692 0.5641 0.6932 0.5480 0.7406 0.7690 0.6611 0.7635 0.5385 0.5695 0.6012 0.6101 0.4154 0.6084 0.9485 1.0000 0.6378 0.6000 0.6237 0.6763 0.5962 0.6518 0.5105 0.5340 0.4615 0.5181 0.5954 0.5762 0.5452 0.6039
0.5496 0.6066 0.5764 0.6266 0.6186 0.6074 0.6188 0.4876 0.3759 0.4703 0.5050 0.5016 0.5117 0.5512 0.5647 0.5916 0.6118 0.5869 0.6615 0.5694 0.5639 0.5428 0.5943 0.6245 0.6344 0.7016 0.6687 0.6679 0.6746 0.4563 0.5624 0.5366 0.5625 0.4152 0.4475 0.4379 0.5492 0.5264 0.4875 0.4755 0.5188 0.4644 0.4507 0.4543 0.4208 0.4124 0.4942 0.3886 0.5594 0.5757 0.4796 0.5183 0.4451 0.4632 0.4690 0.5170 0.2194 0.3372 0.6172 0.6378 1.0000 0.8321 0.7165 0.7071 0.6005 0.6788 0.6966 0.6060 0.4330 0.4893 0.4626 0.5025 0.3750 0.3939
0.5194 0.5833 0.5232 0.6790 0.6534 0.5648 0.6540 0.4970 0.4392 0.4340 0.5517 0.4384 0.5318 0.5381 0.5813 0.5122 0.6000 0.5424 0.6186 0.5338 0.5718 0.5485 0.6024 0.5123 0.6352 0.6583 0.6841 0.6390 0.6600 0.4140 0.5802 0.4714 0.5203 0.3827 0.3795 0.3574 0.4931 0.4990 0.4295 0.4340 0.4864 0.4813 0.4285 0.4501 0.3784 0.3584 0.4310 0.3296 0.5330 0.5572 0.4560 0.5022 0.4331 0.4736 0.4505 0.4777 0.2244 0.3560 0.5835 0.6000 0.8321 1.0000 0.6030 0.7660 0.5878 0.7026 0.6160 0.7057 0.3460 0.4504 0.4107 0.4000 0.2835 0.3598
0.6412 0.6579 0.5646 0.5953 0.5829 0.5975 0.5595 0.5106 0.3842 0.5421 0.4669 0.5097 0.4751 0.6179 0.5542 0.6902 0.6350 0.6430 0.7001 0.5564 0.5342 0.5355 0.5730 0.7492 0.6378 0.6203 0.5909 0.7300 0.7133 0.4461 0.5374 0.5472 0.5362 0.4794 0.4771 0.4764 0.5309 0.5144 0.4810 0.4711 0.5159 0.4607 0.4677 0.4535 0.4066 0.3767 0.4789 0.3858 0.6627 0.6206 0.4983 0.5262 0.4692 0.4295 0.6027 0.5668 0.2204 0.3266 0.6176 0.6237 0.7165 0.6030 1.0000 0.7907 0.7997 0.7534 0.5690 0.4795 0.4888 0.4947 0.4987 0.5493 0.3904 0.4158
0.6265 0.7163 0.5763 0.7172 0.6677 0.6028 0.6621 0.5184 0.4626 0.5102 0.5651 0.4853 0.5680 0.6128 0.6533 0.7000 0.7548 0.6462 0.7376 0.5910 0.6168 0.5811 0.6406 0.6568 0.7560 0.6449 0.6740 0.7521 0.7589 0.4815 0.6255 0.5408 0.5622 0.4614 0.4702 0.5169 0.5508 0.5549 0.4787 0.4883 0.5354 0.5167 0.4802 0.5264 0.3955 0.3660 0.4527 0.3303 0.6537 0.6796 0.5031 0.5430 0.4699 0.5060 0.5875 0.5978 0.2621 0.4255 0.6588 0.6763 0.7071 0.7660 0.7907 1.0000 0.6794 0.8704 0.5333 0.6453 0.4872 0.5984 0.5496 0.5613 0.3911 0.4628
0.5705 0.5965 0.5315 0.5761 0.5273 0.5333 0.5417 0.4855 0.3455 0.4441 0.4477 0.4178 0.4778 0.5578 0.5435 0.6042 0.5554 0.5677 0.6309 0.5183 0.5093 0.4783 0.4976 0.5991 0.5641 0.5493 0.5485 0.6636 0.6552 0.4303 0.4993 0.4900 0.5230 0.4082 0.4891 0.4695 0.5466 0.5167 0.4842 0.4611 0.5133 0.4656 0.4465 0.4367 0.3913 0.3296 0.4618 0.3671 0.6008 0.5571 0.4611 0.4877 0.4351 0.4196 0.5324 0.5146 0.2176 0.3208 0.5974 0.5962 0.6005 0.5878 0.7997 0.6794 1.0000 0.6817 0.5011 0.4840 0.3992 0.4243 0.4507 0.4735 0.3691 0.3807
0.5782 0.6732 0.5284 0.6903 0.7121 0.5585 0.6627 0.5253 0.5609 0.4269 0.4940 0.4323 0.5355 0.5911 0.6552 0.6454 0.7082 0.5644 0.6726 0.5507 0.5700 0.5977 0.6445 0.6405 0.7096 0.6329 0.6828 0.7143 0.7361 0.4367 0.6202 0.4906 0.5265 0.4010 0.4851 0.5544 0.5501 0.5536 0.4612 0.4776 0.5342 0.4952 0.4778 0.5341 0.3738 0.3258 0.4315 0.2655 0.5947 0.6449 0.4358 0.4739 0.4197 0.4962 0.4890 0.5520 0.2335 0.4083 0.6088 0.6518 0.6788 0.7026 0.7534 0.8704 0.6817 1.0000 0.5657 0.6209 0.4364 0.5830 0.4715 0.5442 0.3376 0.3722
0.3652 0.4300 0.4077 0.4215 0.4200 0.3981 0.4510 0.2690 0.2859 0.2082 0.2695 0.2511 0.2762 0.3460 0.4307 0.3677 0.3460 0.4203 0.4877 0.3598 0.3623 0.3044 0.3595 0.4517 0.4557 0.4381 0.4512 0.5173 0.5350 0.4514 0.5755 0.4524 0.4690 0.3179 0.3819 0.3068 0.4635 0.4050 0.4394 0.4177 0.4175 0.3390 0.3452 0.3426 0.3581 0.2816 0.4850 0.3075 0.3917 0.4250 0.3457 0.3545 0.3297 0.3480 0.2973 0.3373 0.2080 0.2722 0.5154 0.5105 0.6966 0.6160 0.5690 0.5333 0.5011 0.5657 1.0000 0.8127 0.3175 0.3594 0.2248 0.2263 0.1749 0.1024
0.3535 0.4538 0.3871 0.4912 0.4689 0.4033 0.4848 0.3212 0.3273 0.2109 0.3557 0.2559 0.3405 0.3637 0.4651 0.3705 0.4180 0.4162 0.4935 0.3698 0.4034 0.3453 0.4038 0.3677 0.4954 0.4512 0.5053 0.5282 0.5581 0.4720 0.6725 0.3897 0.4364 0.2844 0.3929 0.3617 0.4689 0.4280 0.4109 0.4007 0.4218 0.3956 0.3517 0.4073 0.3308 0.2434 0.4406 0.2505 0.3835 0.4487 0.3422 0.3661 0.3198 0.3610 0.3124 0.3203 0.2355 0.2956 0.5396 0.5340 0.6060 0.7057 0.4795 0.6453 0.4840 0.6209 0.8127 1.0000 0.2726 0.4037 0.2516 0.1757 0.1892 0.1463
0.5164 0.5060 0.4838 0.4343 0.4091 0.4628 0.3854 0.3339 0.2502 0.5022 0.4046 0.4841 0.4352 0.5190 0.4540 0.7274 0.6304 0.5327 0.5604 0.4828 0.4465 0.4046 0.4514 0.7108 0.6391 0.5191 0.4859 0.5596 0.5028 0.3567 0.3520 0.5067 0.4437 0.4539 0.4206 0.4354 0.4317 0.4186 0.4148 0.4313 0.4172 0.3288 0.3424 0.2753 0.3425 0.2881 0.3727 0.2520 0.5282 0.4554 0.3412 0.3324 0.3448 0.2809 0.5358 0.4264 0.2297 0.2490 0.4806 0.4615 0.4330 0.3460 0.4888 0.4872 0.3992 0.4364 0.3175 0.2726 1.0000 0.7937 0.6838 0.6655 0.4634 0.4545
0.4834 0.5703 0.4268 0.5084 0.5267 0.4620 0.4529 0.4105 0.3829 0.4614 0.4287 0.4627 0.4624 0.5384 0.5287 0.7356 0.7806 0.5103 0.6081 0.4357 0.4222 0.4766 0.5162 0.7184 0.7845 0.5183 0.5466 0.6110 0.5997 0.3284 0.4618 0.4240 0.4322 0.4156 0.4237 0.5224 0.4421 0.4489 0.3824 0.4217 0.4186 0.3543 0.3403 0.3757 0.2410 0.2160 0.3042 0.1802 0.4945 0.5263 0.3089 0.3348 0.3104 0.3274 0.4588 0.4779 0.1862 0.2671 0.4922 0.5181 0.4893 0.4504 0.4947 0.5984 0.4243 0.5830 0.3594 0.4037 0.7937 1.0000 0.5852 0.7091 0.3519 0.3932
0.6216 0.6168 0.6414 0.5706 0.4543 0.5999 0.4836 0.3809 0.2799 0.5605 0.4982 0.6064 0.6063 0.6143 0.5690 0.7659 0.6449 0.6398 0.6610 0.6831 0.6616 0.4966 0.5507 0.5938 0.5978 0.5935 0.5408 0.6574 0.5973 0.5378 0.4227 0.6357 0.5574 0.4620 0.4465 0.4704 0.4922 0.5055 0.4514 0.4579 0.4858 0.4434 0.4521 0.4245 0.4677 0.4509 0.4654 0.3280 0.6263 0.5700 0.4708 0.4786 0.4780 0.4005 0.6603 0.5098 0.4347 0.4097 0.6248 0.5954 0.4626 0.4107 0.4987 0.5496 0.4507 0.4715 0.2248 0.2516 0.6838 0.5852 1.0000 0.8402 0.8067 0.7222
0.5653 0.6265 0.5761 0.5950 0.5352 0.5672 0.4856 0.4755 0.3497 0.5373 0.4732 0.5772 0.6044 0.6339 0.5522 0.7347 0.7288 0.5531 0.6369 0.6386 0.6135 0.6127 0.6158 0.6665 0.6840 0.5912 0.5542 0.6307 0.5960 0.4217 0.3748 0.5424 0.5474 0.4161 0.3519 0.4650 0.4190 0.4616 0.3480 0.4062 0.4225 0.3934 0.3846 0.4436 0.2918 0.3950 0.2840 0.2572 0.5635 0.5863 0.3920 0.4304 0.3913 0.3957 0.5648 0.5881 0.2925 0.3862 0.5541 0.5762 0.5025 0.4000 0.5493 0.5613 0.4735 0.5442 0.2263 0.1757 0.6655 0.7091 0.8402 1.0000 0.6195 0.7378
0.5720 0.5202 0.6865 0.4926 0.3456 0.6709 0.4648 0.3641 0.2074 0.5962 0.4735 0.7055 0.6228 0.5996 0.5283 0.5807 0.4492 0.5864 0.5379 0.7138 0.6811 0.3986 0.4508 0.4076 0.4093 0.4672 0.4140 0.5216 0.4577 0.6526 0.4502 0.6123 0.5207 0.3736 0.4780 0.4557 0.4479 0.4258 0.4564 0.3901 0.4665 0.4691 0.6020 0.4991 0.6294 0.5518 0.5580 0.3084 0.5388 0.4879 0.5644 0.5228 0.5953 0.4329 0.5753 0.3518 0.6946 0.5086 0.6312 0.5452 0.3750 0.2835 0.3904 0.3911 0.3691 0.3376 0.1749 0.1892 0.4634 0.3519 0.8067 0.6195 1.0000 0.7576
0.5219 0.5219 0.6250 0.5931 0.4401 0.6166 0.4951 0.4890 0.2011 0.5633 0.5464 0.6698 0.6721 0.6271 0.4841 0.5542 0.5037 0.5481 0.5493 0.7019 0.7049 0.5671 0.5604 0.4404 0.4710 0.5108 0.4796 0.5193 0.4681 0.5752 0.4146 0.5154 0.5019 0.3548 0.4264 0.4522 0.4415 0.4701 0.4269 0.4429 0.4484 0.4861 0.4849 0.5325 0.4367 0.6021 0.3979 0.4430 0.4965 0.4650 0.4699 0.5176 0.4598 0.3891 0.5246 0.4120 0.5286 0.5615 0.6258 0.6039 0.3939 0.3598 0.4158 0.4628 0.3807 0.3722 0.1024 0.1463 0.4545 0.3932 0.7222 0.7378 0.7576 1.0000
