1.0000 0.1641 0.3416 0.4168 0.1187 0.5527 -0.0084 0.0886 0.0916 0.3181 0.0721 0.1979 0.0607 0.0700 0.1187 0.1823 0.1642 0.4625 0.4529 0.1293 0.2056 0.0423 0.0719 0.1189 0.1586 0.0715 0.0542 0.1130 0.0226 0.1928 0.1625 0.1923 0.0712 0.1792 0.2276 0.1514 0.2137 0.1199 0.1383 0.1406 0.1834 0.0998 0.1474 0.1196 0.1789 0.1312 0.1955 0.1493 0.7886 0.2858 -0.0236 -0.0076 0.3136 -0.0337 0.1679 0.1502 0.1079 0.0579 0.1207 0.0447 0.1439 0.1539 0.0678 0.0999 0.0167 0.0530 0.0611 0.0546 0.0221 0.0852 0.1164 0.1652 0.1857 0.2002
0.1641 1.0000 0.3333 0.5925 0.3050 -0.1452 0.6861 0.0452 0.0998 -0.0092 0.4322 -0.0584 0.2617 0.0649 0.1980 0.1402 0.0810 0.4979 0.5432 0.4608 0.4712 0.2392 0.2417 0.0642 0.1002 0.3080 0.2730 0.6052 0.6497 0.0113 -0.0050 0.1289 0.1267 0.1927 0.0850 0.0649 0.0440 0.0025 0.0415 0.0752 0.0718 0.1728 0.0379 0.0207 0.1008 0.0194 0.1369 0.0255 0.2133 0.7912 0.5349 0.4795 0.2991 0.5799 0.1696 0.2826 0.0713 0.2424 0.3980 0.4319 0.1683 0.1715 0.0315 0.0834 -0.0196 0.0246 -0.0331 0.0042 -0.0023 -0.0366 0.1177 -0.0445 0.1402 0.0350
0.3416 0.3333 1.0000 0.5322 0.2366 0.4333 0.0265 0.1552 0.1217 0.1225 0.0405 0.3120 -0.0449 0.1583 0.1641 -0.0111 0.0890 0.6098 0.5689 0.7749 0.6928 0.2155 0.2651 0.2018 0.1910 0.2627 0.1806 0.3322 0.3076 0.0109 0.0431 0.1172 0.1465 0.1350 0.0487 0.0187 0.0295 -0.0726 0.1459 0.1571 0.0836 0.0432 0.0659 0.0452 0.2293 0.1751 0.2122 0.1856 0.2172 0.2209 0.3396 0.2276 0.2376 0.1254 -0.1187 -0.1005 -0.0302 -0.1579 0.2372 0.1391 0.2112 0.2236 0.1764 0.1694 0.0576 0.0766 0.1330 0.1403 0.0647 0.1159 0.0068 0.0356 0.0731 0.0282
0.4168 0.5925 0.5322 1.0000 0.3094 0.1549 0.4597 0.1685 0.1604 0.1462 0.1629 0.1442 0.1083 0.1453 0.2012 0.0222 0.0124 0.7101 0.7566 0.5283 0.6457 0.2173 0.2442 0.0995 0.0950 0.3401 0.3215 0.3541 0.3618 0.0377 0.0342 0.1375 0.1240 0.1985 0.0146 0.0087 0.0211 -0.0055 0.0625 0.0719 0.0960 0.1689 0.0504 0.0469 0.1198 0.0278 0.1299 0.0711 0.3123 0.5099 0.2666 0.2171 0.2765 0.3119 0.0032 0.1475 -0.0116 0.1229 0.1481 0.1419 0.1987 0.1996 0.0991 0.1299 0.0021 0.0516 0.0319 0.0790 -0.0030 0.0015 0.0169 -0.0637 0.0742 0.0400
0.1187 0.3050 0.2366 0.3094 1.0000 0.1080 0.1764 0.3869 0.2544 0.1995 0.2257 0.3155 0.0683 0.3245 0.3148 0.1720 0.1271 0.2079 0.1756 0.3370 0.3421 0.5037 0.5375 0.2632 0.2821 0.3776 0.3170 0.3114 0.3285 0.2460 0.2751 0.0344 0.1708 0.1712 -0.0285 -0.0518 0.2436 0.1898 -0.0017 0.0765 0.1664 0.1696 0.2051 0.1807 0.1286 0.1131 0.0767 0.0718 0.1168 0.3402 0.1379 0.1091 0.2177 0.2116 0.1131 0.2277 0.1385 0.1484 0.2172 0.2368 0.2948 0.3521 0.1877 0.3081 0.0632 0.2085 0.2077 0.2108 0.1239 0.1728 0.0145 0.1150 0.1027 -0.0400
0.5527 -0.1452 0.4333 0.1549 0.1080 1.0000 -0.3279 0.1413 0.0562 0.1904 0.0153 0.4013 0.0101 0.1124 0.1319 0.1038 0.2300 0.1418 0.0882 0.1065 0.1012 0.1086 0.1296 0.1631 0.1739 0.2140 0.1996 -0.0339 -0.0939 0.3282 0.2550 0.0655 -0.0050 0.1662 0.0631 0.0040 0.3574 0.2736 0.0449 0.0275 0.4151 0.2662 0.2101 0.1629 0.0972 0.0375 0.1294 0.0608 0.4053 0.0234 -0.0701 -0.2502 0.3789 -0.1432 0.0184 0.1762 0.3835 0.0527 0.1875 0.0429 0.1371 0.1753 0.0880 0.0412 0.0436 0.0280 0.0693 0.0245 0.0705 0.0931 0.1530 0.1529 0.1572 0.1011
-0.0084 0.6861 0.0265 0.4597 0.1764 -0.3279 1.0000 0.0263 0.0553 0.0798 0.4232 -0.1860 0.4444 0.0170 0.1626 0.2574 -0.0045 0.2586 0.2945 0.2513 0.2995 0.1935 0.1463 0.0089 0.0198 0.2088 0.3024 0.3997 0.4752 0.0056 -0.0462 -0.0034 0.0694 0.1302 0.0316 -0.0165 -0.0014 0.0387 0.0156 0.0214 0.0017 0.1666 -0.0843 -0.0531 0.1346 0.0113 0.0990 -0.0111 0.2009 0.5367 0.4425 0.4851 0.2625 0.4811 0.3602 0.3167 0.1201 0.3816 0.3540 0.4715 0.0643 0.0417 -0.0423 -0.0203 -0.0457 -0.0228 -0.1374 -0.1123 0.0727 -0.1031 0.2652 -0.0799 0.2141 -0.0166
0.0886 0.0452 0.1552 0.1685 0.3869 0.1413 0.0263 1.0000 0.6852 0.1714 -0.0243 0.3762 -0.1390 0.7520 -0.0234 0.0602 0.0634 0.1369 0.1016 0.2101 0.2313 -0.1355 0.0136 0.0852 0.0317 0.0320 0.0746 0.0844 0.0932 0.1348 0.1605 0.2806 0.2660 0.1188 0.4564 0.5522 0.2117 0.2370 0.2144 0.2549 0.1626 0.1343 0.5038 0.4323 0.0824 0.0660 0.0953 0.1112 -0.0321 0.0755 -0.0032 0.0516 -0.0041 0.0577 -0.0499 -0.0233 -0.0284 -0.0420 0.1070 0.1222 0.1578 0.1827 -0.0910 0.0265 -0.2957 -0.1500 0.2753 0.2832 0.0113 0.2251 -0.0246 0.3330 0.2056 0.5305
0.0916 0.0998 0.1217 0.1604 0.2544 0.0562 0.0553 0.6852 1.0000 0.1687 0.0243 0.2127 -0.0026 0.5431 0.2325 0.0277 0.0354 0.1143 0.1073 0.2134 0.1736 -0.1864 -0.1477 -0.0959 0.0713 0.0142 0.0471 0.1003 0.1104 -0.0150 -0.0319 0.1715 0.2230 0.0521 0.5390 0.5749 0.1095 0.1292 0.2404 0.2467 0.1061 0.0927 0.3865 0.3459 0.0240 0.0803 0.1205 0.1354 -0.0193 0.1041 -0.0233 0.0419 0.0084 0.0643 -0.0407 -0.0087 -0.0199 -0.0085 0.0644 0.0392 0.0389 0.0816 -0.2451 -0.0799 -0.4262 -0.2818 0.0652 0.1232 -0.0804 0.0981 0.1650 0.2146 0.3846 0.6261
0.3181 -0.0092 0.1225 0.1462 0.1995 0.1904 0.0798 0.1714 0.1687 1.0000 -0.1821 0.6159 -0.1276 0.1303 0.0647 0.2012 0.1408 0.0164 0.0411 0.1296 0.1289 0.1248 0.1319 0.2558 0.2097 0.1314 0.1225 0.0678 0.0469 0.1274 0.1318 0.0251 0.0963 0.0927 0.1171 0.0722 0.1731 0.1526 0.0853 0.1092 0.1303 0.1395 0.0852 0.1806 0.2250 0.1518 0.1165 0.0924 0.2111 -0.0226 0.0109 0.0611 0.1696 -0.0134 0.0983 0.0324 0.0509 0.0078 0.0441 0.0334 0.0490 0.0516 0.1297 0.1317 -0.0294 0.0200 0.1928 0.1720 0.2183 0.2788 0.1011 0.1751 0.1860 0.0633
0.0721 0.4322 0.0405 0.1629 0.2257 0.0153 0.4232 -0.0243 0.0243 -0.1821 1.0000 -0.2501 0.8104 0.0063 0.2584 0.5697 0.3184 0.1206 0.0988 0.1242 0.1598 0.2191 0.2070 0.3541 0.3715 0.3965 0.4118 0.1711 0.2329 0.0977 0.0871 0.0593 0.0528 0.2002 -0.0531 -0.1007 -0.0753 -0.0951 -0.0594 -0.0682 -0.0353 0.0501 -0.0714 -0.1573 0.0427 -0.0527 0.0853 -0.0205 0.2650 0.5078 0.1976 0.1392 0.2038 0.2412 0.3388 0.3491 0.1026 0.2556 0.2597 0.2935 0.4925 0.5511 0.2663 0.3114 0.0681 0.1237 -0.0633 -0.1406 0.2560 -0.1003 0.3107 -0.0659 0.1291 -0.0676
0.1979 -0.0584 0.3120 0.1442 0.3155 0.4013 -0.1860 0.3762 0.2127 0.6159 -0.2501 1.0000 -0.4249 0.3175 0.0885 -0.0001 0.3727 0.0963 0.0901 0.2081 0.2408 0.1335 0.1934 0.3409 0.2894 0.1839 0.1402 -0.0044 -0.0249 0.3061 0.3842 0.0990 0.1369 0.1010 0.1286 0.1196 0.3580 0.2793 0.0920 0.1232 0.2700 0.1051 0.2923 0.3353 0.2075 0.1528 0.1243 0.1041 0.0107 -0.0972 -0.0194 -0.0128 0.1222 -0.0889 -0.1026 -0.1093 0.1110 -0.1263 0.0145 -0.0287 0.1863 0.1971 0.1795 0.2184 0.0081 0.0772 0.4436 0.4214 0.1659 0.5385 -0.0898 0.4272 0.1938 0.1721
0.0607 0.2617 -0.0449 0.1083 0.0683 0.0101 0.4444 -0.1390 -0.0026 -0.1276 0.8104 -0.4249 1.0000 -0.0745 0.2782 0.5642 0.1534 0.0642 0.0422 0.0259 0.0333 0.1806 0.1222 0.2803 0.3022 0.2420 0.3088 0.0621 0.1082 -0.0187 -0.1017 -0.0127 -0.0184 0.1402 -0.0727 -0.1377 -0.1450 -0.1439 -0.0614 -0.0875 -0.0537 0.0116 -0.1714 -0.2694 0.0547 -0.0572 0.0665 -0.0287 0.2409 0.3411 0.1283 0.0572 0.1391 0.1413 0.3884 0.3496 0.1567 0.2895 0.1878 0.2042 0.3637 0.4232 0.2100 0.2124 0.0801 0.1045 -0.2145 -0.3055 0.3203 -0.2790 0.5007 -0.2145 0.1596 -0.1386
0.0700 0.0649 0.1583 0.1453 0.3245 0.1124 0.0170 0.7520 0.5431 0.1303 0.0063 0.3175 -0.0745 1.0000 0.0086 0.0880 0.0662 0.1339 0.1041 0.2398 0.2413 0.0792 0.1335 0.2488 0.1073 0.0448 0.0458 0.1154 0.1296 0.1661 0.1947 0.3283 0.4641 0.0245 0.4661 0.5032 0.1628 0.1859 0.3744 0.3916 0.1272 0.1077 0.5297 0.4680 0.1704 0.1569 0.1119 0.1664 -0.0502 0.0623 -0.0043 0.0413 -0.0253 0.0635 -0.0764 -0.0067 -0.0272 -0.0154 0.1394 0.1513 0.2507 0.2459 0.0954 0.1982 -0.1178 0.0200 0.4547 0.4048 0.0941 0.2390 -0.0229 0.4330 0.1210 0.5546
0.1187 0.1980 0.1641 0.2012 0.3148 0.1319 0.1626 -0.0234 0.2325 0.0647 0.2584 0.0885 0.2782 0.0086 1.0000 0.1221 0.1539 0.1204 0.1175 0.1914 0.1807 0.2645 0.2098 0.2583 0.5761 0.2586 0.2343 0.1857 0.1943 0.1207 0.0675 0.0556 -0.1365 0.2771 -0.1018 -0.1537 0.1044 0.0649 -0.0602 -0.0673 0.0886 0.1201 -0.1164 -0.0994 0.0386 -0.0258 0.1058 0.0558 0.0983 0.2737 0.1454 0.0963 0.1801 0.1998 0.1299 0.2233 0.1917 0.2077 0.1654 0.1520 0.0452 0.0836 0.1543 0.2771 0.2116 0.3093 -0.0207 -0.0854 0.2538 0.0173 0.4335 0.0394 0.4613 0.0523
0.1823 0.1402 -0.0111 0.0222 0.1720 0.1038 0.2574 0.0602 0.0277 0.2012 0.5697 -0.0001 0.5642 0.0880 0.1221 1.0000 0.2593 0.0584 0.0329 0.0614 0.1063 0.1487 0.1439 0.5566 0.3853 -0.0443 -0.0001 0.0711 0.0766 0.1714 0.0996 0.0614 0.0506 0.1485 0.0871 0.0345 0.0234 -0.0040 0.0742 0.0901 0.0371 0.0133 0.0057 -0.0766 0.1310 0.0790 0.1112 0.0480 0.3642 0.1907 0.1125 0.1318 0.1240 0.0971 0.3845 0.1927 0.1700 0.2250 0.2205 0.2535 0.3130 0.4245 0.3995 0.3310 0.1466 0.1694 0.0121 -0.1841 0.5623 -0.0445 0.5142 0.0724 0.2017 -0.0107
0.1642 0.0810 0.0890 0.0124 0.1271 0.2300 -0.0045 0.0634 0.0354 0.1408 0.3184 0.3727 0.1534 0.0662 0.1539 0.2593 1.0000 0.0957 0.0497 0.0016 0.0715 0.1468 0.1458 0.4009 0.5479 0.1977 0.2304 -0.0493 -0.0344 0.3239 0.3877 0.0356 0.0337 0.0899 0.0616 0.0396 0.2610 0.2611 -0.0295 -0.0063 0.1310 0.0039 0.1631 0.2165 0.0713 0.0088 0.0226 -0.0127 0.0607 0.1867 -0.0557 -0.0319 0.0495 -0.0523 0.0457 0.2376 0.1293 0.0980 0.0498 0.0721 0.5174 0.4931 0.2179 0.3366 0.0888 0.1647 0.3829 0.3247 0.2153 0.5257 0.0808 0.4277 0.1467 0.0780
0.4625 0.4979 0.6098 0.7101 0.2079 0.1418 0.2586 0.1369 0.1143 0.0164 0.1206 0.0963 0.0642 0.1339 0.1204 0.0584 0.0957 1.0000 0.9406 0.4287 0.5029 0.1284 0.1638 0.1007 0.0987 0.1288 0.0922 0.1809 0.1638 0.0595 0.0800 0.1632 0.1439 0.1347 0.1202 0.1144 0.0740 0.0082 0.1269 0.1335 0.0722 0.0368 0.1054 0.0691 0.1092 0.0587 0.1584 0.1071 0.3266 0.3816 0.2279 0.2022 0.0804 0.0779 -0.0040 0.0261 -0.0524 -0.0050 0.1239 0.0987 0.1838 0.1724 0.1033 0.1375 0.0294 0.0764 0.0903 0.1348 0.0001 0.0599 -0.0073 0.0505 0.0469 0.0991
0.4529 0.5432 0.5689 0.7566 0.1756 0.0882 0.2945 0.1016 0.1073 0.0411 0.0988 0.0901 0.0422 0.1041 0.1175 0.0329 0.0497 0.9406 1.0000 0.3717 0.4674 0.1193 0.1436 0.0583 0.0692 0.1378 0.0898 0.1520 0.1579 0.0332 0.0521 0.1594 0.1389 0.1559 0.1604 0.1341 0.0956 0.0149 0.1452 0.1435 0.1070 0.0764 0.1244 0.0809 0.1597 0.1062 0.1885 0.1228 0.2979 0.4052 0.2309 0.2134 0.0783 0.0548 0.0121 0.0189 -0.0392 -0.0366 0.1212 0.1021 0.1234 0.1141 0.0669 0.1102 0.0155 0.0727 0.0436 0.1058 -0.0189 0.0144 -0.0020 0.0238 0.0827 0.1218
0.1293 0.4608 0.7749 0.5283 0.3370 0.1065 0.2513 0.2101 0.2134 0.1296 0.1242 0.2081 0.0259 0.2398 0.1914 0.0614 0.0016 0.4287 0.3717 1.0000 0.8893 0.2748 0.2994 0.1841 0.1605 0.2366 0.1706 0.5555 0.5344 -0.0943 -0.0583 0.1099 0.1597 0.1318 0.0349 0.0319 -0.0608 -0.1434 0.1159 0.1444 0.0053 0.0178 0.0209 0.0141 0.1572 0.1185 0.1358 0.1235 0.0849 0.2528 0.4403 0.4597 0.2481 0.3606 -0.1184 -0.1248 -0.1416 -0.0711 0.1954 0.1802 0.1995 0.2234 0.1594 0.1672 0.0284 0.0621 0.0742 0.0722 0.0761 0.0288 0.0530 -0.0295 0.0916 0.0216
0.2056 0.4712 0.6928 0.6457 0.3421 0.1012 0.2995 0.2313 0.1736 0.1289 0.1598 0.2408 0.0333 0.2413 0.1807 0.1063 0.0715 0.5029 0.4674 0.8893 1.0000 0.2712 0.3389 0.2620 0.2105 0.2744 0.2093 0.4306 0.4384 -0.0435 0.0367 0.1675 0.1758 0.1828 0.0589 0.0375 -0.0142 -0.1100 0.1318 0.1550 0.0518 0.0372 0.0726 0.0671 0.2042 0.1160 0.1753 0.1468 0.1324 0.2888 0.4330 0.5005 0.1752 0.3605 -0.1354 -0.1566 -0.1899 -0.0919 0.1823 0.1783 0.2827 0.3070 0.2351 0.2445 0.0611 0.1105 0.1352 0.1349 0.1200 0.0793 0.0034 0.0053 0.0703 0.0487
0.0423 0.2392 0.2155 0.2173 0.5037 0.1086 0.1935 -0.1355 -0.1864 0.1248 0.2191 0.1335 0.1806 0.0792 0.2645 0.1487 0.1468 0.1284 0.1193 0.2748 0.2712 1.0000 0.9061 0.3010 0.2321 0.4607 0.3895 0.2039 0.2299 0.1290 0.1354 -0.0675 0.0602 0.1314 -0.2600 -0.3670 0.1498 0.1490 0.0383 0.0603 0.1962 0.1895 -0.0166 0.0932 0.1827 0.0815 0.0538 -0.0047 0.0875 0.2596 0.1388 0.1207 0.1242 0.1277 0.1020 0.1967 0.1258 0.1185 0.1645 0.2024 0.1649 0.1599 0.3104 0.3118 0.3641 0.4064 0.0337 -0.0409 0.2545 -0.0386 0.1875 -0.0946 0.0211 -0.2633
0.0719 0.2417 0.2651 0.2442 0.5375 0.1296 0.1463 0.0136 -0.1477 0.1319 0.2070 0.1934 0.1222 0.1335 0.2098 0.1439 0.1458 0.1638 0.1436 0.2994 0.3389 0.9061 1.0000 0.3497 0.2499 0.5075 0.4295 0.2064 0.2217 0.1756 0.1926 -0.0031 0.1067 0.1404 -0.2344 -0.2796 0.1389 0.1326 0.0968 0.1229 0.2121 0.1761 0.0527 0.1634 0.1764 0.0946 0.0776 0.0479 0.1070 0.2724 0.1479 0.1356 0.1270 0.1461 0.1146 0.1832 0.0972 0.1018 0.1835 0.2064 0.2207 0.2319 0.3667 0.3901 0.3299 0.4236 0.0948 0.0177 0.2859 0.0193 0.0994 -0.0917 -0.0463 -0.2497
0.1189 0.0642 0.2018 0.0995 0.2632 0.1631 0.0089 0.0852 -0.0959 0.2558 0.3541 0.3409 0.2803 0.2488 0.2583 0.5566 0.4009 0.1007 0.0583 0.1841 0.2620 0.3010 0.3497 1.0000 0.7063 0.2014 0.1345 0.0326 0.0233 0.2326 0.3218 0.1907 0.0783 0.2474 -0.1180 -0.1224 -0.0305 -0.0898 0.0063 0.0403 -0.0603 -0.0975 -0.0263 -0.0479 0.1228 0.0376 0.0826 0.0683 0.1303 0.0742 0.0582 0.0624 0.0812 0.0571 0.1081 0.0083 -0.0247 0.0015 0.0729 0.0862 0.4849 0.5618 0.8803 0.7499 0.5857 0.5782 0.4509 0.2064 0.6390 0.3433 0.1621 0.2835 0.0205 -0.1264
0.1586 0.1002 0.1910 0.0950 0.2821 0.1739 0.0198 0.0317 0.0713 0.2097 0.3715 0.2894 0.3022 0.1073 0.5761 0.3853 0.5479 0.0987 0.0692 0.1605 0.2105 0.2321 0.2499 0.7063 1.0000 0.2056 0.1623 0.0434 0.0479 0.2748 0.3156 0.1849 0.0438 0.1940 0.0273 0.0002 0.0798 0.0201 0.0402 0.0840 0.0332 -0.0482 0.0364 0.0038 0.1414 0.0815 0.1193 0.1316 0.1321 0.1357 0.0362 0.0403 0.1095 0.0584 0.1208 0.1202 0.0940 0.0759 0.1232 0.1159 0.3540 0.4408 0.5842 0.7779 0.4255 0.5868 0.4224 0.2587 0.6446 0.4482 0.3543 0.3854 0.2842 0.0809
0.0715 0.3080 0.2627 0.3401 0.3776 0.2140 0.2088 0.0320 0.0142 0.1314 0.3965 0.1839 0.2420 0.0448 0.2586 -0.0443 0.1977 0.1288 0.1378 0.2366 0.2744 0.4607 0.5075 0.2014 0.2056 1.0000 0.9424 0.1184 0.1674 0.2012 0.2341 -0.0139 0.0478 0.1984 -0.1812 -0.2391 0.1932 0.1590 -0.0199 -0.0263 0.2441 0.3176 0.0684 0.1837 0.0790 -0.0085 0.0886 0.0073 0.0736 0.4146 0.1122 0.0259 0.2178 0.0998 0.1618 0.3087 0.1257 0.1328 0.1497 0.1433 0.3627 0.3515 0.1700 0.1816 0.0711 0.0934 0.1100 0.0880 0.0373 0.0760 -0.0329 -0.1013 0.0299 -0.1668
0.0542 0.2730 0.1806 0.3215 0.3170 0.1996 0.3024 0.0746 0.0471 0.1225 0.4118 0.1402 0.3088 0.0458 0.2343 -0.0001 0.2304 0.0922 0.0898 0.1706 0.2093 0.3895 0.4295 0.1345 0.1623 0.9424 1.0000 0.0646 0.1149 0.1974 0.1958 -0.0341 0.0324 0.1781 -0.1261 -0.1817 0.2135 0.2263 -0.0167 -0.0368 0.2368 0.3398 0.0545 0.1906 0.0778 -0.0186 0.0776 -0.0056 0.1030 0.4154 0.1027 0.0243 0.2157 0.0827 0.2460 0.3903 0.1588 0.2072 0.1735 0.1807 0.3431 0.2977 0.0703 0.0823 0.0090 0.0228 0.0592 0.0464 0.0438 0.0720 0.0545 -0.0695 0.1035 -0.1125
0.1130 0.6052 0.3322 0.3541 0.3114 -0.0339 0.3997 0.0844 0.1003 0.0678 0.1711 -0.0044 0.0621 0.1154 0.1857 0.0711 -0.0493 0.1809 0.1520 0.5555 0.4306 0.2039 0.2064 0.0326 0.0434 0.1184 0.0646 1.0000 0.9587 0.0571 0.0146 0.1108 0.1101 0.1461 0.0223 0.0337 -0.0045 0.0460 0.0173 0.0682 0.0414 0.2013 0.0419 0.0525 -0.0075 -0.0292 0.0320 -0.0044 0.1575 0.5541 0.5642 0.4271 0.4238 0.7715 0.0018 0.2830 0.1455 0.3934 0.4906 0.5340 0.0162 0.0132 0.0219 0.0425 0.0074 0.0269 0.0249 0.0226 0.0099 -0.0167 0.0546 -0.0382 0.0452 0.0148
0.0226 0.6497 0.3076 0.3618 0.3285 -0.0939 0.4752 0.0932 0.1104 0.0469 0.2329 -0.0249 0.1082 0.1296 0.1943 0.0766 -0.0344 0.1638 0.1579 0.5344 0.4384 0.2299 0.2217 0.0233 0.0479 0.1674 0.1149 0.9587 1.0000 0.0750 0.0247 0.1032 0.1159 0.1666 0.0369 0.0345 0.0262 0.0756 0.0108 0.0654 0.0803 0.2712 0.0584 0.0693 0.0301 -0.0145 0.0522 0.0007 0.0777 0.5885 0.5967 0.4692 0.3332 0.7880 -0.0189 0.3229 0.1572 0.4316 0.5441 0.6065 0.0340 0.0414 0.0078 0.0443 -0.0127 0.0170 0.0309 0.0390 0.0118 -0.0089 0.0805 -0.0352 0.0641 0.0163
0.1928 0.0113 0.0109 0.0377 0.2460 0.3282 0.0056 0.1348 -0.0150 0.1274 0.0977 0.3061 -0.0187 0.1661 0.1207 0.1714 0.3239 0.0595 0.0332 -0.0943 -0.0435 0.1290 0.1756 0.2326 0.2748 0.2012 0.1974 0.0571 0.0750 1.0000 0.8901 0.0466 0.0795 0.1320 0.1119 0.0626 0.6413 0.6248 0.0060 0.0453 0.5837 0.5122 0.4557 0.5161 0.0139 -0.0271 0.0297 0.0022 0.1045 0.1230 0.0247 0.0127 0.1458 0.0290 0.0721 0.4862 0.5852 0.5721 0.4749 0.4694 0.1812 0.2110 0.2198 0.2215 0.1560 0.1682 0.3916 0.2980 0.2108 0.3466 -0.0208 0.4549 0.1407 0.1440
0.1625 -0.0050 0.0431 0.0342 0.2751 0.2550 -0.0462 0.1605 -0.0319 0.1318 0.0871 0.3842 -0.1017 0.1947 0.0675 0.0996 0.3877 0.0800 0.0521 -0.0583 0.0367 0.1354 0.1926 0.3218 0.3156 0.2341 0.1958 0.0146 0.0247 0.8901 1.0000 0.0707 0.1048 0.1481 0.0762 0.0184 0.5800 0.5482 -0.0018 0.0481 0.4858 0.3838 0.4519 0.5479 0.0382 -0.0270 0.0342 0.0121 0.0387 0.0387 0.0217 0.0460 0.0851 0.0068 -0.0240 0.2985 0.3709 0.3747 0.3539 0.3860 0.3044 0.2993 0.3158 0.3170 0.2125 0.2462 0.5025 0.4458 0.1591 0.4388 -0.2234 0.4910 0.0551 0.1474
0.1923 0.1289 0.1172 0.1375 0.0344 0.0655 -0.0034 0.2806 0.1715 0.0251 0.0593 0.0990 -0.0127 0.3283 0.0556 0.0614 0.0356 0.1632 0.1594 0.1099 0.1675 -0.0675 -0.0031 0.1907 0.1849 -0.0139 -0.0341 0.1108 0.1032 0.0466 0.0707 1.0000 0.2636 0.2535 0.3469 0.2860 0.0015 -0.0004 0.3206 0.2217 0.0211 0.0386 0.2741 0.1723 0.1198 0.0648 0.3769 0.1649 0.1307 0.1805 0.1226 0.1123 0.0403 0.1223 -0.0257 -0.0133 -0.0138 -0.0104 0.1108 0.1041 0.1152 0.1209 0.1671 0.2377 0.0274 0.1117 0.3268 0.2654 0.1381 0.1582 -0.0008 0.2649 0.0704 0.4038
0.0712 0.1267 0.1465 0.1240 0.1708 -0.0050 0.0694 0.2660 0.2230 0.0963 0.0528 0.1369 -0.0184 0.4641 -0.1365 0.0506 0.0337 0.1439 0.1389 0.1597 0.1758 0.0602 0.1067 0.0783 0.0438 0.0478 0.0324 0.1101 0.1159 0.0795 0.1048 0.2636 1.0000 -0.3420 0.5563 0.4979 0.0274 0.0367 0.6415 0.6915 0.0642 0.0270 0.5194 0.4028 0.5344 0.5493 0.4067 0.4868 0.0498 0.0925 0.0450 0.0621 -0.0020 0.0420 0.0151 -0.0175 -0.1060 -0.0800 0.0918 0.1102 0.2026 0.1565 0.0589 0.2213 -0.1103 0.0513 0.3246 0.3724 0.0687 0.1947 -0.1348 0.2468 0.0224 0.4083
0.1792 0.1927 0.1350 0.1985 0.1712 0.1662 0.1302 0.1188 0.0521 0.0927 0.2002 0.1010 0.1402 0.0245 0.2771 0.1485 0.0899 0.1347 0.1559 0.1318 0.1828 0.1314 0.1404 0.2474 0.1940 0.1984 0.1781 0.1461 0.1666 0.1320 0.1481 0.2535 -0.3420 1.0000 -0.1547 -0.1456 0.1848 0.1375 -0.2829 -0.3193 0.1662 0.1984 -0.0219 -0.0087 -0.1335 -0.3167 -0.0080 -0.2331 0.1728 0.2425 0.1850 0.1280 0.1981 0.1751 0.0682 0.1523 0.1176 0.1384 0.2026 0.1934 0.1072 0.1423 0.1320 0.0896 0.0827 0.0823 0.0780 0.0469 0.0694 0.0313 0.1319 0.0534 0.1902 -0.0001
0.2276 0.0850 0.0487 0.0146 -0.0285 0.0631 0.0316 0.4564 0.5390 0.1171 -0.0531 0.1286 -0.0727 0.4661 -0.1018 0.0871 0.0616 0.1202 0.1604 0.0349 0.0589 -0.2600 -0.2344 -0.1180 0.0273 -0.1812 -0.1261 0.0223 0.0369 0.1119 0.0762 0.3469 0.5563 -0.1547 1.0000 0.8936 0.2773 0.2590 0.6806 0.6811 0.2811 0.2086 0.6574 0.5336 0.4091 0.4438 0.4185 0.3967 0.1539 0.0826 0.0534 0.0962 0.0178 -0.0186 0.0566 -0.0086 0.0213 -0.0160 0.2228 0.1975 -0.0152 -0.0454 -0.2162 -0.0448 -0.2622 -0.1257 0.1967 0.2301 0.0015 0.1682 0.1279 0.4260 0.3727 0.8007
0.1514 0.0649 0.0187 0.0087 -0.0518 0.0040 -0.0165 0.5522 0.5749 0.0722 -0.1007 0.1196 -0.1377 0.5032 -0.1537 0.0345 0.0396 0.1144 0.1341 0.0319 0.0375 -0.3670 -0.2796 -0.1224 0.0002 -0.2391 -0.1817 0.0337 0.0345 0.0626 0.0184 0.2860 0.4979 -0.1456 0.8936 1.0000 0.2106 0.2246 0.5584 0.5852 0.1991 0.1459 0.6184 0.4983 0.2115 0.2819 0.2263 0.2579 0.0718 0.0485 0.0071 0.0485 -0.0316 -0.0154 0.0016 -0.0428 -0.0324 -0.0350 0.1440 0.1365 -0.0414 -0.0544 -0.2054 -0.0450 -0.2743 -0.1508 0.1997 0.2597 -0.0371 0.1929 0.0473 0.4188 0.2851 0.7657
0.2137 0.0440 0.0295 0.0211 0.2436 0.3574 -0.0014 0.2117 0.1095 0.1731 -0.0753 0.3580 -0.1450 0.1628 0.1044 0.0234 0.2610 0.0740 0.0956 -0.0608 -0.0142 0.1498 0.1389 -0.0305 0.0798 0.1932 0.2135 -0.0045 0.0262 0.6413 0.5800 0.0015 0.0274 0.1848 0.2773 0.2106 1.0000 0.9041 0.0091 0.0293 0.8751 0.7070 0.5765 0.6595 0.1269 0.0522 0.0803 -0.0169 0.1056 0.1087 0.0174 0.0290 0.1299 -0.0578 0.0584 0.3189 0.5306 0.3604 0.3638 0.4031 -0.0179 -0.0173 -0.1151 -0.0593 -0.0167 0.0303 0.1966 0.1982 -0.0117 0.2364 0.1027 0.4112 0.3597 0.3006
0.1199 0.0025 -0.0726 -0.0055 0.1898 0.2736 0.0387 0.2370 0.1292 0.1526 -0.0951 0.2793 -0.1439 0.1859 0.0649 -0.0040 0.2611 0.0082 0.0149 -0.1434 -0.1100 0.1490 0.1326 -0.0898 0.0201 0.1590 0.2263 0.0460 0.0756 0.6248 0.5482 -0.0004 0.0367 0.1375 0.2590 0.2246 0.9041 1.0000 0.0196 0.0290 0.7882 0.7682 0.5678 0.7136 0.0255 -0.0364 0.0158 -0.0686 0.0358 0.1377 -0.0058 -0.0271 0.1311 0.0027 0.0358 0.4406 0.5377 0.4835 0.3619 0.4424 -0.0369 -0.0894 -0.1789 -0.1117 -0.0497 -0.0137 0.1997 0.2232 -0.0407 0.2563 0.0695 0.4020 0.3019 0.3194
0.1383 0.0415 0.1459 0.0625 -0.0017 0.0449 0.0156 0.2144 0.2404 0.0853 -0.0594 0.0920 -0.0614 0.3744 -0.0602 0.0742 -0.0295 0.1269 0.1452 0.1159 0.1318 0.0383 0.0968 0.0063 0.0402 -0.0199 -0.0167 0.0173 0.0108 0.0060 -0.0018 0.3206 0.6415 -0.2829 0.6806 0.5584 0.0091 0.0196 1.0000 0.9101 0.1076 0.0567 0.5048 0.3990 0.5912 0.6657 0.6021 0.6067 0.1186 0.0494 0.0610 0.0732 0.0192 -0.0123 0.0807 -0.0467 -0.0811 -0.1183 0.1151 0.0911 0.0605 0.0235 -0.0425 0.0790 -0.1215 -0.0104 0.1381 0.1279 0.0718 0.0366 0.0851 0.1719 0.1716 0.4982
0.1406 0.0752 0.1571 0.0719 0.0765 0.0275 0.0214 0.2549 0.2467 0.1092 -0.0682 0.1232 -0.0875 0.3916 -0.0673 0.0901 -0.0063 0.1335 0.1435 0.1444 0.1550 0.0603 0.1229 0.0403 0.0840 -0.0263 -0.0368 0.0682 0.0654 0.0453 0.0481 0.2217 0.6915 -0.3193 0.6811 0.5852 0.0293 0.0290 0.9101 1.0000 0.1110 0.0467 0.4884 0.3948 0.6058 0.7249 0.5339 0.7053 0.1156 0.0457 0.0544 0.0642 -0.0158 0.0203 0.0662 -0.0489 -0.1036 -0.1137 0.1189 0.1211 0.0720 0.0496 -0.0087 0.1271 -0.0921 0.0355 0.1885 0.1819 0.1059 0.0895 0.0591 0.2029 0.1146 0.4645
0.1834 0.0718 0.0836 0.0960 0.1664 0.4151 0.0017 0.1626 0.1061 0.1303 -0.0353 0.2700 -0.0537 0.1272 0.0886 0.0371 0.1310 0.0722 0.1070 0.0053 0.0518 0.1962 0.2121 -0.0603 0.0332 0.2441 0.2368 0.0414 0.0803 0.5837 0.4858 0.0211 0.0642 0.1662 0.2811 0.1991 0.8751 0.7882 0.1076 0.1110 1.0000 0.7820 0.6219 0.6667 0.1356 0.0422 0.1020 -0.0093 0.1118 0.1274 0.1036 0.0318 0.2137 0.0070 0.0292 0.3349 0.5615 0.3903 0.4174 0.4126 -0.0793 -0.0401 -0.0877 -0.0457 -0.0310 0.0113 0.0495 0.0261 0.0507 0.0454 0.1753 0.1781 0.2858 0.2368
0.0998 0.1728 0.0432 0.1689 0.1696 0.2662 0.1666 0.1343 0.0927 0.1395 0.0501 0.1051 0.0116 0.1077 0.1201 0.0133 0.0039 0.0368 0.0764 0.0178 0.0372 0.1895 0.1761 -0.0975 -0.0482 0.3176 0.3398 0.2013 0.2712 0.5122 0.3838 0.0386 0.0270 0.1984 0.2086 0.1459 0.7070 0.7682 0.0567 0.0467 0.7820 1.0000 0.4589 0.5726 0.0699 -0.0261 0.0717 -0.0466 0.1004 0.3023 0.1830 0.0851 0.2854 0.1782 -0.0192 0.5080 0.4970 0.5907 0.5026 0.5583 -0.1425 -0.1269 -0.1038 -0.1150 -0.0396 -0.0433 -0.0009 -0.0091 0.0427 -0.0041 0.1623 0.1301 0.2362 0.1941
0.1474 0.0379 0.0659 0.0504 0.2051 0.2101 -0.0843 0.5038 0.3865 0.0852 -0.0714 0.2923 -0.1714 0.5297 -0.1164 0.0057 0.1631 0.1054 0.1244 0.0209 0.0726 -0.0166 0.0527 -0.0263 0.0364 0.0684 0.0545 0.0419 0.0584 0.4557 0.4519 0.2741 0.5194 -0.0219 0.6574 0.6184 0.5765 0.5678 0.5048 0.4884 0.6219 0.4589 1.0000 0.8665 0.2849 0.2566 0.1990 0.1731 0.0113 0.0909 0.0537 0.0350 0.0711 -0.0179 -0.0315 0.1395 0.2753 0.1299 0.3154 0.2832 0.1341 0.1284 -0.0920 0.0514 -0.1830 -0.0651 0.3805 0.3603 0.0060 0.2356 -0.0782 0.4205 0.2090 0.6167
0.1196 0.0207 0.0452 0.0469 0.1807 0.1629 -0.0531 0.4323 0.3459 0.1806 -0.1573 0.3353 -0.2694 0.4680 -0.0994 -0.0766 0.2165 0.0691 0.0809 0.0141 0.0671 0.0932 0.1634 -0.0479 0.0038 0.1837 0.1906 0.0525 0.0693 0.5161 0.5479 0.1723 0.4028 -0.0087 0.5336 0.4983 0.6595 0.7136 0.3990 0.3948 0.6667 0.5726 0.8665 1.0000 0.1672 0.1533 0.1054 0.0877 -0.0295 0.0825 0.0157 0.0461 0.0335 -0.0148 -0.0723 0.2122 0.2478 0.2323 0.2878 0.3131 0.1000 0.0568 -0.1070 0.0231 -0.1482 -0.0379 0.3909 0.3779 -0.0442 0.2902 -0.1530 0.3946 0.1649 0.5262
0.1789 0.1008 0.2293 0.1198 0.1286 0.0972 0.1346 0.0824 0.0240 0.2250 0.0427 0.2075 0.0547 0.1704 0.0386 0.1310 0.0713 0.1092 0.1597 0.1572 0.2042 0.1827 0.1764 0.1228 0.1414 0.0790 0.0778 -0.0075 0.0301 0.0139 0.0382 0.1198 0.5344 -0.1335 0.4091 0.2115 0.1269 0.0255 0.5912 0.6058 0.1356 0.0699 0.2849 0.1672 1.0000 0.8232 0.7052 0.6618 0.1908 0.0627 0.1033 0.1333 0.0260 -0.0178 0.1724 -0.0129 -0.0566 -0.1335 0.1347 0.1458 0.1168 0.1059 0.0298 0.1208 -0.0391 0.0776 0.1053 0.1160 0.1508 0.0985 0.1475 0.1410 0.3245 0.2004
0.1312 0.0194 0.1751 0.0278 0.1131 0.0375 0.0113 0.0660 0.0803 0.1518 -0.0527 0.1528 -0.0572 0.1569 -0.0258 0.0790 0.0088 0.0587 0.1062 0.1185 0.1160 0.0815 0.0946 0.0376 0.0815 -0.0085 -0.0186 -0.0292 -0.0145 -0.0271 -0.0270 0.0648 0.5493 -0.3167 0.4438 0.2819 0.0522 -0.0364 0.6657 0.7249 0.0422 -0.0261 0.2566 0.1533 0.8232 1.0000 0.6539 0.8416 0.1425 -0.0140 0.0002 0.0262 -0.0056 -0.0762 0.1410 -0.0836 -0.0904 -0.1867 0.0422 0.0374 0.0434 0.0483 -0.0165 0.0906 -0.0751 0.0200 0.0968 0.1084 0.0753 0.0803 0.0728 0.1366 0.2021 0.2332
0.1955 0.1369 0.2122 0.1299 0.0767 0.1294 0.0990 0.0953 0.1205 0.1165 0.0853 0.1243 0.0665 0.1119 0.1058 0.1112 0.0226 0.1584 0.1885 0.1358 0.1753 0.0538 0.0776 0.0826 0.1193 0.0886 0.0776 0.0320 0.0522 0.0297 0.0342 0.3769 0.4067 -0.0080 0.4185 0.2263 0.0803 0.0158 0.6021 0.5339 0.1020 0.0717 0.1990 0.1054 0.7052 0.6539 1.0000 0.7106 0.1914 0.1333 0.1120 0.1062 0.0827 0.0430 0.1538 0.0220 0.0205 -0.0712 0.1242 0.1361 0.0504 0.0746 0.0181 0.0742 -0.0447 0.0221 0.0827 0.0826 0.0846 0.0563 0.1252 0.1383 0.2552 0.2745
0.1493 0.0255 0.1856 0.0711 0.0718 0.0608 -0.0111 0.1112 0.1354 0.0924 -0.0205 0.1041 -0.0287 0.1664 0.0558 0.0480 -0.0127 0.1071 0.1228 0.1235 0.1468 -0.0047 0.0479 0.0683 0.1316 0.0073 -0.0056 -0.0044 0.0007 0.0022 0.0121 0.1649 0.4868 -0.2331 0.3967 0.2579 -0.0169 -0.0686 0.6067 0.7053 -0.0093 -0.0466 0.1731 0.0877 0.6618 0.8416 0.7106 1.0000 0.1226 0.0161 0.0020 -0.0051 -0.0004 0.0023 0.0907 -0.0658 -0.0837 -0.1310 0.0345 0.0419 0.0518 0.0637 0.0238 0.1152 -0.0533 0.0252 0.1270 0.1262 0.0921 0.0891 0.0364 0.1352 0.1199 0.2524
0.7886 0.2133 0.2172 0.3123 0.1168 0.4053 0.2009 -0.0321 -0.0193 0.2111 0.2650 0.0107 0.2409 -0.0502 0.0983 0.3642 0.0607 0.3266 0.2979 0.0849 0.1324 0.0875 0.1070 0.1303 0.1321 0.0736 0.1030 0.1575 0.0777 0.1045 0.0387 0.1307 0.0498 0.1728 0.1539 0.0718 0.1056 0.0358 0.1186 0.1156 0.1118 0.1004 0.0113 -0.0295 0.1908 0.1425 0.1914 0.1226 1.0000 0.3577 0.1060 0.0433 0.4749 0.0904 0.4682 0.2029 0.1240 0.1477 0.2608 0.2013 0.0891 0.1023 0.0955 0.0931 0.0633 0.0768 -0.0584 -0.0899 0.1004 -0.0046 0.2528 0.0807 0.1805 0.0768
0.2858 0.7912 0.2209 0.5099 0.3402 0.0234 0.5367 0.0755 0.1041 -0.0226 0.5078 -0.0972 0.3411 0.0623 0.2737 0.1907 0.1867 0.3816 0.4052 0.2528 0.2888 0.2596 0.2724 0.0742 0.1357 0.4146 0.4154 0.5541 0.5885 0.1230 0.0387 0.1805 0.0925 0.2425 0.0826 0.0485 0.1087 0.1377 0.0494 0.0457 0.1274 0.3023 0.0909 0.0825 0.0627 -0.0140 0.1333 0.0161 0.3577 1.0000 0.4563 0.3260 0.3913 0.5921 0.2885 0.5950 0.2247 0.4210 0.4830 0.4948 0.1949 0.1994 0.0028 0.0738 -0.0204 0.0369 -0.0064 -0.0132 0.0129 -0.0314 0.1535 -0.0162 0.1700 0.0653
-0.0236 0.5349 0.3396 0.2666 0.1379 -0.0701 0.4425 -0.0032 -0.0233 0.0109 0.1976 -0.0194 0.1283 -0.0043 0.1454 0.1125 -0.0557 0.2279 0.2309 0.4403 0.4330 0.1388 0.1479 0.0582 0.0362 0.1122 0.1027 0.5642 0.5967 0.0247 0.0217 0.1226 0.0450 0.1850 0.0534 0.0071 0.0174 -0.0058 0.0610 0.0544 0.1036 0.1830 0.0537 0.0157 0.1033 0.0002 0.1120 0.0020 0.1060 0.4563 1.0000 0.7168 0.3455 0.6449 0.0940 0.1605 0.0975 0.2585 0.7042 0.6279 0.0066 0.0026 0.0556 0.0296 0.0539 0.0481 -0.0091 -0.0118 0.0933 -0.0653 0.1384 -0.0724 0.0950 -0.0119
-0.0076 0.4795 0.2276 0.2171 0.1091 -0.2502 0.4851 0.0516 0.0419 0.0611 0.1392 -0.0128 0.0572 0.0413 0.0963 0.1318 -0.0319 0.2022 0.2134 0.4597 0.5005 0.1207 0.1356 0.0624 0.0403 0.0259 0.0243 0.4271 0.4692 0.0127 0.0460 0.1123 0.0621 0.1280 0.0962 0.0485 0.0290 -0.0271 0.0732 0.0642 0.0318 0.0851 0.0350 0.0461 0.1333 0.0262 0.1062 -0.0051 0.0433 0.3260 0.7168 1.0000 0.0780 0.5175 0.0576 0.0045 -0.0553 0.1578 0.4671 0.5038 0.0035 0.0039 0.0562 0.0388 0.0443 0.0630 -0.0198 -0.0176 0.0992 -0.0500 0.1028 -0.0127 0.1216 0.0396
0.3136 0.2991 0.2376 0.2765 0.2177 0.3789 0.2625 -0.0041 0.0084 0.1696 0.2038 0.1222 0.1391 -0.0253 0.1801 0.1240 0.0495 0.0804 0.0783 0.2481 0.1752 0.1242 0.1270 0.0812 0.1095 0.2178 0.2157 0.4238 0.3332 0.1458 0.0851 0.0403 -0.0020 0.1981 0.0178 -0.0316 0.1299 0.1311 0.0192 -0.0158 0.2137 0.2854 0.0711 0.0335 0.0260 -0.0056 0.0827 -0.0004 0.4749 0.3913 0.3455 0.0780 1.0000 0.3612 0.2818 0.3261 0.3558 0.2874 0.3828 0.2681 0.0239 0.0144 0.0657 0.0424 0.0594 0.0366 -0.0098 -0.0289 0.0772 0.0352 0.1542 0.0241 0.1317 -0.0020
-0.0337 0.5799 0.1254 0.3119 0.2116 -0.1432 0.4811 0.0577 0.0643 -0.0134 0.2412 -0.0889 0.1413 0.0635 0.1998 0.0971 -0.0523 0.0779 0.0548 0.3606 0.3605 0.1277 0.1461 0.0571 0.0584 0.0998 0.0827 0.7715 0.7880 0.0290 0.0068 0.1223 0.0420 0.1751 -0.0186 -0.0154 -0.0578 0.0027 -0.0123 0.0203 0.0070 0.1782 -0.0179 -0.0148 -0.0178 -0.0762 0.0430 0.0023 0.0904 0.5921 0.6449 0.5175 0.3612 1.0000 0.0493 0.2971 0.1172 0.4438 0.5174 0.5747 0.0282 0.0371 0.0351 0.0555 0.0181 0.0438 0.0084 0.0038 0.0402 -0.0470 0.0769 -0.0727 0.0274 0.0162
0.1679 0.1696 -0.1187 0.0032 0.1131 0.0184 0.3602 -0.0499 -0.0407 0.0983 0.3388 -0.1026 0.3884 -0.0764 0.1299 0.3845 0.0457 -0.0040 0.0121 -0.1184 -0.1354 0.1020 0.1146 0.1081 0.1208 0.1618 0.2460 0.0018 -0.0189 0.0721 -0.0240 -0.0257 0.0151 0.0682 0.0566 0.0016 0.0584 0.0358 0.0807 0.0662 0.0292 -0.0192 -0.0315 -0.0723 0.1724 0.1410 0.1538 0.0907 0.4682 0.2885 0.0940 0.0576 0.2818 0.0493 1.0000 0.4081 0.3312 0.2118 0.2703 0.2769 0.1419 0.0966 0.0628 0.0667 0.0309 0.0781 -0.1059 -0.1426 0.1274 -0.0584 0.2957 0.0041 0.2046 0.0003
0.1502 0.2826 -0.1005 0.1475 0.2277 0.1762 0.3167 -0.0233 -0.0087 0.0324 0.3491 -0.1093 0.3496 -0.0067 0.2233 0.1927 0.2376 0.0261 0.0189 -0.1248 -0.1566 0.1967 0.1832 0.0083 0.1202 0.3087 0.3903 0.2830 0.3229 0.4862 0.2985 -0.0133 -0.0175 0.1523 -0.0086 -0.0428 0.3189 0.4406 -0.0467 -0.0489 0.3349 0.5080 0.1395 0.2122 -0.0129 -0.0836 0.0220 -0.0658 0.2029 0.5950 0.1605 0.0045 0.3261 0.2971 0.4081 1.0000 0.5806 0.7910 0.5032 0.5361 0.1134 0.1114 -0.0289 0.0119 -0.0184 0.0135 0.0177 -0.0223 0.0698 0.0125 0.1992 0.0719 0.1526 0.0030
0.1079 0.0713 -0.0302 -0.0116 0.1385 0.3835 0.1201 -0.0284 -0.0199 0.0509 0.1026 0.1110 0.1567 -0.0272 0.1917 0.1700 0.1293 -0.0524 -0.0392 -0.1416 -0.1899 0.1258 0.0972 -0.0247 0.0940 0.1257 0.1588 0.1455 0.1572 0.5852 0.3709 -0.0138 -0.1060 0.1176 0.0213 -0.0324 0.5306 0.5377 -0.0811 -0.1036 0.5615 0.4970 0.2753 0.2478 -0.0566 -0.0904 0.0205 -0.0837 0.1240 0.2247 0.0975 -0.0553 0.3558 0.1172 0.3312 0.5806 1.0000 0.6220 0.4544 0.4351 -0.0518 -0.0609 -0.0346 -0.0394 0.0388 0.0348 -0.0241 -0.0897 0.1261 -0.0302 0.2755 0.1005 0.2255 0.0263
0.0579 0.2424 -0.1579 0.1229 0.1484 0.0527 0.3816 -0.0420 -0.0085 0.0078 0.2556 -0.1263 0.2895 -0.0154 0.2077 0.2250 0.0980 -0.0050 -0.0366 -0.0711 -0.0919 0.1185 0.1018 0.0015 0.0759 0.1328 0.2072 0.3934 0.4316 0.5721 0.3747 -0.0104 -0.0800 0.1384 -0.0160 -0.0350 0.3604 0.4835 -0.1183 -0.1137 0.3903 0.5907 0.1299 0.2323 -0.1335 -0.1867 -0.0712 -0.1310 0.1477 0.4210 0.2585 0.1578 0.2874 0.4438 0.2118 0.7910 0.6220 1.0000 0.5836 0.6687 -0.0098 -0.0148 0.0172 0.0084 0.0468 0.0379 0.0327 -0.0361 0.1290 0.0102 0.2243 0.1015 0.1388 -0.0048
0.1207 0.3980 0.2372 0.1481 0.2172 0.1875 0.3540 0.1070 0.0644 0.0441 0.2597 0.0145 0.1878 0.1394 0.1654 0.2205 0.0498 0.1239 0.1212 0.1954 0.1823 0.1645 0.1835 0.0729 0.1232 0.1497 0.1735 0.4906 0.5441 0.4749 0.3539 0.1108 0.0918 0.2026 0.2228 0.1440 0.3638 0.3619 0.1151 0.1189 0.4174 0.5026 0.3154 0.2878 0.1347 0.0422 0.1242 0.0345 0.2608 0.4830 0.7042 0.4671 0.3828 0.5174 0.2703 0.5032 0.4544 0.5836 1.0000 0.9077 0.0390 0.0268 0.0576 0.0736 0.0474 0.0715 0.1193 0.0769 0.1713 0.0785 0.2298 0.1879 0.2229 0.1727
0.0447 0.4319 0.1391 0.1419 0.2368 0.0429 0.4715 0.1222 0.0392 0.0334 0.2935 -0.0287 0.2042 0.1513 0.1520 0.2535 0.0721 0.0987 0.1021 0.1802 0.1783 0.2024 0.2064 0.0862 0.1159 0.1433 0.1807 0.5340 0.6065 0.4694 0.3860 0.1041 0.1102 0.1934 0.1975 0.1365 0.4031 0.4424 0.0911 0.1211 0.4126 0.5583 0.2832 0.3131 0.1458 0.0374 0.1361 0.0419 0.2013 0.4948 0.6279 0.5038 0.2681 0.5747 0.2769 0.5361 0.4351 0.6687 0.9077 1.0000 0.0315 0.0157 0.0603 0.0773 0.0603 0.0984 0.1106 0.0817 0.1574 0.0766 0.2139 0.1968 0.2120 0.1626
0.1439 0.1683 0.2112 0.1987 0.2948 0.1371 0.0643 0.1578 0.0389 0.0490 0.4925 0.1863 0.3637 0.2507 0.0452 0.3130 0.5174 0.1838 0.1234 0.1995 0.2827 0.1649 0.2207 0.4849 0.3540 0.3627 0.3431 0.0162 0.0340 0.1812 0.3044 0.1152 0.2026 0.1072 -0.0152 -0.0414 -0.0179 -0.0369 0.0605 0.0720 -0.0793 -0.1425 0.1341 0.1000 0.1168 0.0434 0.0504 0.0518 0.0891 0.1949 0.0066 0.0035 0.0239 0.0282 0.1419 0.1134 -0.0518 -0.0098 0.0390 0.0315 1.0000 0.8969 0.3849 0.4529 0.0497 0.1697 0.4316 0.4503 0.0280 0.3095 -0.1692 0.1811 -0.0943 -0.0129
0.1539 0.1715 0.2236 0.1996 0.3521 0.1753 0.0417 0.1827 0.0816 0.0516 0.5511 0.1971 0.4232 0.2459 0.0836 0.4245 0.4931 0.1724 0.1141 0.2234 0.3070 0.1599 0.2319 0.5618 0.4408 0.3515 0.2977 0.0132 0.0414 0.2110 0.2993 0.1209 0.1565 0.1423 -0.0454 -0.0544 -0.0173 -0.0894 0.0235 0.0496 -0.0401 -0.1269 0.1284 0.0568 0.1059 0.0483 0.0746 0.0637 0.1023 0.1994 0.0026 0.0039 0.0144 0.0371 0.0966 0.1114 -0.0609 -0.0148 0.0268 0.0157 0.8969 1.0000 0.4387 0.5076 0.0316 0.1498 0.4067 0.3423 0.1712 0.2511 -0.0619 0.1504 -0.0665 -0.0454
0.0678 0.0315 0.1764 0.0991 0.1877 0.0880 -0.0423 -0.0910 -0.2451 0.1297 0.2663 0.1795 0.2100 0.0954 0.1543 0.3995 0.2179 0.1033 0.0669 0.1594 0.2351 0.3104 0.3667 0.8803 0.5842 0.1700 0.0703 0.0219 0.0078 0.2198 0.3158 0.1671 0.0589 0.1320 -0.2162 -0.2054 -0.1151 -0.1789 -0.0425 -0.0087 -0.0877 -0.1038 -0.0920 -0.1070 0.0298 -0.0165 0.0181 0.0238 0.0955 0.0028 0.0556 0.0562 0.0657 0.0351 0.0628 -0.0289 -0.0346 0.0172 0.0576 0.0603 0.3849 0.4387 1.0000 0.8005 0.7638 0.7016 0.4026 0.1851 0.5889 0.2592 0.0154 0.1851 -0.1763 -0.2577
0.0999 0.0834 0.1694 0.1299 0.3081 0.0412 -0.0203 0.0265 -0.0799 0.1317 0.3114 0.2184 0.2124 0.1982 0.2771 0.3310 0.3366 0.1375 0.1102 0.1672 0.2445 0.3118 0.3901 0.7499 0.7779 0.1816 0.0823 0.0425 0.0443 0.2215 0.3170 0.2377 0.2213 0.0896 -0.0448 -0.0450 -0.0593 -0.1117 0.0790 0.1271 -0.0457 -0.1150 0.0514 0.0231 0.1208 0.0906 0.0742 0.1152 0.0931 0.0738 0.0296 0.0388 0.0424 0.0555 0.0667 0.0119 -0.0394 0.0084 0.0736 0.0773 0.4529 0.5076 0.8005 1.0000 0.5704 0.7760 0.5083 0.3919 0.5947 0.3923 0.0602 0.2697 -0.0439 -0.0648
0.0167 -0.0196 0.0576 0.0021 0.0632 0.0436 -0.0457 -0.2957 -0.4262 -0.0294 0.0681 0.0081 0.0801 -0.1178 0.2116 0.1466 0.0888 0.0294 0.0155 0.0284 0.0611 0.3641 0.3299 0.5857 0.4255 0.0711 0.0090 0.0074 -0.0127 0.1560 0.2125 0.0274 -0.1103 0.0827 -0.2622 -0.2743 -0.0167 -0.0497 -0.1215 -0.0921 -0.0310 -0.0396 -0.1830 -0.1482 -0.0391 -0.0751 -0.0447 -0.0533 0.0633 -0.0204 0.0539 0.0443 0.0594 0.0181 0.0309 -0.0184 0.0388 0.0468 0.0474 0.0603 0.0497 0.0316 0.7638 0.5704 1.0000 0.8592 0.2248 0.0581 0.4098 0.1084 0.0709 0.1367 -0.1274 -0.3026
0.0530 0.0246 0.0766 0.0516 0.2085 0.0280 -0.0228 -0.1500 -0.2818 0.0200 0.1237 0.0772 0.1045 0.0200 0.3093 0.1694 0.1647 0.0764 0.0727 0.0621 0.1105 0.4064 0.4236 0.5782 0.5868 0.0934 0.0228 0.0269 0.0170 0.1682 0.2462 0.1117 0.0513 0.0823 -0.1257 -0.1508 0.0303 -0.0137 -0.0104 0.0355 0.0113 -0.0433 -0.0651 -0.0379 0.0776 0.0200 0.0221 0.0252 0.0768 0.0369 0.0481 0.0630 0.0366 0.0438 0.0781 0.0135 0.0348 0.0379 0.0715 0.0984 0.1697 0.1498 0.7016 0.7760 0.8592 1.0000 0.3115 0.2104 0.4454 0.1809 0.0764 0.1744 -0.0364 -0.1602
0.0611 -0.0331 0.1330 0.0319 0.2077 0.0693 -0.1374 0.2753 0.0652 0.1928 -0.0633 0.4436 -0.2145 0.4547 -0.0207 0.0121 0.3829 0.0903 0.0436 0.0742 0.1352 0.0337 0.0948 0.4509 0.4224 0.1100 0.0592 0.0249 0.0309 0.3916 0.5025 0.3268 0.3246 0.0780 0.1967 0.1997 0.1966 0.1997 0.1381 0.1885 0.0495 -0.0009 0.3805 0.3909 0.1053 0.0968 0.0827 0.1270 -0.0584 -0.0064 -0.0091 -0.0198 -0.0098 0.0084 -0.1059 0.0177 -0.0241 0.0327 0.1193 0.1106 0.4316 0.4067 0.4026 0.5083 0.2248 0.3115 1.0000 0.8692 0.2337 0.7890 -0.3013 0.7373 -0.0666 0.2775
0.0546 0.0042 0.1403 0.0790 0.2108 0.0245 -0.1123 0.2832 0.1232 0.1720 -0.1406 0.4214 -0.3055 0.4048 -0.0854 -0.1841 0.3247 0.1348 0.1058 0.0722 0.1349 -0.0409 0.0177 0.2064 0.2587 0.0880 0.0464 0.0226 0.0390 0.2980 0.4458 0.2654 0.3724 0.0469 0.2301 0.2597 0.1982 0.2232 0.1279 0.1819 0.0261 -0.0091 0.3603 0.3779 0.1160 0.1084 0.0826 0.1262 -0.0899 -0.0132 -0.0118 -0.0176 -0.0289 0.0038 -0.1426 -0.0223 -0.0897 -0.0361 0.0769 0.0817 0.4503 0.3423 0.1851 0.3919 0.0581 0.2104 0.8692 1.0000 -0.0699 0.7600 -0.4648 0.6611 -0.1105 0.3178
0.0221 -0.0023 0.0647 -0.0030 0.1239 0.0705 0.0727 0.0113 -0.0804 0.2183 0.2560 0.1659 0.3203 0.0941 0.2538 0.5623 0.2153 0.0001 -0.0189 0.0761 0.1200 0.2545 0.2859 0.6390 0.6446 0.0373 0.0438 0.0099 0.0118 0.2108 0.1591 0.1381 0.0687 0.0694 0.0015 -0.0371 -0.0117 -0.0407 0.0718 0.1059 0.0507 0.0427 0.0060 -0.0442 0.1508 0.0753 0.0846 0.0921 0.1004 0.0129 0.0933 0.0992 0.0772 0.0402 0.1274 0.0698 0.1261 0.1290 0.1713 0.1574 0.0280 0.1712 0.5889 0.5947 0.4098 0.4454 0.2337 -0.0699 1.0000 0.2077 0.5237 0.1873 0.1455 -0.0681
0.0852 -0.0366 0.1159 0.0015 0.1728 0.0931 -0.1031 0.2251 0.0981 0.2788 -0.1003 0.5385 -0.2790 0.2390 0.0173 -0.0445 0.5257 0.0599 0.0144 0.0288 0.0793 -0.0386 0.0193 0.3433 0.4482 0.0760 0.0720 -0.0167 -0.0089 0.3466 0.4388 0.1582 0.1947 0.0313 0.1682 0.1929 0.2364 0.2563 0.0366 0.0895 0.0454 -0.0041 0.2356 0.2902 0.0985 0.0803 0.0563 0.0891 -0.0046 -0.0314 -0.0653 -0.0500 0.0352 -0.0470 -0.0584 0.0125 -0.0302 0.0102 0.0785 0.0766 0.3095 0.2511 0.2592 0.3923 0.1084 0.1809 0.7890 0.7600 0.2077 1.0000 -0.2001 0.7686 0.0618 0.2342
0.1164 0.1177 0.0068 0.0169 0.0145 0.1530 0.2652 -0.0246 0.1650 0.1011 0.3107 -0.0898 0.5007 -0.0229 0.4335 0.5142 0.0808 -0.0073 -0.0020 0.0530 0.0034 0.1875 0.0994 0.1621 0.3543 -0.0329 0.0545 0.0546 0.0805 -0.0208 -0.2234 -0.0008 -0.1348 0.1319 0.1279 0.0473 0.1027 0.0695 0.0851 0.0591 0.1753 0.1623 -0.0782 -0.1530 0.1475 0.0728 0.1252 0.0364 0.2528 0.1535 0.1384 0.1028 0.1542 0.0769 0.2957 0.1992 0.2755 0.2243 0.2298 0.2139 -0.1692 -0.0619 0.0154 0.0602 0.0709 0.0764 -0.3013 -0.4648 0.5237 -0.2001 1.0000 -0.0313 0.5992 0.0803
0.1652 -0.0445 0.0356 -0.0637 0.1150 0.1529 -0.0799 0.3330 0.2146 0.1751 -0.0659 0.4272 -0.2145 0.4330 0.0394 0.0724 0.4277 0.0505 0.0238 -0.0295 0.0053 -0.0946 -0.0917 0.2835 0.3854 -0.1013 -0.0695 -0.0382 -0.0352 0.4549 0.4910 0.2649 0.2468 0.0534 0.4260 0.4188 0.4112 0.4020 0.1719 0.2029 0.1781 0.1301 0.4205 0.3946 0.1410 0.1366 0.1383 0.1352 0.0807 -0.0162 -0.0724 -0.0127 0.0241 -0.0727 0.0041 0.0719 0.1005 0.1015 0.1879 0.1968 0.1811 0.1504 0.1851 0.2697 0.1367 0.1744 0.7373 0.6611 0.1873 0.7686 -0.0313 1.0000 0.2547 0.5636
0.1857 0.1402 0.0731 0.0742 0.1027 0.1572 0.2141 0.2056 0.3846 0.1860 0.1291 0.1938 0.1596 0.1210 0.4613 0.2017 0.1467 0.0469 0.0827 0.0916 0.0703 0.0211 -0.0463 0.0205 0.2842 0.0299 0.1035 0.0452 0.0641 0.1407 0.0551 0.0704 0.0224 0.1902 0.3727 0.2851 0.3597 0.3019 0.1716 0.1146 0.2858 0.2362 0.2090 0.1649 0.3245 0.2021 0.2552 0.1199 0.1805 0.1700 0.0950 0.1216 0.1317 0.0274 0.2046 0.1526 0.2255 0.1388 0.2229 0.2120 -0.0943 -0.0665 -0.1763 -0.0439 -0.1274 -0.0364 -0.0666 -0.1105 0.1455 0.0618 0.5992 0.2547 1.0000 0.3961
0.2002 0.0350 0.0282 0.0400 -0.0400 0.1011 -0.0166 0.5305 0.6261 0.0633 -0.0676 0.1721 -0.1386 0.5546 0.0523 -0.0107 0.0780 0.0991 0.1218 0.0216 0.0487 -0.2633 -0.2497 -0.1264 0.0809 -0.1668 -0.1125 0.0148 0.0163 0.1440 0.1474 0.4038 0.4083 -0.0001 0.8007 0.7657 0.3006 0.3194 0.4982 0.4645 0.2368 0.1941 0.6167 0.5262 0.2004 0.2332 0.2745 0.2524 0.0768 0.0653 -0.0119 0.0396 -0.0020 0.0162 0.0003 0.0030 0.0263 -0.0048 0.1727 0.1626 -0.0129 -0.0454 -0.2577 -0.0648 -0.3026 -0.1602 0.2775 0.3178 -0.0681 0.2342 0.0803 0.5636 0.3961 1.0000
